68 2
117.833481 150.701904 
119.739227 165.405579 
122.091888 178.905716 
123.588165 192.704544 
126.992592 205.944702 
135.205475 216.171387 
147.563141 223.011154 
162.976471 225.819153 
180.686691 225.020645 
197.363007 224.090881 
211.717560 220.688797 
223.131256 213.750137 
230.122635 203.065826 
233.068329 189.467606 
234.671143 175.394058 
236.395828 161.507767 
237.777100 148.137253 
122.537666 127.725586 
127.545639 114.043526 
139.608704 106.701378 
153.730804 104.689362 
167.164322 107.513931 
183.476074 105.500908 
196.999985 102.409042 
210.841599 104.038361 
223.532700 110.604904 
231.435852 121.908340 
176.093994 118.734970 
176.386322 125.116158 
176.574646 131.359070 
176.719742 138.297745 
166.437744 155.635925 
172.165695 155.016663 
177.492233 154.835922 
183.073807 154.869400 
188.895432 155.374557 
137.869080 129.845230 
144.208298 122.860352 
152.839783 122.010773 
160.654938 128.334778 
153.370758 130.007339 
145.014526 130.940628 
192.533951 127.124512 
200.205460 120.056992 
208.804550 120.418121 
215.910294 126.605988 
209.577316 128.174011 
201.254639 128.267273 
153.387878 186.212997 
162.117249 176.598221 
170.863953 171.223785 
177.256424 172.179749 
184.013351 170.669998 
193.993179 175.934067 
203.289459 184.826721 
194.194473 184.139145 
185.628815 183.426163 
178.800064 183.338806 
172.277100 183.845230 
163.175690 185.014954 
157.591019 183.878357 
171.326431 177.869843 
177.647797 177.749725 
184.409988 177.307938 
198.937195 182.805923 
184.770874 177.167847 
177.891953 177.152405 
171.522644 177.905090 
