68 2
133.876877 138.686035 
134.007568 152.162170 
135.142517 165.888351 
137.055603 179.225616 
141.067078 192.473694 
147.426819 203.841476 
155.673157 213.963898 
165.557159 221.685287 
178.018631 223.306900 
190.129669 221.434143 
200.523148 214.299072 
208.933884 205.189621 
216.113174 194.174667 
221.155807 181.760010 
223.798477 169.537292 
225.581421 156.930435 
227.016968 144.351868 
140.151184 133.257599 
146.577194 128.556717 
154.957825 128.339478 
163.541504 130.740128 
171.667236 134.641541 
192.100662 135.422150 
199.954025 131.424484 
208.570831 129.539856 
216.967789 130.718689 
222.058945 136.702545 
181.320251 143.898239 
180.939041 154.617508 
180.667542 165.476868 
180.275970 176.293900 
168.800812 175.573608 
173.710693 179.221649 
179.547531 182.004990 
185.713440 179.615433 
190.713730 176.298950 
150.782349 141.320297 
156.302490 138.844452 
162.805115 139.365585 
167.590744 143.464188 
161.827820 145.057556 
155.419495 144.608948 
194.697052 145.086914 
200.703308 141.209656 
206.777802 141.243500 
211.180832 144.052948 
206.936981 147.148987 
200.855164 147.057098 
158.893829 190.729797 
167.069855 190.777512 
173.963287 190.798523 
178.468567 192.304794 
183.904526 191.261963 
190.404495 191.830292 
197.679932 191.762238 
190.522461 195.869308 
183.613998 197.676193 
177.951843 197.913818 
172.941498 197.156113 
166.464157 195.092239 
162.136688 191.440979 
173.662231 193.482956 
178.382294 194.545090 
183.824402 193.843872 
194.244766 192.225937 
183.762634 192.365677 
178.186707 192.662109 
173.516647 191.965942 
