68 2
133.995483 89.928192 
134.361649 102.022980 
135.776794 113.601776 
137.379425 125.255211 
140.749924 136.412277 
146.463058 146.598404 
154.455505 155.050354 
163.368073 162.216339 
173.882080 164.637085 
184.451218 163.047302 
193.811798 157.460220 
202.034958 150.638107 
208.470474 141.730759 
212.966858 131.345413 
215.681076 120.150162 
218.579269 108.493370 
220.973267 96.568161 
140.804871 83.099030 
146.670517 78.255180 
154.485718 77.475250 
162.327774 79.386635 
169.195328 82.608109 
187.398972 83.348358 
194.949875 81.076019 
202.871490 80.766548 
209.948349 83.100769 
214.661240 88.479485 
177.913147 91.532280 
177.620895 98.588379 
177.304138 105.679398 
177.016632 113.072540 
167.858826 116.916733 
171.943207 118.867279 
176.243591 120.525909 
180.809601 119.582115 
185.044388 118.348755 
148.902527 91.228790 
153.639343 88.888336 
159.505264 89.176277 
164.500565 92.600449 
159.333679 93.613289 
153.535858 93.549103 
189.605988 94.378815 
195.281586 91.766861 
200.789825 92.301590 
205.206192 95.016197 
200.840057 96.790222 
195.226776 96.259346 
157.951981 131.892014 
164.656494 128.748077 
171.067245 127.788315 
175.088333 129.356506 
180.180847 128.809921 
186.339462 130.921326 
191.625595 134.809311 
185.767776 140.614288 
179.206223 142.524109 
173.909882 142.453064 
169.332825 141.468094 
163.327881 138.484253 
160.448151 132.230469 
170.709595 130.691589 
174.992188 131.699646 
180.243500 131.598831 
188.977859 134.764114 
179.660675 137.274414 
174.248474 137.494720 
169.863022 136.328888 
