68 2
144.421936 117.949760 
147.000641 135.562744 
151.366562 152.328979 
155.736145 168.724838 
162.249802 183.820175 
173.147568 196.659073 
187.552185 206.213379 
203.580505 213.065735 
219.848801 213.664673 
235.371826 209.149384 
249.127014 199.771378 
261.149078 189.611893 
269.267303 175.942322 
272.667816 160.260223 
274.597809 144.660751 
276.554321 128.420395 
277.347504 111.948105 
154.901779 104.085152 
164.134521 96.118370 
176.112183 93.448471 
188.991028 93.924370 
200.998032 97.165489 
223.193054 95.084724 
235.026443 90.255653 
247.189392 88.825157 
258.759155 90.903320 
267.490540 97.264740 
211.895325 106.345459 
212.425232 115.311806 
212.968979 124.515221 
213.593689 134.151306 
202.194214 147.474960 
208.225510 148.205994 
214.125168 149.247986 
219.970459 147.828995 
225.658691 146.863464 
168.363464 111.778984 
176.309128 105.691483 
186.552002 105.240273 
195.113342 111.805496 
186.517761 114.218140 
176.359482 115.029892 
229.535706 110.309814 
237.121155 101.541290 
247.443787 101.197105 
255.300919 106.564026 
248.805725 110.673470 
238.884354 111.544716 
189.429871 173.776886 
199.595032 166.280396 
209.451767 161.771896 
215.068054 163.214020 
221.431229 161.295807 
231.565704 165.004974 
241.467224 170.522446 
232.584900 179.416672 
223.515457 183.383057 
216.395630 184.575668 
209.974335 184.153580 
199.738647 181.008759 
193.787720 173.076752 
209.973236 167.471100 
215.434357 167.369904 
221.913635 166.855881 
236.458359 170.947922 
222.449844 174.828918 
215.816818 175.972565 
210.126953 175.598679 
