68 2
152.814880 96.813156 
155.346741 109.981552 
159.100723 122.199043 
163.625809 134.066391 
168.969299 145.262604 
177.021332 154.615738 
188.489975 160.731995 
202.036575 163.712585 
216.175629 163.139389 
229.809082 159.384537 
241.984375 153.430481 
251.821609 145.363251 
258.659424 135.512405 
262.370453 123.838554 
263.815033 111.298950 
264.085236 98.423271 
263.278442 85.514191 
158.157700 72.944366 
164.732849 65.512001 
174.065002 61.862869 
184.548203 60.799961 
194.840714 62.641155 
210.673660 59.989590 
220.412659 56.221897 
230.891907 55.827644 
240.830948 57.877239 
249.245255 63.095100 
203.493088 72.682678 
203.773941 77.966225 
203.857086 83.180023 
204.020874 88.775726 
197.526474 103.110931 
202.080917 103.184807 
206.650452 102.993088 
211.289520 101.903709 
215.766525 100.711975 
170.876114 83.711548 
176.438141 78.785736 
183.814163 77.366867 
190.792740 80.541626 
184.839172 83.204498 
177.571747 84.632851 
220.061081 77.069748 
226.576340 72.546661 
233.682724 72.421547 
240.069611 76.070229 
234.426102 78.229370 
227.210449 78.475723 
192.330292 129.954254 
197.347870 120.481850 
203.423645 114.431274 
208.243820 114.687080 
213.057861 113.573326 
221.364243 118.145561 
229.582489 125.434395 
222.809769 129.966507 
215.683777 132.002777 
210.700302 133.075851 
205.774704 133.467987 
199.214996 132.785599 
195.947998 128.468582 
204.683655 121.232040 
209.307297 120.122528 
214.304581 120.278770 
225.984314 125.022614 
214.415054 125.516327 
209.369827 126.433563 
204.902451 126.882965 
