68 2
127.584991 95.779243 
128.745392 116.749840 
132.130920 136.744568 
136.764023 156.352386 
144.057953 175.114471 
154.888916 191.977020 
168.838791 205.942352 
184.426407 216.736298 
202.864426 219.812088 
221.858261 216.459976 
239.224503 205.711182 
253.953018 191.631729 
264.825836 174.407135 
271.851929 155.478882 
275.682678 135.617767 
278.619385 115.675468 
280.077423 95.136444 
137.184357 83.036438 
146.499023 74.005127 
160.115479 71.772606 
173.811218 75.022308 
186.231735 80.641075 
211.530197 79.419159 
226.032059 73.824409 
240.227127 70.615273 
254.666046 72.157578 
265.490997 79.636642 
200.335312 98.631332 
200.128098 112.094513 
199.816513 125.484772 
199.507309 139.159729 
184.610779 148.219299 
192.439575 150.624268 
200.666504 152.707275 
208.658447 150.209061 
216.221542 148.001160 
154.492966 100.883476 
163.430237 96.741592 
173.781189 97.205170 
182.644257 103.445892 
173.125168 105.418350 
162.905106 105.048843 
220.528351 103.342400 
229.569824 96.658997 
239.755310 96.234566 
248.142639 100.283089 
240.830780 104.425499 
230.745422 104.982613 
170.882248 169.118881 
183.248779 167.334930 
194.543350 165.826630 
201.863663 167.752167 
209.932190 166.052170 
222.021606 167.572327 
234.906143 168.411285 
223.109299 181.789307 
211.587585 187.931366 
202.535034 189.457703 
194.160095 188.531662 
182.639893 182.724915 
175.186172 170.553741 
194.368332 170.922989 
202.003235 171.671082 
210.393204 170.700333 
230.751984 169.896729 
210.802765 178.834763 
201.857651 179.689011 
193.917892 178.873962 
