68 2
120.724892 109.333961 
121.087227 128.340668 
123.187782 146.666916 
125.887489 164.470963 
130.608047 181.409180 
138.871796 196.047028 
150.818909 208.801865 
164.566803 219.029755 
181.365997 222.194122 
197.664261 220.310181 
210.539734 210.304626 
221.289978 197.977554 
229.080917 183.629456 
233.667313 167.402008 
237.143127 151.729034 
240.981796 134.799042 
242.987900 117.608398 
131.671280 95.006348 
139.696152 87.452599 
150.915359 85.548294 
162.705063 87.377602 
172.792206 92.992104 
202.758804 94.506271 
213.060120 90.431297 
223.737198 90.317139 
233.446182 94.335419 
238.162521 102.728462 
186.857040 112.378395 
186.138214 125.035751 
185.389374 137.443787 
184.731003 150.081467 
172.161438 155.701401 
177.981995 158.757874 
184.067886 161.182266 
190.311066 159.693268 
195.736069 157.415955 
144.808884 110.748322 
152.108002 106.116035 
161.342102 107.015251 
168.406052 113.097656 
160.570618 115.200615 
151.571472 114.918243 
202.363953 115.416245 
210.547699 110.336388 
219.228607 110.952293 
225.076050 116.041840 
219.109558 119.286362 
210.620483 118.538849 
163.062698 182.641922 
171.324890 178.515167 
177.777649 176.724350 
183.643341 178.915985 
190.622345 177.728256 
197.052673 180.549515 
202.022690 184.577530 
196.815048 189.661499 
190.283142 193.261108 
182.995819 194.420975 
176.464661 192.762756 
170.400269 189.178467 
166.978470 183.216003 
177.345184 182.477859 
183.599792 183.660309 
190.800552 183.184052 
198.832703 184.462540 
190.767273 183.062241 
183.489716 184.483704 
177.168121 182.659470 
