68 2
139.969330 112.274391 
140.281586 125.173325 
141.462662 137.956726 
143.706497 150.420212 
147.605896 162.102509 
155.485107 172.227615 
166.110809 179.566452 
177.057449 184.764053 
189.385376 186.079559 
201.987183 183.950104 
213.066406 177.584656 
222.651871 169.131195 
229.487381 159.036423 
233.889755 147.789215 
236.687637 135.848099 
237.852951 123.343155 
238.748993 110.589653 
149.239853 95.370201 
155.561005 89.422478 
163.830887 87.314606 
172.447891 88.732597 
179.637070 92.309799 
201.754822 91.871902 
209.568466 88.879135 
217.554947 88.295601 
224.921814 91.050026 
229.552551 97.040146 
190.536194 105.018761 
190.373230 111.509491 
190.325684 117.862900 
190.215088 124.424911 
180.608749 131.834915 
185.280090 132.731949 
189.892212 133.557266 
194.478439 132.821472 
198.811981 132.517471 
160.407898 108.620819 
165.405075 106.586411 
170.512909 106.553375 
175.452850 108.262978 
170.477600 109.207939 
165.421051 109.377602 
203.275223 108.196808 
207.837967 106.382149 
212.759018 106.847694 
217.265594 108.556885 
212.743713 109.268227 
207.805527 109.098969 
172.515259 152.132797 
178.134705 145.502594 
184.530731 142.629440 
189.275589 143.667160 
194.661926 143.265991 
201.338058 146.724335 
207.091553 152.883911 
201.147400 160.112793 
194.472046 162.895462 
188.763702 163.174377 
183.528290 162.335648 
177.420883 158.936417 
175.728943 151.809708 
184.542770 146.792053 
189.258789 147.123550 
194.520905 147.301453 
203.994614 152.554993 
194.479355 156.330460 
188.954697 156.509186 
184.192886 155.792847 
