68 2
121.927040 73.908379 
122.976967 86.643158 
125.018173 99.124115 
126.922012 111.486603 
130.462036 123.102577 
137.096085 133.015350 
145.588226 141.671432 
155.201355 149.244186 
167.403107 151.773911 
179.491516 150.424286 
190.096970 143.014343 
199.487473 134.163742 
206.472061 123.752930 
210.259125 112.113525 
212.536194 99.839317 
214.575211 88.176346 
215.982269 76.076546 
129.346420 67.235130 
134.578339 60.293953 
143.166656 57.506496 
152.023270 59.153557 
160.246613 62.597160 
181.238647 64.543007 
189.512024 61.710224 
197.749741 61.193752 
205.397446 64.124039 
210.329132 70.139648 
171.077698 73.893333 
171.091965 82.349762 
171.088638 90.543274 
171.151993 99.194687 
160.456680 104.843559 
165.306595 106.528496 
170.590500 108.181229 
175.427750 106.922180 
179.909805 105.820587 
138.968323 74.850655 
144.634750 72.317001 
151.219345 72.453094 
156.709991 76.154282 
150.721161 77.215218 
144.190033 77.308357 
183.953766 77.819305 
190.291809 74.670967 
196.660706 75.161102 
201.384583 78.092262 
196.518494 79.836250 
190.287613 79.279694 
150.828186 120.402657 
159.255890 118.776001 
165.882736 117.872520 
170.340698 119.756973 
175.210098 118.479507 
181.147232 120.061821 
186.932907 121.577545 
180.870361 128.107498 
174.654327 130.774460 
169.390488 131.516983 
164.531937 130.816147 
157.983414 128.140030 
153.889923 121.176109 
165.604645 122.162773 
170.042877 123.358047 
175.012390 122.686020 
184.121613 122.073326 
174.805603 123.777328 
169.654175 124.609779 
165.221436 123.664703 
