68 2
128.118134 86.022125 
127.692787 102.166260 
128.258118 117.868935 
129.912445 133.672714 
134.207306 148.516617 
141.629608 161.301208 
151.970596 172.194595 
163.450577 180.822556 
177.801529 183.278763 
192.904617 181.755280 
207.111038 174.917694 
220.517136 166.769852 
231.329239 155.610168 
238.318985 141.139877 
242.076981 125.499718 
244.155548 108.782127 
246.282196 91.648544 
134.309143 77.640022 
141.557831 70.212791 
152.731949 68.593765 
163.908356 70.725815 
174.445267 74.657890 
190.246033 74.518158 
202.124252 70.845009 
214.623154 69.484375 
226.815323 72.691559 
234.759064 81.406609 
182.051102 85.077980 
181.287094 96.047401 
180.524582 106.897438 
179.696075 118.015099 
167.983673 123.406464 
173.267197 125.723320 
179.050354 127.652573 
185.746979 126.097710 
191.915283 124.415802 
146.190857 86.197548 
152.899292 82.617188 
160.600998 83.283325 
166.687317 88.375130 
159.712662 89.801888 
151.995270 89.400742 
198.941711 89.397713 
206.298523 84.623062 
214.330017 85.019936 
220.392029 88.956619 
214.353577 91.779572 
206.462326 91.340508 
159.215881 145.108032 
165.693298 140.744110 
172.732513 138.978302 
177.702850 140.579712 
183.782394 139.481140 
191.999100 142.306580 
199.945755 147.004211 
191.679138 154.786087 
183.278427 158.269714 
176.734726 158.878174 
171.056824 157.598709 
164.380341 153.286804 
162.734192 145.227142 
172.582703 142.666077 
177.611938 143.589584 
183.913177 143.179962 
196.682510 146.968506 
183.727158 150.511444 
177.287537 151.176544 
171.966965 150.001358 
