68 2
134.633316 138.584213 
134.444016 155.310822 
135.530319 172.345947 
137.570618 188.540497 
142.390289 203.630920 
150.976761 217.248840 
162.140060 228.777649 
174.787979 239.038498 
190.256699 242.142258 
205.587097 240.256271 
218.771103 232.134094 
231.077957 221.467209 
240.673416 208.714081 
247.520615 194.234726 
251.569641 178.609100 
253.713623 162.510681 
255.092850 145.906662 
141.385422 135.583527 
149.137665 127.974556 
161.192413 126.832779 
173.217911 129.251770 
184.360168 134.054428 
202.189285 133.910065 
214.164566 129.409760 
226.581467 128.083786 
238.339188 130.375168 
245.385910 138.735947 
193.588257 144.269592 
193.050095 155.987823 
192.503632 167.969147 
192.029633 179.932938 
179.034317 183.954086 
184.746216 186.551910 
190.773010 188.851624 
197.521072 187.053619 
203.532120 185.073273 
156.000229 143.938751 
162.530884 140.979340 
170.220001 141.370911 
176.266876 146.126923 
169.502960 147.687592 
161.742004 147.395523 
209.927139 147.131866 
217.130447 142.895752 
225.144562 143.023132 
231.051651 146.308792 
225.175766 149.408646 
217.531387 149.227753 
169.159790 204.376328 
177.364639 201.861053 
184.506027 200.672028 
188.827011 202.736420 
194.570358 201.178925 
202.509918 203.374939 
210.807999 206.455948 
202.538254 211.860947 
194.541367 214.278366 
188.792664 214.510040 
183.779953 213.758408 
176.785095 210.775803 
173.227982 204.774643 
184.270248 205.454102 
188.702850 206.420517 
194.480896 205.829666 
206.961105 206.512650 
194.614838 205.906250 
188.976532 206.363220 
184.308044 205.642227 
