68 2
140.724091 108.048065 
142.371353 120.598984 
144.766373 132.486877 
148.257568 144.500381 
154.041702 154.978714 
163.270416 163.282776 
175.331177 168.384476 
187.429169 171.697876 
199.895691 171.472839 
210.978912 168.633896 
219.597870 162.049545 
226.485275 154.434158 
231.056534 144.983887 
232.841446 134.215347 
233.357727 123.839439 
233.257706 112.743843 
232.394455 101.869179 
151.033401 93.155426 
156.783142 86.687874 
165.253586 83.176964 
174.505447 83.017784 
183.350998 85.070313 
202.746994 84.040298 
210.219467 81.330544 
217.844147 80.879990 
224.925888 83.321442 
229.087967 89.338402 
194.214020 93.840553 
195.087723 100.293388 
196.032349 106.527061 
196.989105 113.187492 
186.470840 120.593887 
191.234100 121.682236 
196.289261 122.383148 
200.921844 121.510529 
204.821381 120.328773 
162.606598 98.408661 
167.501923 94.601387 
173.491440 94.156586 
178.861053 97.391571 
173.733902 99.074982 
167.702087 99.786102 
204.543869 95.989960 
209.138214 91.737556 
215.002197 91.721283 
219.500870 94.581200 
215.597549 96.551605 
209.956360 96.776894 
180.310455 140.918594 
186.706253 136.408875 
192.724091 133.705612 
196.785492 134.743240 
201.061829 133.668396 
206.919052 136.217209 
212.657425 139.514313 
207.809814 144.808884 
202.469299 146.770935 
197.871735 147.134628 
193.328537 146.859451 
187.066833 145.325104 
183.449677 140.560364 
193.127747 137.862457 
197.054230 138.104309 
201.303741 137.617981 
209.758301 139.660370 
201.632507 140.150726 
197.338150 140.578354 
193.377716 140.303116 
