68 2
108.494957 59.853252 
110.013756 78.554825 
112.015091 97.561607 
117.065468 114.793266 
125.144012 131.096512 
136.257431 145.364639 
149.499023 157.418762 
163.286789 166.893692 
178.435303 169.118713 
193.363846 165.134506 
206.609695 153.932373 
218.902679 141.789703 
229.395645 128.117599 
237.044327 112.759613 
241.184143 96.206390 
243.778046 78.945465 
245.958176 60.615242 
122.987236 51.938564 
130.840851 43.159817 
142.458633 40.248550 
155.510498 40.725033 
167.089661 44.532402 
190.042694 45.014938 
201.679962 41.501511 
213.889175 40.899612 
225.210297 43.334515 
232.362656 50.265060 
178.952011 62.850220 
178.443298 75.609711 
178.080139 88.027336 
177.675476 100.786774 
162.611511 101.947662 
169.499893 105.855759 
177.298615 108.257164 
185.351944 105.915306 
192.410141 102.754852 
137.133728 64.481964 
144.040787 61.862961 
151.887939 61.942295 
159.023270 64.308929 
151.836945 66.506012 
144.009506 67.009712 
196.797272 64.638847 
204.297104 62.357929 
211.793045 63.160088 
218.102341 65.059868 
211.872437 67.285988 
204.315292 67.020782 
156.302338 121.591202 
164.756592 118.658356 
173.039505 117.422089 
178.602356 118.881607 
184.851135 118.229828 
193.949829 120.072968 
202.435791 122.769440 
193.854950 134.539612 
185.138000 139.822128 
178.232178 140.283142 
171.820862 139.171448 
163.645889 133.762451 
160.679382 121.393433 
172.953857 120.088081 
178.598846 121.484291 
184.592194 120.869965 
197.555817 122.750992 
184.707901 131.871399 
178.212311 132.456055 
172.068497 131.340729 
