68 2
112.042984 133.067322 
112.227959 147.082901 
114.021027 160.719223 
116.923042 174.152542 
120.953575 186.879578 
127.405846 198.202957 
136.201828 207.815948 
146.941391 214.224915 
159.771545 216.240372 
171.295395 214.534348 
181.267441 208.015366 
189.708603 199.562561 
195.433411 188.573700 
200.001083 176.964523 
203.970886 165.689148 
207.222626 153.918518 
208.817001 141.703934 
122.562172 121.447113 
130.450272 114.773033 
140.878128 112.523087 
151.586365 114.161919 
160.804794 118.893745 
171.892990 119.241241 
181.418915 116.883820 
191.013962 117.143173 
199.880203 120.790092 
204.678085 128.186798 
165.817276 130.418137 
165.541504 139.776382 
165.267227 148.736633 
164.976791 158.053986 
153.976959 165.178680 
158.505157 166.695038 
163.083389 168.157104 
167.294418 167.555832 
170.991623 166.500793 
132.957153 129.713684 
139.358704 127.020782 
145.896805 127.669716 
151.046143 132.250214 
145.356796 132.641159 
138.597916 132.143646 
176.861786 134.148483 
183.150711 130.391403 
189.266525 130.923172 
193.948837 134.413040 
189.190338 135.779846 
183.121399 135.369537 
145.874619 185.293274 
152.326309 181.126526 
158.635849 178.464218 
161.988464 179.634354 
165.633820 178.863510 
170.803635 182.263763 
175.540588 186.262878 
170.205490 191.740097 
165.080154 194.733368 
161.127914 195.273407 
157.131287 194.561096 
151.638504 191.558289 
148.814285 185.440399 
158.539902 182.138321 
161.752274 182.346298 
165.243011 182.427002 
172.937653 186.165787 
165.112030 188.366302 
161.524963 189.039368 
158.208496 188.377747 
