68 2
136.391479 115.998566 
138.071503 127.599449 
140.472519 138.975174 
143.757797 149.833847 
148.366013 160.338379 
154.866379 169.706299 
162.828400 177.700943 
171.874451 184.285599 
182.597595 186.202621 
192.638611 183.064148 
201.508667 175.683380 
209.161285 167.517090 
214.625015 158.498840 
217.804733 148.062469 
219.359314 137.521057 
220.669159 126.736778 
221.738373 115.513268 
145.930099 108.665253 
152.621231 104.487427 
160.457458 103.509666 
168.447968 104.517754 
175.409851 108.100067 
190.154694 107.647202 
196.400848 104.076820 
203.274826 102.694054 
210.018509 103.612968 
214.834595 107.384224 
183.778748 117.531197 
183.988495 124.942818 
184.207397 132.277191 
184.273193 139.728058 
174.804977 143.748367 
179.105606 145.040512 
183.574936 146.127457 
187.781387 145.314529 
191.494492 144.140915 
157.303757 116.305351 
161.857391 113.721420 
167.278839 114.200073 
171.175522 118.306679 
166.837723 119.215294 
161.574829 118.956978 
193.361618 118.441200 
197.178986 114.179497 
202.524902 113.758461 
206.650436 116.653770 
203.251831 119.115883 
198.244858 119.461578 
168.631180 158.155624 
172.528107 154.451309 
177.854675 152.501373 
182.012451 153.214035 
186.359421 152.585922 
191.274521 154.899124 
195.045425 158.232239 
191.352066 165.054642 
187.129395 168.615585 
182.586121 169.892517 
177.768814 169.224747 
172.371307 165.494003 
171.363693 158.129089 
177.935425 156.417938 
182.227722 156.608932 
186.394150 156.467667 
192.202515 158.395676 
186.773651 162.220413 
182.436264 163.719574 
177.751099 162.949982 
