68 2
131.811508 65.989044 
131.814590 80.400742 
132.981461 95.094276 
135.159607 109.421371 
140.683807 123.070587 
148.563400 134.834198 
158.012314 145.328369 
169.612778 153.718994 
182.847366 155.366516 
195.152222 152.300995 
204.453751 142.709198 
212.278809 131.678162 
219.050186 119.460289 
223.718231 106.536880 
226.635025 93.866356 
227.914307 81.187225 
228.186554 68.735413 
140.352570 55.874699 
147.760254 49.316246 
158.168564 47.280697 
169.005692 49.255806 
178.312195 54.299252 
193.192490 54.827412 
202.070709 50.879822 
211.550674 49.202915 
220.696411 51.801682 
224.675125 59.222614 
186.305923 65.466316 
186.409607 74.522354 
186.740540 83.506508 
186.942078 92.735283 
172.964645 97.177216 
178.749237 99.742050 
184.749084 101.789925 
191.057312 100.015266 
196.524002 97.765236 
152.675476 64.080933 
158.371017 60.704914 
165.250793 61.305080 
170.468384 66.196533 
164.655609 67.709991 
157.826401 67.345848 
197.544495 67.296661 
203.884918 62.864536 
210.506073 63.376404 
215.065048 67.190460 
210.666016 70.024834 
204.078552 69.629478 
162.252136 119.174507 
171.880585 116.533134 
180.204361 114.452744 
184.320618 115.960205 
188.641296 114.742516 
195.235703 116.971504 
201.901672 120.072510 
195.212265 125.814484 
189.031906 128.070633 
184.205063 128.623413 
179.280243 128.076340 
171.338211 125.473526 
165.581116 119.292564 
180.046585 119.238678 
184.250153 119.931221 
188.412247 119.369225 
198.318085 120.222534 
188.661240 121.070206 
184.165909 121.717621 
179.785950 121.324303 
