68 2
101.613541 142.082336 
102.716026 163.348007 
105.181259 183.867645 
107.673302 205.225784 
113.690132 224.646561 
125.055351 240.891327 
139.197876 255.159180 
155.678619 267.311249 
176.048401 270.392853 
195.239609 266.593170 
210.578934 253.642151 
222.995377 238.271210 
232.891876 220.489227 
238.157288 200.677734 
240.677658 180.934967 
242.777649 160.629425 
244.227921 140.050598 
108.779243 134.053329 
117.928925 122.530464 
133.220047 118.456390 
149.362198 120.036118 
164.760056 124.752960 
185.408875 123.469223 
200.893570 118.714844 
216.175034 117.244644 
230.632385 120.253632 
239.476669 129.830933 
176.127853 138.985352 
176.333466 151.721130 
176.436539 164.339218 
176.642929 177.674866 
160.714951 188.762115 
168.353943 191.057419 
176.325607 193.262283 
184.410843 191.294525 
191.712814 189.257599 
127.620834 143.247284 
136.613129 138.112000 
147.216415 137.565414 
155.265396 143.644226 
146.795197 146.640991 
136.283585 147.002991 
194.851318 142.945679 
204.539246 136.398132 
214.934738 136.618042 
223.042450 141.341415 
215.526993 145.780869 
205.189148 145.629105 
146.201004 218.944733 
158.429535 215.931152 
169.064529 213.301224 
175.409805 215.724426 
182.988342 213.207794 
193.976456 216.003647 
205.389816 219.904709 
194.320251 228.905457 
183.680038 231.386337 
175.497360 231.982101 
168.266068 231.710770 
157.726456 229.104141 
150.782120 219.939484 
168.872818 220.778137 
175.560867 221.569489 
183.150360 220.581970 
200.414597 220.473022 
183.079926 220.823868 
175.430511 221.583466 
168.812317 221.265808 
