68 2
142.844147 115.741486 
143.771210 126.872231 
145.704926 137.695557 
147.978943 148.677490 
151.709259 159.158951 
158.142563 168.348328 
166.357132 176.114685 
175.614395 182.175919 
186.604736 183.954773 
197.394257 181.753601 
206.681519 175.592590 
214.306396 168.185486 
220.084091 159.291443 
223.564270 149.239105 
225.801270 139.077911 
227.180359 128.453049 
227.929749 117.452934 
148.315262 106.854866 
154.894012 102.114708 
163.492996 100.788086 
171.898743 102.727249 
179.386856 106.453300 
193.979645 106.971931 
201.334030 103.672379 
209.311707 102.291176 
216.896362 104.460251 
221.726013 109.730804 
188.200027 115.380409 
188.320648 122.710312 
188.426239 129.907501 
188.518494 137.241714 
179.220047 141.996948 
183.431259 143.239838 
187.648819 144.402222 
191.604767 143.994949 
195.239044 143.404327 
159.559631 113.781097 
164.301575 111.146042 
170.216858 111.853928 
174.909027 116.291206 
169.813766 116.927803 
163.923172 116.608505 
198.062820 117.690796 
202.402359 113.489594 
208.063950 113.809341 
212.644928 117.001656 
208.586365 118.951454 
203.123688 118.897690 
171.628693 156.548233 
177.322250 153.852814 
182.553146 152.812729 
186.346420 154.329407 
190.544754 153.439987 
195.548737 155.416351 
200.557205 158.232239 
195.260849 162.254745 
190.391693 163.788162 
186.007278 164.158585 
181.748047 163.233643 
176.779785 160.812912 
174.128098 156.519592 
182.350494 156.739471 
186.294830 157.580139 
190.534531 157.142334 
197.902695 158.157501 
190.414825 157.950439 
186.018539 158.631775 
181.941269 157.723969 
