68 2
86.551033 103.091339 
86.837921 116.182343 
88.182373 129.487640 
90.704132 142.525787 
95.592140 154.792542 
102.640625 165.492493 
111.418198 174.660980 
121.687653 181.495789 
134.516251 182.950439 
147.262344 180.769196 
157.358994 173.588501 
165.059433 163.779022 
171.222717 152.212952 
175.486267 139.868439 
177.790619 127.474678 
179.271530 114.687485 
179.772400 102.408150 
91.955902 89.721207 
97.980331 83.137840 
106.756561 80.644196 
116.254730 81.478775 
124.883804 84.774055 
140.980972 84.734589 
149.528778 80.898094 
158.656509 79.252235 
167.613297 81.212944 
173.154449 87.931618 
133.825165 94.414040 
133.658447 103.604164 
133.697678 112.928825 
133.588165 122.271034 
122.337212 126.650177 
127.537689 129.276947 
133.314590 131.163712 
139.507874 129.207245 
144.870529 126.721245 
103.065033 97.404457 
108.708557 94.232193 
115.350479 94.102303 
120.653198 98.181854 
114.995323 99.959442 
108.446358 100.130409 
145.896759 98.066437 
152.548279 93.971222 
158.835480 93.762871 
163.581238 96.860306 
159.178925 99.828888 
152.820129 99.856117 
114.445923 147.659561 
121.485924 144.691467 
128.235474 142.649124 
133.085236 143.586182 
138.603241 142.483429 
145.181091 144.120850 
151.835266 146.925415 
145.229462 149.215378 
138.901535 150.642288 
133.221649 151.159286 
127.967758 150.826111 
121.448433 149.535950 
117.857773 147.320251 
128.175354 145.992050 
133.275345 146.280273 
138.711853 145.656067 
148.382172 146.423981 
138.974319 145.757614 
133.362045 146.571411 
128.195251 146.035309 
