70 2
102.727348 134.253845 
103.623123 160.755463 
107.197144 186.723068 
112.068916 212.027954 
120.053696 234.839111 
131.122391 255.705536 
146.365341 273.065369 
164.236176 285.461578 
187.513428 287.921600 
209.735992 285.764099 
227.233963 273.013672 
241.818283 256.175598 
254.384415 236.975616 
264.478729 216.555801 
272.100037 195.257996 
277.937561 172.443604 
281.351685 148.694885 
113.159996 116.412598 
125.965546 103.471855 
145.241486 102.547096 
164.177673 109.107201 
181.492493 118.492607 
214.960571 121.891937 
232.607849 116.324097 
249.666367 112.727936 
266.348602 115.745155 
275.447876 128.895355 
197.752701 137.059509 
196.856857 153.109863 
195.808289 168.933716 
194.976089 185.634781 
173.626526 194.918243 
182.365158 199.574524 
191.541107 203.833923 
202.255066 201.160477 
211.239044 198.009109 
131.012589 135.471085 
141.997772 129.453827 
155.502640 130.536682 
166.672821 138.707901 
154.371124 141.359192 
141.044678 141.334396 
222.391296 142.816071 
234.641220 136.644730 
247.750565 138.258606 
256.495728 144.818283 
247.433594 149.005722 
234.690186 147.444016 
154.945663 233.625702 
170.752518 229.893661 
182.772751 227.950790 
190.080338 231.555420 
199.996307 229.194580 
211.058731 232.590546 
221.763779 236.800613 
210.390671 248.762970 
198.614990 253.287109 
187.849670 253.540558 
179.274597 251.985626 
168.174850 247.215302 
159.960068 235.066238 
181.733337 235.477570 
189.712860 237.058517 
200.049850 235.949326 
217.733521 237.981903 
200.008179 239.127823 
189.504913 239.924210 
181.457611 238.073792 
147.555557 132.000000 
237.444443 138.333328 
