68 2
118.876221 70.265572 
120.106636 81.670799 
121.912994 93.011391 
123.844818 104.369514 
127.326553 114.649605 
133.358963 123.378876 
141.948318 130.212296 
152.147858 135.375610 
163.959930 136.530411 
175.523697 134.780472 
185.818466 129.261581 
194.264725 122.977623 
199.971100 114.352119 
203.021301 104.230042 
205.034805 93.400421 
206.775955 82.873199 
208.006104 71.856033 
125.916885 55.271317 
130.488312 48.275841 
138.260345 44.867649 
146.628983 45.833183 
154.237106 48.941811 
176.556671 50.010761 
184.147354 47.627678 
191.618774 47.497124 
198.264954 50.894073 
202.196136 56.923244 
165.710464 60.884048 
165.636993 67.250618 
165.540756 73.466316 
165.462463 79.969948 
156.346985 88.606171 
160.679977 89.404442 
165.153275 90.112801 
169.348923 89.672081 
173.485870 89.544586 
135.123947 64.336273 
140.679733 61.373154 
146.851776 61.346348 
152.247147 64.729973 
146.616653 65.963257 
140.591324 66.133148 
177.590775 65.664673 
183.619507 62.898369 
189.518005 63.458286 
193.957596 66.589165 
189.193436 67.867874 
183.411041 67.183907 
146.850327 107.082115 
153.729919 102.352501 
160.552185 99.983749 
165.415604 101.179161 
170.424118 100.380737 
176.268433 103.315346 
181.827988 108.080475 
175.793671 113.136490 
169.795410 115.625938 
164.330688 116.477692 
158.965500 115.720512 
152.545593 113.120926 
149.623657 107.019440 
160.285431 104.091606 
165.312805 104.417145 
170.347351 104.351418 
179.127502 107.880234 
169.946304 109.997627 
164.570419 110.799210 
159.381271 109.973686 
