68 2
91.819794 63.800659 
92.099762 79.261047 
93.183380 94.711212 
94.710930 110.048149 
99.529312 124.290894 
108.062126 136.495468 
119.714584 145.856415 
132.901154 152.591965 
148.621674 154.653839 
163.830750 152.594498 
175.677567 144.840897 
184.978912 134.633850 
192.441345 122.203682 
196.953171 107.770317 
199.194611 94.148445 
200.904358 79.997002 
201.538208 66.189163 
101.785172 47.307907 
109.213058 39.372410 
120.681480 36.299900 
132.562073 36.963074 
143.050507 41.154205 
162.845490 40.691319 
172.549683 37.133892 
183.012619 36.832191 
192.351913 39.993221 
197.347519 47.730995 
153.296097 52.968975 
153.234436 63.303970 
153.362686 73.548515 
153.333221 84.137566 
138.087540 89.134857 
144.503769 92.055962 
151.545105 94.481583 
158.579376 92.463715 
164.718353 89.943916 
113.648590 58.127659 
120.528267 55.280880 
128.235779 54.808281 
135.041458 57.550335 
128.287567 60.164795 
120.609283 60.745041 
167.041443 57.979996 
175.214005 55.381374 
182.360901 56.151539 
187.434814 59.410069 
181.760895 61.812691 
174.607773 60.975037 
126.312553 115.749893 
135.385086 110.518707 
144.765305 107.584885 
150.760406 108.549812 
157.751038 107.667740 
165.644012 110.576591 
172.143036 116.105087 
165.660660 121.192383 
157.991257 123.424316 
151.023605 123.957184 
144.439560 123.543320 
135.191452 120.847496 
130.919754 115.266273 
144.990311 113.197235 
150.829514 113.174042 
157.835526 113.140541 
167.998962 115.583321 
158.167542 115.885712 
151.205582 116.788681 
145.212082 116.011528 
