68 2
146.231125 119.738678 
147.237061 130.429260 
149.229904 141.628479 
151.650818 152.315125 
155.527557 162.078735 
162.359528 170.509613 
171.003189 177.092194 
180.833954 182.307297 
191.868744 183.500137 
202.256180 181.222397 
211.567596 175.001389 
219.533386 168.076233 
225.457657 159.853317 
228.498322 150.246750 
230.623367 140.459351 
232.132355 130.372162 
233.272278 120.233070 
155.336319 109.570923 
161.089157 104.320656 
168.899384 102.551971 
176.823456 103.602577 
183.783386 107.042328 
200.733231 107.845741 
207.513702 104.541122 
214.715118 103.408188 
221.719650 105.327827 
226.307922 109.975456 
192.794159 118.180923 
192.701035 125.350014 
192.516800 132.281036 
192.463638 139.518982 
183.590515 144.410782 
187.451035 145.484695 
191.277893 146.556274 
195.234253 146.251358 
198.871628 145.737656 
164.482010 118.767212 
169.421738 116.219643 
175.136093 116.713409 
179.536255 120.435654 
174.440399 121.387817 
168.652435 121.274467 
202.387772 121.441460 
207.322357 117.750542 
213.073196 117.984413 
217.132507 120.527557 
213.200439 122.768677 
207.666595 122.823730 
176.460907 157.806580 
182.230377 155.102783 
186.945541 154.084686 
190.119751 155.453033 
194.090942 154.597900 
199.095322 156.613846 
204.196716 158.970932 
198.826096 163.036285 
193.773132 164.592407 
189.815491 164.941025 
186.143555 164.243591 
181.812164 162.097290 
178.818710 157.839966 
186.694138 158.254105 
190.056702 159.022110 
193.872894 158.697937 
201.321243 159.126404 
193.772110 158.876633 
189.971817 159.255432 
186.638733 158.679764 
