68 2
126.911079 121.196030 
129.288147 139.462662 
132.007629 157.180222 
134.985748 174.579559 
140.552246 190.668488 
151.223465 204.606796 
166.656921 214.910904 
183.485748 222.479858 
201.861588 223.854324 
219.803391 221.414627 
234.789978 212.496109 
246.865906 201.326187 
254.334229 187.364746 
257.657593 170.511444 
259.576813 154.448425 
262.262787 137.383331 
264.124451 120.330894 
140.784317 103.035210 
148.720947 92.153236 
161.540649 87.088074 
175.579529 87.269867 
188.178345 91.877144 
213.175186 90.972824 
225.669357 86.397377 
238.990860 86.838326 
250.979980 93.028831 
257.216248 104.644684 
201.552979 107.642937 
201.854095 118.397270 
202.048874 129.060059 
202.119339 140.277527 
186.572449 149.559326 
194.032761 151.730133 
201.769043 152.927368 
208.853683 151.895340 
215.076889 150.620102 
155.591202 114.089081 
162.660782 108.961426 
171.214508 108.887589 
179.375656 113.609947 
171.500595 115.603844 
162.871643 116.185753 
217.337753 113.349869 
225.404114 107.848427 
233.857971 108.460541 
240.678955 112.812004 
234.033905 115.089058 
225.664474 115.014542 
176.819244 179.475647 
184.816086 171.337921 
193.524521 167.943802 
200.145721 169.721298 
207.714020 168.752838 
216.586517 173.079910 
224.229279 180.766220 
216.334488 186.025299 
208.064636 187.873108 
200.350464 188.064896 
193.070084 187.324387 
184.775513 184.759964 
181.737610 178.319443 
194.070587 172.750137 
200.328613 173.500183 
207.575073 173.304901 
219.853455 179.685364 
207.530014 180.307693 
200.160034 180.697861 
193.751587 179.913589 
