68 2
100.785187 141.733124 
101.895920 162.436462 
104.196266 182.280731 
106.113373 203.178299 
111.960968 222.589066 
122.836861 239.917313 
136.568375 254.899139 
152.397736 267.652222 
172.797592 271.452148 
191.986099 266.492065 
207.124771 252.700378 
219.316757 237.033630 
228.648407 218.982407 
233.970566 198.715973 
236.239670 179.145493 
238.559509 159.674805 
239.580154 139.549774 
106.468399 132.955139 
114.099457 119.031548 
129.946060 114.046524 
146.785568 115.508148 
162.473740 120.694511 
180.418732 119.457710 
196.365723 115.447052 
212.228760 114.470612 
227.102921 119.172768 
235.629257 130.750671 
172.589645 134.353668 
172.603745 146.105515 
172.628830 157.709763 
172.617798 170.235291 
156.696091 182.266159 
164.433029 184.647812 
172.495544 186.589584 
180.534912 184.816299 
187.871002 182.684769 
124.488960 139.047058 
133.379654 133.119766 
144.094315 133.195480 
152.626236 139.916122 
143.898743 142.480667 
133.163254 142.821915 
190.937424 139.913635 
200.549164 132.717133 
211.187088 133.331192 
219.369278 138.908997 
211.547882 142.391205 
201.172913 142.189423 
142.634064 217.994888 
153.070618 210.424789 
164.771423 205.872711 
172.282990 207.917847 
181.015244 205.862183 
192.270859 210.853531 
201.681046 218.310852 
193.126419 233.731934 
182.295288 239.870331 
172.579071 241.229355 
163.441086 240.178574 
151.589020 233.887421 
147.287872 217.932709 
164.442047 213.366272 
172.147858 213.773361 
180.933563 213.227859 
196.837448 218.112976 
181.725388 227.358948 
172.425720 228.995544 
164.081848 227.525070 
