68 2
123.397621 128.571747 
122.599731 143.406769 
123.294716 158.560226 
125.283379 173.129807 
129.636383 187.209366 
136.048325 199.936356 
144.325256 211.657089 
154.355118 221.003662 
167.710205 223.463150 
180.579773 221.962463 
191.622330 213.916245 
200.651779 203.438507 
208.729919 191.695740 
215.057953 178.911148 
219.323105 165.412949 
222.162735 151.585205 
224.546448 137.466156 
129.699173 122.382431 
136.947861 116.380722 
146.427002 116.190948 
156.045639 119.257515 
165.063416 123.927872 
186.845764 125.341339 
195.965820 121.375259 
205.599350 119.614609 
214.730820 121.710976 
219.792892 128.859085 
174.974457 134.386688 
174.154968 145.746750 
173.422226 157.328537 
172.489136 168.881836 
160.590271 169.034271 
165.497070 172.793350 
171.298447 175.871368 
177.981262 173.542557 
183.498779 170.371887 
141.682693 130.741562 
147.697174 127.787895 
154.939331 128.652298 
160.023331 133.902878 
153.715225 135.617920 
146.664169 134.857635 
189.474365 136.440918 
195.913162 131.949936 
202.758453 132.131454 
207.277557 135.756012 
202.804169 139.143127 
196.128845 138.918167 
149.786514 187.827103 
158.771652 187.713333 
166.109680 187.251694 
170.374496 188.876053 
175.442963 187.806961 
182.350449 188.997467 
190.321838 189.364273 
182.379745 193.874146 
175.275452 195.473450 
169.921982 195.664368 
164.939026 194.986801 
158.165939 192.936951 
152.802444 188.510559 
165.823166 190.600433 
170.359848 191.743484 
175.186554 191.094070 
187.028778 189.956543 
175.337326 189.342682 
170.191299 189.649124 
165.658417 189.104706 
