68 2
136.960098 91.671539 
138.195282 104.094452 
140.413147 115.896133 
142.843384 127.571289 
147.172501 138.677689 
153.427673 149.151260 
161.899536 157.973572 
170.639893 165.644836 
181.039139 167.757965 
191.381271 165.432114 
200.432251 158.346802 
208.317947 150.109253 
214.412659 140.414001 
218.604904 129.410095 
221.006851 117.518349 
223.642426 105.602646 
225.661545 93.660934 
143.090652 86.797127 
148.857605 81.652954 
156.942642 80.861549 
164.787979 82.812881 
171.859085 85.793793 
189.688858 85.479584 
197.499588 82.765900 
205.593323 81.803520 
213.392776 83.738647 
218.741638 88.942879 
181.326721 93.728958 
181.378647 101.406601 
181.460709 109.122734 
181.548340 117.017441 
172.683334 120.440826 
176.755905 122.286674 
181.007980 123.750519 
185.560760 122.592125 
189.584961 121.052193 
151.953613 93.987289 
156.889465 91.194748 
163.218643 91.375435 
168.262360 95.120102 
162.945099 96.421509 
156.724503 96.619316 
192.948669 95.736824 
198.753784 92.123749 
204.712708 92.281052 
209.214523 95.074554 
205.003143 97.621674 
199.040482 97.445602 
165.646027 136.293686 
170.776001 132.786652 
176.176437 131.500046 
180.296326 132.863342 
185.411575 131.828888 
190.986145 133.895020 
195.685135 137.451981 
190.797607 142.622009 
185.159134 145.159286 
179.991379 145.738617 
175.388214 145.083725 
170.320511 142.213455 
168.722260 136.276306 
176.182678 135.531982 
180.295013 136.247131 
185.527176 135.761368 
192.445129 137.242706 
185.292496 138.365402 
180.076508 139.254578 
175.792099 138.370987 
