68 2
142.715515 82.332153 
143.785324 98.012695 
145.942551 113.365562 
148.972900 128.174988 
153.512329 142.912643 
161.305344 156.068283 
171.550858 167.461838 
182.982407 177.061386 
197.813492 179.884720 
212.549393 177.210907 
224.588226 167.860931 
235.397385 157.177277 
243.431961 144.532974 
248.581238 130.137756 
251.776306 115.158417 
254.418732 99.775749 
255.612228 83.993622 
151.506531 77.718155 
158.921753 69.347260 
170.207169 66.831947 
182.091873 68.743996 
192.804352 73.309479 
210.789383 72.355186 
221.740936 68.205353 
233.135559 67.436630 
243.437881 71.569733 
249.117889 80.354156 
201.930069 84.909904 
201.482666 94.333389 
201.037338 103.707596 
200.537201 113.510628 
188.321899 119.577797 
194.097397 121.971405 
200.121048 123.752045 
206.186737 122.397987 
211.842911 120.959015 
164.228104 85.020012 
170.459122 81.370880 
178.380463 81.482368 
184.907715 86.309715 
178.125015 88.253891 
170.265564 88.302017 
216.529892 86.937904 
223.549026 82.258377 
230.882568 82.486214 
236.393127 86.356476 
231.316620 89.313187 
223.850983 89.144882 
179.816650 143.081604 
188.052414 139.813202 
194.873795 137.972961 
199.204407 139.903702 
204.676254 138.494873 
211.907654 141.151642 
218.640213 144.595810 
212.188171 151.020935 
204.997665 153.161575 
199.128555 153.599289 
193.946442 152.865982 
187.266098 150.097153 
182.844421 143.282318 
194.722549 141.861359 
199.241760 142.549606 
204.968185 142.270370 
215.900909 144.912415 
204.968170 146.553574 
199.143356 147.195724 
194.516281 146.192551 
