68 2
109.485565 111.082970 
110.813545 123.456161 
113.057938 135.351868 
116.594879 146.636475 
121.914482 157.168564 
128.633148 166.254135 
137.023865 173.817276 
147.063522 179.003006 
158.875198 180.577591 
170.683899 177.386429 
180.608124 170.875763 
188.582184 162.465195 
194.535507 153.119446 
198.926132 142.842285 
201.397278 131.778946 
202.747940 120.521660 
203.382187 108.470192 
116.090424 92.188477 
121.222809 84.848808 
129.502182 81.289970 
138.915344 81.125305 
147.107452 83.841255 
162.259308 83.024811 
171.239319 80.768967 
180.816330 81.147186 
189.657074 84.579712 
195.574783 91.425034 
154.885712 96.255615 
154.867569 100.875374 
154.786789 105.426338 
154.820145 110.353302 
147.684296 121.704498 
151.627106 122.036415 
155.354416 122.128571 
159.350311 121.760284 
163.230499 121.180817 
126.114937 102.385246 
131.191895 98.587013 
137.479950 98.223793 
143.323715 101.368423 
137.751007 103.055389 
131.692810 103.801430 
167.449585 100.722633 
173.263733 96.946808 
179.389755 97.323769 
184.554749 100.500160 
179.337204 102.208603 
173.309387 102.048370 
140.682159 145.219131 
145.238739 137.629211 
151.119019 132.664063 
155.986923 132.856033 
160.991104 132.537170 
167.251907 137.018280 
171.982040 143.658966 
167.801559 150.613571 
162.188538 154.466202 
156.829224 155.666534 
151.372009 154.989838 
145.390533 151.852615 
142.530304 144.501892 
150.835449 137.555847 
156.282547 136.615265 
161.965637 137.412720 
170.457336 143.403824 
162.400162 148.958313 
156.553268 150.314026 
150.969177 149.465134 
