68 2
159.411636 116.761719 
160.466843 129.671875 
162.950485 142.024521 
166.269669 154.129089 
170.936234 165.731796 
178.145416 175.953598 
187.387558 184.729874 
198.152893 191.481064 
210.057434 193.075928 
221.242538 190.467834 
230.548965 182.729767 
238.617569 173.984207 
244.491394 163.695877 
248.354431 152.195587 
251.180038 141.110275 
253.374817 129.418869 
254.343643 117.291588 
168.236404 103.383179 
175.355652 96.704323 
184.963577 93.995293 
195.374435 95.128693 
204.411209 99.066559 
215.596954 98.980621 
224.488876 95.823006 
233.955811 95.259689 
242.771835 98.333611 
248.126083 104.766991 
210.550903 109.982338 
210.556229 118.078804 
210.623962 125.935684 
210.719208 134.142044 
201.349686 142.650818 
205.743271 143.745667 
210.170334 144.517303 
214.176514 143.871811 
217.923065 142.895676 
178.589111 111.039383 
184.273743 107.268692 
191.252869 107.751366 
196.727524 113.058746 
190.856964 114.063286 
183.889481 113.881523 
221.804977 113.110031 
227.247726 107.856735 
233.864990 108.008881 
238.859558 111.800407 
234.400818 114.235870 
228.030487 114.331871 
194.970093 163.498627 
200.588669 158.027100 
206.725861 154.554565 
209.924454 155.446716 
213.398682 154.784729 
218.709045 158.402817 
223.453720 163.475723 
219.067291 170.050537 
214.076050 173.546158 
210.140564 174.360107 
206.044937 173.489899 
200.283569 170.193130 
197.923370 162.876770 
206.793564 158.216232 
209.916214 158.379410 
213.299149 158.435699 
220.596344 163.142761 
213.541290 166.999817 
209.971237 167.928268 
206.472153 167.068329 
