68 2
114.745934 110.255363 
114.694061 129.870712 
116.624077 149.452209 
121.216553 168.318832 
128.369522 186.214417 
136.547913 202.656784 
147.760986 217.764099 
161.753967 229.132141 
178.471786 233.476532 
194.447098 230.347443 
206.914673 219.057693 
216.799484 204.926620 
223.732422 188.436859 
229.071808 170.894928 
233.226913 153.758881 
237.489014 135.368286 
239.906876 116.976753 
125.890747 91.648750 
134.550491 84.428757 
145.932053 83.025398 
157.669342 85.252708 
167.463654 91.286224 
196.638184 92.707748 
207.869400 88.910866 
219.257294 89.114777 
229.603760 93.821693 
234.899002 102.628571 
180.532745 109.488617 
179.620682 122.090492 
178.581573 134.694351 
177.800339 147.372833 
166.829941 153.691742 
171.887909 156.430130 
177.513611 158.302597 
183.083694 157.555283 
188.174255 155.759750 
139.060699 107.702217 
146.136490 103.136520 
155.129181 104.256058 
162.297394 110.606331 
154.290833 112.130386 
145.555481 111.688774 
196.673279 113.370148 
205.023926 108.383362 
213.794006 109.236900 
219.836075 114.546844 
213.318771 117.328491 
204.838394 116.410469 
157.549377 183.227432 
163.314331 176.687637 
170.622787 173.151306 
177.512527 174.727417 
184.954453 174.420166 
191.915649 179.769684 
195.917068 187.203613 
191.876999 197.759216 
185.244781 203.999603 
177.216110 205.452927 
169.049454 203.087738 
162.224045 195.513733 
161.351196 183.269699 
170.058365 178.897461 
177.546417 179.533875 
185.518814 180.090820 
192.711365 186.673828 
185.603409 193.192108 
177.453140 194.944153 
169.479721 191.949997 
