68 2
148.772568 106.463684 
150.248825 120.163788 
153.284454 134.133118 
156.945694 147.860275 
162.750244 159.694992 
171.914490 169.803650 
183.881027 177.227768 
197.298828 182.374924 
211.633072 182.993347 
224.890747 180.139984 
235.300842 171.984650 
243.266602 162.047302 
248.514328 150.464172 
251.013565 138.111633 
252.308701 125.935898 
253.057205 113.471664 
252.441895 101.048477 
159.536545 88.820541 
167.146576 82.801880 
177.011902 80.687714 
186.933151 82.363815 
196.039642 85.976646 
217.102997 85.526764 
225.261185 82.641960 
233.266190 81.615982 
240.953049 82.970116 
245.911972 88.374115 
208.064880 95.072517 
209.538635 102.433640 
211.243546 109.632698 
212.947372 117.382538 
200.591553 128.010422 
205.989822 129.392685 
211.393433 130.651184 
216.431320 128.923172 
220.663055 126.861031 
171.459290 99.202225 
176.938782 95.415474 
183.812164 95.263565 
190.659225 98.541100 
184.174469 100.420731 
177.258774 101.191620 
219.565338 98.351440 
225.332062 94.824867 
231.927597 95.402954 
237.149231 98.579002 
232.384171 100.467865 
225.779327 100.123375 
190.598160 150.208939 
199.802841 145.486404 
207.314255 142.529129 
211.937698 143.793777 
216.820023 142.065552 
222.726990 144.558655 
228.185242 148.626282 
222.730865 152.446167 
217.189087 153.871338 
212.179504 154.560394 
207.302948 154.681656 
199.839813 154.481110 
193.941299 150.299698 
207.184723 147.428818 
211.898010 147.401642 
217.027405 146.768478 
225.300842 148.748596 
216.897324 147.160812 
211.911102 147.707794 
207.380417 147.916779 
