68 2
125.434135 74.041351 
126.371857 89.822060 
128.576553 105.564667 
131.513977 121.060440 
136.884827 135.313507 
144.858643 147.495483 
155.428818 158.186600 
167.373947 166.672119 
181.919754 168.775574 
195.887558 165.723557 
207.772644 156.272873 
218.204407 145.987701 
226.458725 133.295853 
231.668350 119.689560 
234.581757 105.169052 
236.364471 89.844551 
237.559052 74.531532 
133.016327 65.960617 
139.888855 59.359478 
149.862167 58.333904 
159.839783 59.538338 
169.501160 62.179035 
190.767639 60.731613 
200.824646 58.290241 
210.602127 57.421780 
220.168076 58.488533 
226.771820 64.732574 
180.266190 73.684158 
180.361237 83.249405 
180.240128 92.707298 
180.405411 102.349312 
169.320129 109.069138 
174.657288 110.353722 
180.245255 111.307625 
185.725891 110.517326 
190.982300 109.580910 
145.640564 74.446060 
151.840988 71.278839 
159.085144 71.231148 
164.810928 75.135193 
158.721466 76.617516 
151.650864 76.848259 
195.668655 75.141602 
201.784668 71.099731 
208.991180 71.314011 
214.580460 74.540771 
209.153748 77.323715 
202.204834 77.021790 
164.157990 133.995010 
167.962158 126.735138 
173.913589 122.810440 
179.471939 124.352211 
185.551544 123.131508 
191.759949 127.389473 
196.188721 133.965912 
191.325211 141.261124 
185.379333 144.934921 
179.107895 146.050629 
173.143723 145.279083 
167.601730 141.381973 
167.729721 133.210815 
174.330841 128.995712 
179.717987 129.385773 
185.639099 129.263382 
192.205902 133.617416 
185.261765 135.267395 
179.308289 136.737488 
173.776230 135.489532 
