68 2
99.567162 95.017105 
99.906464 118.721161 
101.869888 141.009781 
105.596138 165.250641 
111.215958 188.757309 
122.101578 209.608093 
140.875824 226.086700 
164.066193 235.913605 
189.803833 238.658310 
216.209869 235.308105 
239.663162 226.828751 
258.851685 212.377350 
271.319702 192.431595 
278.958649 168.979691 
283.219147 147.005432 
286.142273 124.197601 
287.444183 102.137077 
117.755791 65.829124 
128.849319 51.628288 
145.940430 45.251999 
164.581970 46.988480 
181.457443 53.714420 
214.008057 54.166294 
231.036514 49.136772 
248.336151 49.488121 
264.291565 56.296890 
274.364624 69.558228 
198.689880 73.621590 
197.899628 86.419411 
197.041077 98.734566 
196.271698 112.069290 
177.981995 131.027206 
186.263458 133.984360 
195.096634 136.393799 
204.479874 134.896317 
213.043152 132.871277 
136.991150 85.251305 
148.952759 81.426353 
160.101776 80.614510 
172.284943 83.110771 
160.112610 83.573128 
149.337402 84.270851 
223.230667 84.056816 
235.818192 82.853844 
246.739090 84.562073 
256.508789 88.774330 
245.611496 87.596153 
234.779968 85.899986 
153.802612 171.163269 
169.247314 159.505173 
184.703918 153.967499 
193.969177 155.792511 
203.863144 154.404388 
218.994751 161.284485 
232.162430 172.831818 
218.896408 185.804581 
204.139236 191.554855 
193.480042 192.730118 
182.814636 191.416809 
167.746277 185.031189 
159.392502 170.960098 
184.245667 162.185135 
193.649811 162.703415 
204.181259 162.428680 
226.662033 172.812241 
204.134445 178.587540 
193.574860 179.795609 
183.455063 179.151306 
