68 2
86.147232 97.648590 
86.654160 111.578575 
88.176651 125.686699 
90.775352 139.410477 
96.009766 152.365875 
103.633713 163.301498 
113.030220 172.773743 
124.269867 179.070465 
137.577866 179.771423 
150.198563 177.015289 
160.070068 169.187225 
167.642426 159.219910 
173.925110 147.845947 
177.953217 135.104126 
179.984756 122.611298 
181.435181 110.009354 
181.887604 97.457649 
92.203255 85.853851 
98.172173 78.454979 
107.564850 75.398468 
117.736488 76.051353 
126.940025 79.253807 
143.577866 79.029182 
151.838669 75.205093 
160.960983 73.578598 
169.948151 75.515961 
175.429794 82.657623 
136.023895 88.361092 
136.030197 97.786095 
136.198425 107.326859 
136.272949 116.878052 
124.465225 121.918404 
130.124954 124.396294 
136.126740 125.976601 
142.400284 123.837593 
147.729858 121.123306 
103.752777 92.558472 
109.550415 89.145462 
116.516846 88.764900 
122.203995 92.741837 
116.315689 94.714249 
109.381424 95.127068 
148.104416 92.261703 
155.040253 87.997139 
161.618515 87.737007 
166.462372 90.766899 
162.057053 93.811073 
155.421524 93.932968 
116.507095 144.060699 
124.758003 139.961288 
132.313416 137.299133 
136.886475 138.171509 
141.933075 136.800751 
148.466797 138.368195 
155.076569 141.259827 
148.683685 144.392944 
142.364090 145.869614 
137.062439 146.396072 
132.160217 146.559341 
124.810577 146.118469 
120.462860 143.218338 
132.359390 140.917435 
136.965195 141.166199 
141.943466 140.366516 
151.373489 140.777100 
142.125580 140.350311 
136.965942 141.050125 
132.314789 141.080109 
