68 2
116.157524 137.911423 
117.515541 153.344421 
119.880249 168.149429 
121.633774 182.926254 
125.078819 197.595520 
133.272675 209.143707 
145.944778 217.921997 
161.785095 222.949493 
180.703659 222.796738 
198.435516 220.714005 
212.568909 214.499893 
223.856583 205.153168 
231.216278 192.962112 
234.684738 178.574356 
236.968613 163.677963 
238.709473 149.146790 
239.692764 134.929398 
120.741104 117.808868 
126.274956 104.055145 
139.139221 96.359634 
153.966675 94.448540 
168.246017 97.785843 
185.383270 96.003693 
199.756851 92.618393 
214.178711 93.947350 
227.174377 100.477074 
234.268204 112.337677 
178.365799 110.714523 
178.607605 118.381676 
178.793533 125.633560 
178.849396 133.692566 
166.411972 149.664352 
172.891861 150.093262 
179.383652 150.900131 
185.750824 150.191940 
191.748947 149.620300 
137.349487 120.916885 
144.670364 114.624809 
153.783249 113.710518 
161.743118 120.002838 
154.207306 122.177399 
145.067154 123.061684 
194.199097 118.420502 
202.828720 111.462395 
211.734802 111.640701 
218.775681 117.326569 
212.324158 119.837921 
203.650009 119.938545 
153.899475 180.952911 
163.348816 173.020096 
172.456482 168.364227 
178.595169 169.676895 
184.950882 167.730896 
194.727051 172.362259 
204.771591 179.446472 
194.954178 181.062256 
186.309128 181.687286 
179.712509 182.163162 
173.269180 182.426697 
163.819717 182.138367 
158.034714 179.618484 
172.858765 175.578827 
178.953583 175.649979 
185.438248 174.624725 
200.599594 178.160019 
185.554871 174.008362 
179.097656 174.733124 
172.861435 175.125595 
