68 2
98.036736 93.909401 
97.672447 113.371101 
99.250450 131.861145 
101.862823 150.355484 
106.673912 168.525986 
115.704865 184.875992 
129.214859 198.818542 
145.843674 208.954590 
163.817612 212.586823 
181.291382 209.619888 
196.479752 200.223251 
209.143341 186.910141 
218.529495 171.314255 
224.122910 154.292099 
228.060135 137.028122 
230.868759 119.777672 
231.868195 102.336090 
112.140366 76.442596 
122.653336 70.069771 
134.883087 68.661522 
146.766907 71.320976 
157.618149 76.315155 
181.513931 76.425629 
193.168182 73.448364 
204.694397 72.586960 
215.501816 74.810509 
223.100159 81.139671 
169.690613 92.737740 
169.157486 103.429092 
168.726044 114.141533 
168.323929 125.170425 
154.419876 134.872025 
160.674530 137.470322 
167.029953 139.764893 
173.242218 138.198608 
178.943436 136.124619 
126.292343 94.172295 
134.571548 90.203545 
144.012024 90.998932 
151.524612 97.212425 
143.052643 99.031593 
133.871033 98.332764 
184.671631 98.656784 
192.768204 93.118492 
201.716721 93.562515 
208.879120 98.473839 
202.184906 101.593285 
193.367157 101.299294 
138.417892 162.531799 
148.550034 154.786301 
159.413391 151.602325 
165.962692 153.416794 
173.129776 152.463913 
182.899948 156.954803 
191.348587 164.102402 
182.875885 176.377991 
173.002792 182.396545 
164.731262 183.624130 
157.176132 181.982422 
147.086975 175.411804 
143.046249 162.796539 
159.042892 158.335144 
165.591782 158.872650 
173.219208 158.839630 
187.097244 164.326752 
173.321838 171.745911 
165.356812 172.959717 
158.409912 171.481262 
