68 2
126.423828 139.804428 
128.641739 157.102646 
132.375214 174.147186 
137.736740 190.368652 
146.202103 205.587860 
158.070084 217.783127 
171.664764 227.326782 
185.531082 234.079666 
201.414185 234.059845 
216.226395 230.818634 
229.271545 221.546494 
240.532745 209.859360 
249.588791 196.237000 
255.264587 180.925079 
257.960907 165.099670 
258.592346 147.926102 
258.317108 130.770004 
138.429810 124.324844 
146.677277 117.558716 
157.836456 115.607597 
169.123215 115.882706 
180.428986 117.276581 
205.264526 114.524261 
215.843521 110.680145 
226.025085 107.707275 
236.856369 106.711815 
245.957825 111.103157 
193.719803 130.769501 
194.507401 143.257019 
195.272385 155.927658 
195.821838 168.619446 
181.270386 174.656403 
188.656677 176.506943 
196.406937 178.041412 
204.246277 175.828796 
211.233490 173.205750 
151.806320 137.117386 
159.572647 134.281158 
167.880859 133.193680 
174.509949 135.249283 
167.696869 138.185120 
159.612946 139.317200 
212.924500 131.470703 
220.084671 127.682701 
228.159592 127.335205 
234.802673 129.033463 
228.648331 132.329391 
220.941925 133.065201 
175.056259 199.701660 
181.655746 195.130096 
189.963715 192.320068 
197.028214 193.466904 
204.645615 191.515350 
214.900055 193.304749 
223.359772 195.997528 
214.864777 203.026901 
204.849747 206.760071 
197.388992 207.526306 
190.291245 207.476379 
182.000427 204.238922 
179.802704 198.719421 
190.548660 198.561386 
197.480957 198.770416 
204.852402 197.811966 
217.806931 196.566254 
204.044937 197.153748 
196.917358 198.077332 
189.955811 197.722473 
