68 2
145.370056 109.303314 
146.528564 123.699081 
148.623123 137.912567 
151.605499 151.771988 
157.215256 164.392166 
166.414413 174.488464 
179.259247 182.044495 
193.733902 187.326080 
208.208313 188.380997 
221.026001 185.912201 
232.643127 180.400101 
242.875427 173.562027 
250.887589 163.698517 
254.971603 151.136093 
257.706421 137.952713 
259.327423 124.653046 
260.002991 111.172333 
158.079330 88.290817 
166.539551 81.468246 
177.288406 79.369751 
188.704971 80.004486 
199.290237 83.175491 
219.898590 82.763062 
229.833221 80.297989 
239.683762 80.390579 
248.484695 83.628723 
254.348740 90.098106 
208.344177 93.345772 
208.643295 99.819206 
209.045303 106.424248 
209.422546 113.533600 
198.296890 126.371613 
203.549591 126.965591 
208.585281 127.508492 
213.443069 127.191803 
218.040710 126.623940 
169.278198 97.410583 
176.636871 92.355194 
185.561905 92.230682 
192.623627 97.906044 
185.024734 99.865021 
176.258484 100.132576 
222.499252 98.368820 
229.790314 92.546951 
238.376953 93.035576 
244.417480 98.457420 
238.701965 101.066978 
230.314102 100.674194 
184.541565 150.389587 
194.099274 142.975250 
203.410568 138.645737 
208.987991 139.379486 
214.924179 138.732285 
222.466965 143.279358 
228.793030 150.613388 
221.900360 155.518860 
214.389587 157.838608 
208.043823 158.380478 
202.086853 157.938965 
193.239426 155.764099 
189.145081 149.663376 
203.163498 143.619644 
208.824036 143.577698 
214.619522 143.821945 
224.316635 149.879181 
214.443008 151.300491 
208.307526 151.615143 
202.615646 151.235977 
