68 2
130.231216 88.430908 
131.346893 107.979424 
134.755676 127.604965 
139.048645 146.649353 
146.062347 164.669907 
157.241699 180.556625 
171.628464 193.335083 
188.279816 203.150696 
207.161942 205.522278 
225.501450 201.766174 
242.347549 191.921677 
256.857605 178.906754 
267.467285 163.241302 
273.409607 145.425522 
276.303528 126.196327 
278.674194 107.008614 
279.425720 86.793152 
140.977203 75.842186 
150.631699 67.154297 
163.962311 65.078789 
177.190048 68.014198 
189.630737 72.997025 
213.185837 71.524567 
227.186615 66.710068 
241.111404 63.854233 
254.942795 66.341492 
265.160461 73.766327 
202.147598 88.753387 
201.916519 101.325119 
201.629166 113.904747 
201.477097 126.744492 
187.264069 135.884216 
194.629944 137.922913 
202.213013 139.549194 
209.740158 137.305145 
216.852051 135.333389 
157.397873 90.711220 
166.230286 86.030495 
176.540710 86.464142 
185.249496 93.442596 
175.919617 95.408913 
165.484116 94.843048 
221.342072 92.917175 
230.326004 85.787048 
240.309570 85.519165 
248.802765 90.249245 
241.374023 94.479584 
231.365128 94.875305 
174.478088 156.941589 
186.582504 154.498642 
197.306198 152.371445 
204.225113 154.075974 
211.334869 152.155914 
223.257965 153.681534 
236.276962 154.531113 
224.415665 164.584885 
213.039612 170.002441 
205.145508 171.456680 
197.493164 170.958679 
186.613892 166.839142 
178.682571 158.656830 
196.973541 158.487534 
204.566757 158.688004 
212.023056 157.946594 
231.474533 156.194473 
212.483459 161.155899 
204.758286 162.280823 
197.249557 161.949768 
