68 2
132.007675 102.997040 
134.273361 119.569183 
138.566879 135.936340 
143.570679 151.204727 
150.475204 165.829239 
161.259460 178.311249 
174.656677 188.540344 
189.513123 195.471863 
204.731873 196.424713 
218.635574 192.182129 
230.395615 182.247681 
240.100555 170.380798 
247.352127 156.568924 
250.816467 141.156067 
252.516418 125.242569 
253.790070 109.581680 
253.396896 93.735771 
143.007233 90.453674 
149.533630 81.447563 
160.160767 76.407509 
171.974533 76.521210 
182.759338 79.592957 
209.573792 76.536026 
219.786850 72.170517 
230.173615 70.940338 
240.178299 74.811531 
247.172226 81.957237 
197.074051 93.803963 
197.993378 103.873871 
198.990173 113.622704 
199.942795 123.776138 
189.112991 135.163345 
195.043060 135.518616 
200.727051 135.908051 
205.888519 134.736771 
210.869186 133.791321 
155.171356 100.191025 
162.470810 95.313713 
171.821625 94.757553 
180.144943 100.026764 
172.111374 102.559036 
162.818970 103.375206 
213.102325 97.823929 
220.895264 91.279305 
229.542862 90.909454 
236.392578 95.085663 
230.725418 98.776596 
222.020676 99.365524 
176.680191 156.495041 
186.587616 150.180679 
195.903763 146.043396 
201.760422 146.909286 
208.105942 145.510010 
217.202835 148.875275 
225.594238 153.435974 
217.830750 162.663757 
209.614365 168.246384 
202.778946 169.961807 
196.362625 169.472977 
186.810471 165.147751 
181.174255 156.179703 
196.482346 151.953827 
202.011169 151.878159 
208.411499 151.347275 
221.332611 153.830292 
208.862228 159.232849 
202.344101 160.911285 
196.610672 160.186707 
