68 2
118.995323 143.697937 
121.239433 164.724060 
124.739342 185.031815 
129.154236 204.422287 
137.263794 221.859055 
149.231750 236.777451 
165.093857 248.716034 
182.066727 257.591736 
200.447266 258.899475 
216.915237 254.155594 
230.498367 242.941483 
241.571014 230.088943 
249.704834 214.826874 
254.373840 197.624527 
257.159943 180.549316 
259.806854 161.884171 
261.055481 143.031876 
131.406616 131.483582 
141.543640 120.945404 
156.340393 117.127968 
171.562012 119.166344 
184.747208 125.104599 
213.184402 124.199493 
225.374451 118.866783 
238.304092 117.353668 
250.118103 121.069214 
256.350067 130.381500 
200.216095 137.730072 
200.756027 149.948807 
201.316010 161.857071 
201.692902 174.251465 
184.394424 182.251282 
192.414368 184.134232 
200.568604 185.862061 
207.527985 184.943039 
214.083038 183.745605 
149.119690 140.094131 
157.117111 134.256485 
167.369324 134.469025 
175.780304 141.059265 
167.081223 142.943542 
157.008575 143.131180 
217.563187 140.448563 
225.057495 132.829361 
234.613419 132.999878 
241.744385 138.148361 
235.486084 141.588852 
226.303894 141.886139 
171.019928 210.154358 
180.405258 202.939194 
191.457809 199.613098 
198.729187 201.643845 
206.724945 200.631516 
216.753098 205.016144 
225.071793 211.150696 
217.114304 221.444763 
207.391068 225.843292 
199.085434 226.659729 
190.909409 225.525162 
180.362473 220.483459 
175.354584 209.782898 
191.774704 205.453400 
198.803574 206.301056 
206.543747 205.941269 
220.586914 211.441086 
206.761230 215.880447 
198.860214 216.744156 
191.548706 215.561279 
