68 2
99.739426 72.559296 
100.400139 85.810715 
102.292816 99.233429 
105.154633 112.349991 
110.485771 124.692413 
117.720161 135.825653 
126.862579 145.461853 
137.314728 152.955261 
149.473938 154.209885 
161.226013 151.351578 
170.284500 143.335236 
177.612747 133.591324 
183.907623 122.395592 
188.542236 110.115997 
191.146103 97.967499 
192.644852 85.254074 
193.578064 72.457344 
106.520645 61.763626 
113.390869 56.781483 
122.141060 55.683182 
131.428207 57.175545 
139.500214 60.549335 
159.551559 59.932144 
167.035965 55.922222 
175.198318 53.701180 
183.262344 54.605305 
188.824951 59.563835 
149.933105 70.118378 
150.165894 80.588074 
150.531189 90.830162 
150.712524 101.337540 
139.630661 103.132889 
144.401443 105.895378 
150.080322 108.044540 
155.883484 105.793060 
160.740173 102.901237 
117.443710 70.524727 
123.301338 67.428986 
130.284363 67.530670 
135.978409 71.432098 
130.029251 73.515518 
123.137787 73.657906 
162.237793 71.298622 
168.415970 67.085991 
174.963028 66.997391 
179.410599 70.082565 
175.243790 73.184196 
168.849579 73.163544 
131.750183 123.332436 
138.983261 121.056046 
145.451187 119.407387 
150.233292 120.380386 
155.205231 119.168785 
160.889420 120.491959 
166.899414 121.720245 
160.878250 125.680504 
155.422729 128.059845 
150.029266 128.990982 
144.747742 128.502670 
138.563904 126.541084 
134.790710 123.508148 
145.246460 122.863579 
150.402908 123.300209 
155.432724 122.575546 
163.726074 122.288574 
155.312943 122.196762 
149.969238 123.336945 
144.830948 122.742241 
