68 2
71.973351 147.170929 
72.423111 161.109558 
74.495155 174.718002 
77.280983 188.132477 
81.093719 200.859116 
87.279022 212.278870 
96.384216 222.140945 
107.359444 229.191437 
120.118980 231.219269 
131.999146 229.550156 
142.378815 223.060013 
151.144043 214.812149 
157.005692 203.462463 
161.492813 191.273163 
165.548065 179.724442 
168.901520 167.707703 
170.560532 155.514832 
82.381874 135.193970 
89.864143 127.890083 
100.225662 125.471191 
110.915009 126.974121 
120.129799 131.431305 
132.350967 131.766052 
142.015366 129.322647 
151.785553 129.842468 
160.658859 133.671478 
165.579727 141.194305 
125.467377 143.584564 
125.116211 153.067810 
124.749062 162.264786 
124.363594 171.794968 
114.090820 179.412994 
118.571831 180.460175 
122.992989 181.601105 
126.940445 181.284683 
130.646790 180.565216 
92.326218 143.942215 
98.434441 140.654022 
105.243225 141.480209 
110.528267 146.549789 
104.578720 147.373947 
97.626938 146.827881 
137.248840 148.118439 
143.372208 143.875076 
149.902374 144.359726 
154.721420 148.291916 
149.952606 150.047745 
143.585022 149.733292 
105.504913 200.892242 
111.473785 195.656067 
117.785294 192.302185 
121.862579 193.307236 
126.118179 192.723007 
131.411179 196.640991 
135.976044 202.123642 
131.106628 208.488525 
125.767441 211.979538 
121.139191 212.694031 
116.346542 211.805557 
110.618073 208.166321 
108.643303 200.706879 
117.678993 196.379044 
121.688545 196.559402 
125.891449 196.761597 
133.367172 201.835785 
125.646835 205.043198 
121.296181 205.986572 
117.142105 204.980316 
