68 2
174.240662 118.780556 
175.708740 132.299240 
178.333374 145.247925 
181.151306 158.125671 
185.661285 170.340515 
192.375824 181.581497 
201.290009 191.563354 
210.961258 199.933197 
222.372971 202.047089 
233.718811 199.405334 
243.513351 191.344498 
252.013290 182.116776 
258.558289 171.248947 
262.646027 159.489304 
264.820007 147.119751 
267.284332 134.383972 
269.119507 121.180122 
181.368469 115.983589 
188.003281 110.621368 
196.902649 110.044365 
205.616638 112.083633 
213.551071 115.663246 
230.981873 115.234322 
239.588547 112.273033 
248.385437 111.001740 
256.750824 112.642303 
262.560883 118.036133 
222.913605 123.335114 
223.045670 131.853027 
223.157593 140.350739 
223.335266 149.200195 
212.891678 152.543732 
217.666153 154.802536 
222.734619 156.521759 
227.773682 154.915421 
232.259094 152.904114 
190.841675 123.625679 
196.061722 120.725670 
202.871521 120.986031 
208.635452 125.040787 
202.683365 126.342300 
195.836777 126.463654 
235.104813 125.403282 
241.394989 121.531075 
247.747345 121.817543 
252.710617 124.556503 
248.063553 127.099419 
241.626953 126.981483 
203.219650 167.485733 
210.334778 165.967545 
217.359161 165.245300 
222.064651 166.612442 
227.763016 165.479462 
234.241623 166.395706 
240.563828 167.971909 
234.304871 175.845932 
227.555588 179.076233 
221.529236 179.648438 
216.228897 179.190521 
209.317200 175.995956 
206.016678 168.139709 
217.206070 168.014267 
222.078308 168.765564 
228.002686 168.080154 
237.782501 168.511551 
227.682266 173.368469 
221.597061 174.256622 
216.597443 173.527481 
