68 2
140.182724 128.806396 
141.124451 144.795700 
144.120361 160.927963 
147.090363 176.563416 
153.036270 190.782593 
163.395035 202.491760 
177.954346 210.714218 
194.163116 216.698792 
210.525543 218.132217 
225.101852 215.118713 
238.163925 208.138977 
249.721710 199.287735 
258.008423 187.788956 
261.874542 174.192017 
264.368195 159.713318 
266.380249 145.305618 
266.845581 130.648209 
154.198929 112.813721 
163.410309 105.585678 
175.187332 103.565323 
187.205261 104.578461 
198.721863 107.630455 
221.818481 106.407547 
232.955780 103.581017 
243.397705 103.388512 
252.782532 105.836708 
259.457520 111.986969 
209.946960 118.519806 
210.297989 126.812187 
210.773438 135.265549 
211.262527 144.058365 
198.607803 156.542130 
204.485214 157.503784 
210.464905 158.486542 
215.696716 157.778900 
220.671066 157.006973 
167.550583 123.024628 
175.155823 118.456650 
184.306168 118.271309 
191.756775 123.395782 
184.158691 125.721924 
174.962646 126.162201 
225.169296 123.556747 
233.058838 117.906372 
242.052795 118.347687 
248.318665 123.126427 
242.442490 126.095230 
233.585693 125.937225 
183.299255 178.722305 
194.780579 174.664368 
204.895813 171.799576 
210.720047 173.104996 
216.834961 171.681366 
225.293442 174.737534 
234.083313 178.120377 
225.241440 182.827087 
217.233261 184.837906 
210.920670 185.609802 
204.912216 185.673096 
194.884430 183.813553 
187.583191 178.696884 
204.993469 177.731506 
210.755478 177.808899 
216.895676 177.232971 
229.448074 178.270325 
217.260010 177.702988 
211.048706 178.323792 
205.289383 178.417267 
