68 2
115.680504 135.895248 
115.405708 150.502289 
116.811386 165.675598 
119.605034 180.356796 
124.473351 194.595917 
131.026688 207.791336 
139.756073 219.171722 
150.710754 228.151855 
164.751312 230.269913 
178.140289 227.684540 
188.978821 218.882660 
197.640701 207.658508 
204.573273 194.510712 
209.291077 180.364716 
211.715759 165.902832 
213.385803 151.201431 
213.955399 136.975906 
122.026909 128.475098 
129.002670 123.022408 
138.690216 122.492241 
148.397415 124.642914 
157.538300 128.424561 
175.402313 128.875351 
184.184021 124.204819 
193.785202 121.728935 
203.309006 122.464462 
209.653595 128.711761 
166.820038 137.610275 
166.761108 149.095032 
166.826447 160.709274 
166.770966 172.594757 
154.996597 174.488617 
160.067535 178.096008 
165.984940 180.549606 
172.186142 177.931702 
177.437195 174.331314 
133.280396 136.284393 
139.569733 132.964172 
147.156845 133.239487 
153.164169 138.208679 
146.567902 140.231506 
139.131744 140.168289 
179.648819 138.689407 
186.481552 133.563995 
193.512527 133.125443 
198.622772 136.566422 
194.112442 140.642517 
186.964264 140.808640 
146.031433 196.247040 
154.200150 194.271545 
161.192032 193.050781 
165.737625 194.571579 
170.915436 193.338562 
176.978485 194.209717 
183.702118 195.444824 
177.319519 198.872681 
171.033127 200.902054 
165.579330 201.340515 
160.570084 200.821671 
153.832413 199.103668 
149.348160 196.163193 
160.975815 195.836777 
165.711731 196.701523 
170.796875 196.069305 
180.823807 195.660797 
171.010513 195.205994 
165.731506 195.692291 
161.085541 194.965027 
