68 2
154.964798 119.420830 
156.368698 133.931778 
158.722229 147.687241 
161.562576 160.986267 
166.463593 173.095154 
174.920853 183.084824 
186.041260 190.507462 
198.145966 196.485275 
211.022980 197.872604 
223.435791 195.726349 
236.088593 190.015656 
248.905197 183.428314 
259.553406 174.376251 
266.121704 161.961563 
269.685272 147.563263 
272.475128 132.840378 
274.162384 117.547035 
163.108765 100.062080 
169.794495 92.518150 
179.677277 88.991814 
190.740570 88.583061 
200.773499 91.059822 
222.220871 90.065140 
232.792480 86.568321 
244.187820 86.546494 
254.670822 90.455070 
261.926758 98.086388 
211.010132 102.362129 
210.399933 109.816841 
209.713821 117.243462 
209.073593 125.114204 
199.234772 135.305603 
204.272675 137.029190 
209.576248 138.175934 
215.312683 137.020889 
220.483566 135.582031 
173.895126 107.624321 
180.630127 102.259453 
189.432861 101.663071 
196.981491 107.194260 
189.488388 109.320900 
180.902908 110.189964 
227.197388 106.194733 
234.877029 99.878510 
243.689865 100.109650 
250.395294 105.153473 
244.260422 108.052032 
235.440918 107.952751 
187.668732 159.027756 
195.820389 152.760025 
204.452423 148.616714 
209.777969 149.528427 
215.906418 148.359863 
224.621277 152.145569 
233.886230 157.451721 
225.287903 163.712402 
216.824463 166.565903 
210.352600 167.530823 
204.540985 167.505920 
195.601868 165.367645 
191.356827 158.774261 
204.577759 153.481705 
210.006592 153.159363 
216.509903 152.872086 
230.093857 157.606506 
216.832092 159.537781 
210.102356 160.419159 
204.529800 160.543106 
