68 2
130.419525 106.456093 
132.867661 118.557861 
136.160294 130.452637 
139.495224 141.828278 
144.460938 152.108994 
151.921417 160.963516 
160.904968 168.435211 
171.051590 174.481995 
182.790009 176.208786 
193.757828 173.474823 
202.894928 166.385925 
210.325546 158.210510 
215.548935 148.550156 
218.089783 137.856583 
219.610107 127.105865 
220.742477 116.028740 
221.572250 104.692879 
138.242676 96.754013 
145.394562 91.661606 
154.235046 90.153404 
163.296539 91.890549 
171.742981 95.986122 
189.029358 95.668655 
196.271408 92.415245 
203.947693 91.089867 
211.162613 92.943207 
216.104553 97.577103 
181.519287 106.391457 
182.137390 113.572021 
182.676697 120.610626 
183.230286 127.804550 
173.602539 133.668808 
178.114029 134.444351 
182.311905 135.299789 
186.102112 134.945007 
189.756424 134.386353 
150.250259 105.170807 
155.628494 102.190155 
162.186935 102.612701 
167.283875 107.582245 
161.904449 108.708908 
155.230377 108.539101 
192.237320 108.675140 
196.685623 104.240822 
202.924698 104.234558 
207.549316 107.532982 
203.740829 110.113907 
197.758545 110.286697 
166.269958 148.393890 
171.898773 145.183533 
177.237915 143.548798 
181.296692 144.860962 
185.385986 143.878357 
190.565613 146.140198 
195.226624 148.545441 
190.972855 154.579102 
186.268478 157.219788 
181.909836 158.006149 
177.219757 157.163193 
171.884781 154.238556 
168.790726 148.500458 
177.062881 147.928650 
181.355408 148.423874 
185.544861 148.248932 
192.707153 148.969620 
185.829269 150.850052 
181.520447 151.772278 
177.045715 150.844025 
