68 2
96.805321 68.666473 
96.892296 82.759033 
97.677299 97.007835 
99.250809 111.242668 
102.979347 125.093475 
109.889175 137.858444 
119.465858 148.138077 
130.260635 155.803864 
144.476105 157.937729 
159.207977 155.632492 
171.844666 148.374695 
182.878357 139.322403 
192.488464 128.497742 
199.596863 115.381783 
203.341385 101.574982 
205.647034 86.873932 
207.923386 72.450348 
102.476753 49.544765 
108.071976 41.262711 
117.546318 37.242634 
128.188705 37.564774 
137.611710 40.741531 
161.542664 41.344543 
171.095657 37.662975 
181.508286 36.866817 
190.856995 40.446510 
196.797531 48.246857 
147.987747 54.073227 
147.173447 63.444580 
146.514618 72.556030 
145.731873 82.116638 
133.915527 89.466881 
139.484314 92.082405 
145.793625 93.766716 
153.069473 92.195122 
159.582550 89.781929 
112.405243 61.127583 
118.242348 57.733513 
125.455986 57.289768 
131.988129 59.380928 
125.539673 61.669121 
118.420502 62.512161 
165.400726 59.005806 
172.635590 56.415367 
179.811584 57.274956 
185.486984 60.369492 
179.628250 61.834690 
172.368317 61.138340 
124.882393 114.084267 
132.055786 109.779686 
140.061340 107.870010 
145.465378 108.684814 
151.780090 107.550568 
160.033997 109.023140 
167.229370 112.992043 
159.512909 119.015884 
151.643112 121.160713 
145.192551 121.718681 
139.296249 121.322426 
131.846848 119.156914 
129.204285 113.448021 
140.221497 112.995132 
145.635193 113.787514 
151.917496 112.708534 
162.696182 112.684624 
151.953812 113.651680 
145.489365 114.457535 
139.919907 113.854111 
