68 2
126.857544 102.501541 
126.687653 116.946640 
127.351616 131.689529 
129.845825 146.640335 
135.373886 160.143127 
145.158173 170.815811 
157.566788 178.365341 
171.665604 183.702469 
188.076355 184.303024 
204.532410 182.287506 
219.434677 176.502121 
232.895325 168.494812 
243.602264 157.911499 
250.804993 144.850571 
253.765076 130.092316 
254.594421 114.840805 
254.385849 100.047676 
136.742538 73.603790 
142.985275 65.703377 
151.982681 61.715034 
162.568054 60.666653 
172.589340 62.544121 
197.283463 60.895245 
208.130310 57.361179 
219.218460 57.036995 
229.842941 60.671413 
237.626526 68.828072 
184.120819 77.787483 
183.638840 85.038589 
183.098724 92.231178 
182.625320 99.805252 
172.017227 113.426353 
177.925171 113.819038 
183.771530 114.431488 
190.598572 113.327171 
197.293762 112.748222 
148.184875 87.746414 
154.820084 83.837822 
162.300354 82.281525 
169.856857 84.067719 
162.788422 85.808037 
155.549805 87.273781 
203.054565 82.600319 
210.494415 79.676315 
218.450546 80.337616 
225.410721 83.595573 
218.467194 84.459923 
210.810287 84.001793 
161.206482 142.004562 
166.731552 130.168274 
175.777084 124.096832 
183.373688 125.183990 
191.152161 124.195435 
201.722824 129.595291 
210.629059 139.748093 
202.210052 146.070236 
192.352676 147.912231 
184.423035 148.184509 
176.835632 148.164490 
167.857697 146.556946 
166.063492 140.074097 
176.048065 132.726135 
183.798080 132.701675 
191.722992 132.914673 
205.612259 138.627304 
192.164520 137.480881 
183.907059 137.645813 
176.465988 138.146820 
