68 2
125.113037 61.741123 
123.372543 76.561295 
122.895454 91.528320 
123.378693 106.351326 
126.002533 120.974648 
130.786774 134.628860 
137.941208 147.444244 
147.034119 158.112366 
160.553024 162.471039 
175.143845 162.111191 
188.182495 155.043793 
199.314041 145.505005 
208.866776 133.858215 
216.121033 120.214790 
220.842606 106.252754 
224.865738 91.894905 
227.885391 77.110733 
131.196091 55.356895 
138.363983 50.875717 
147.672791 51.794502 
156.458252 55.357178 
164.370758 60.510708 
186.150818 62.995041 
195.995377 59.122253 
206.472229 57.916626 
216.299286 60.278976 
221.808105 67.778656 
174.072403 71.036133 
172.110291 82.927200 
170.179031 94.726807 
168.119431 106.550629 
156.175735 105.243805 
161.060074 109.700134 
167.052261 113.408936 
174.400635 111.462639 
180.660004 108.659164 
140.085938 65.570740 
146.511322 62.209377 
154.421494 63.591057 
159.328659 70.084320 
152.512497 71.451401 
144.820740 70.305969 
189.555069 73.898476 
197.019592 69.111221 
204.657867 70.069984 
208.992798 74.965874 
203.852081 78.163124 
196.424622 77.183502 
145.967453 125.052948 
153.738647 123.398354 
160.975281 122.822914 
165.850891 124.705376 
171.935959 124.251846 
179.097229 126.625732 
186.131485 129.757492 
178.692719 135.247284 
170.900467 137.031799 
164.426590 136.874191 
159.036301 135.494736 
152.355682 131.797440 
149.114532 125.881874 
160.314697 127.369629 
165.410599 128.527451 
171.462021 128.903519 
182.837738 129.962418 
171.627945 129.891586 
165.395538 129.781342 
160.445511 128.216064 
