68 2
143.718201 115.067505 
145.647614 126.307846 
148.175385 137.062027 
151.046448 147.709427 
155.068542 157.815063 
161.363190 166.824860 
169.488022 174.740173 
178.559219 180.963501 
189.305923 182.549500 
199.454651 179.998672 
208.347900 173.526398 
216.186035 166.263931 
222.183777 157.520096 
225.603958 147.356506 
227.437332 136.738922 
228.944305 125.713745 
230.138458 114.214897 
149.458557 108.329254 
155.896957 103.305161 
164.394272 102.195877 
173.027100 103.924919 
180.717392 107.805336 
195.357361 107.705109 
202.436310 104.139526 
210.163544 102.586044 
217.619186 103.967346 
222.902786 108.383263 
189.537109 115.978600 
189.756012 123.446793 
189.892349 130.625626 
190.047638 137.984314 
181.269836 142.461517 
185.305817 143.518433 
189.441360 144.447037 
193.211960 144.025452 
196.737854 143.459473 
160.726898 114.642700 
165.562881 111.796165 
171.667542 112.397339 
176.455536 117.170166 
171.351730 117.789131 
165.286072 117.568779 
199.405182 117.817169 
203.683853 113.191559 
209.667847 113.137924 
214.263260 116.480644 
210.358459 118.603844 
204.703796 118.841675 
174.265274 156.403641 
179.375153 153.649673 
184.282852 152.354843 
188.039490 153.615372 
192.121658 152.933044 
197.254105 154.965714 
202.165817 157.576965 
197.253677 162.655273 
192.172668 165.062958 
187.862350 165.710907 
183.430099 164.912949 
178.710098 162.038681 
176.717590 156.418396 
184.019104 155.624664 
188.094040 156.165100 
192.164536 156.036530 
199.700302 157.685471 
191.965164 159.399445 
187.649750 160.367249 
183.431458 159.496674 
