68 2
67.278969 150.430634 
68.579636 164.002258 
71.419533 176.744232 
74.904243 189.371262 
79.184944 201.297791 
85.697044 211.785675 
94.949585 220.187485 
105.914803 225.714981 
117.991417 227.040497 
129.438049 225.186096 
139.419952 219.286484 
147.836243 211.482239 
152.963257 200.352005 
156.661224 188.472351 
159.893768 176.762573 
162.654617 164.759644 
163.795227 152.451691 
75.525940 135.925888 
82.120674 128.211075 
92.131813 124.909996 
102.658028 125.281525 
111.960159 128.931061 
124.519966 128.517609 
133.846222 125.941246 
143.521011 125.982353 
152.596863 129.609390 
157.806122 137.107941 
118.249596 141.150116 
118.399567 150.099487 
118.559830 158.780945 
118.682045 167.679153 
109.522903 176.453552 
113.866913 177.090424 
118.121719 177.628708 
121.884903 177.392395 
125.412720 176.879013 
86.025719 143.482727 
91.743683 139.534012 
98.585503 139.767136 
104.197594 144.622711 
98.321198 145.712509 
91.419525 145.684677 
130.185791 144.892410 
136.030106 140.183533 
142.593185 140.384033 
147.616180 144.246414 
142.916412 146.127029 
136.539734 146.049591 
103.839867 198.993790 
108.844078 192.831161 
114.385796 188.799973 
118.539268 189.520447 
122.640327 188.933136 
128.001663 193.085678 
132.539398 198.607239 
127.921417 203.826813 
122.750092 206.950455 
118.332748 207.791916 
113.613884 206.902451 
108.589325 203.882095 
107.012482 198.116089 
114.375854 193.181000 
118.382462 193.042435 
122.403984 193.280716 
129.894440 198.021378 
122.467682 200.175415 
118.306671 201.082291 
114.135918 200.149994 
