68 2
113.357269 106.919556 
113.938927 118.802193 
115.805283 130.193085 
118.447128 141.524719 
122.920830 151.847092 
129.064880 160.816574 
137.698380 167.821960 
148.232483 172.864990 
161.043961 174.107727 
173.213486 172.108673 
183.978561 167.093170 
192.942566 159.279358 
199.513000 150.181244 
203.880722 139.653244 
206.134460 128.212570 
207.287277 116.560829 
207.677216 105.137123 
119.989204 91.605659 
125.080582 85.089996 
132.821793 81.717812 
141.736816 81.870369 
149.868240 84.071701 
166.502960 83.816727 
175.087585 81.180382 
184.003967 80.928368 
192.393982 83.920082 
198.879166 89.549767 
158.299133 93.236481 
158.361145 97.899887 
158.383255 102.507698 
158.510483 107.616158 
150.752792 119.219635 
154.890381 120.121635 
159.037567 120.656860 
163.397797 120.013657 
167.554504 119.065826 
129.932312 98.967667 
134.827591 95.463509 
141.034866 94.842369 
146.981110 98.045158 
141.380142 99.581329 
135.087875 100.427345 
171.541504 97.703613 
177.155457 94.194977 
183.187561 94.436737 
188.251190 97.464165 
183.490402 99.184952 
177.450134 98.969170 
142.150772 140.227921 
148.933746 135.619125 
155.497757 132.848022 
159.426819 133.900269 
163.545349 133.115646 
170.119400 135.792755 
177.190720 139.807434 
170.228775 142.733322 
163.945892 143.466599 
159.525253 143.768372 
155.307434 143.501007 
148.929352 143.001144 
145.520767 139.388336 
155.469208 137.048203 
159.626740 137.308807 
163.848282 137.209793 
173.872147 139.252029 
163.762253 139.079788 
159.267273 139.342010 
155.101028 139.097839 
