68 2
123.492119 146.722504 
123.022598 164.057571 
123.509430 181.938019 
124.941055 199.539001 
129.689026 215.633240 
138.696640 229.473495 
150.790512 240.927917 
164.157440 249.792313 
179.881363 252.320419 
195.290543 250.164474 
209.019150 241.597382 
221.710266 231.397217 
231.632111 218.453430 
237.877823 203.484467 
241.303329 188.224228 
243.889511 172.083191 
245.865723 155.136658 
130.053009 146.583359 
138.343597 137.467606 
151.871765 136.122131 
165.159958 139.357925 
177.207642 145.379044 
193.150345 145.873947 
206.001694 140.833130 
219.556564 139.140366 
232.487167 142.637390 
239.268906 152.650116 
185.313477 154.110962 
184.490707 166.375793 
183.770920 178.719803 
183.157928 191.288635 
168.226944 194.178192 
174.719070 197.237823 
181.560272 199.984436 
188.737396 198.074814 
195.088043 195.928299 
144.737030 153.091843 
151.684021 149.962692 
160.022873 150.543671 
166.811737 155.737732 
159.438889 157.082886 
151.003601 156.816269 
201.121124 157.725708 
209.289566 153.217529 
217.887146 153.828125 
224.312485 157.519150 
217.907013 160.399933 
209.506073 159.944717 
156.735550 211.929901 
166.129822 211.016495 
174.317886 210.807266 
179.259277 213.213867 
185.851639 211.463989 
194.080612 212.995224 
203.333939 214.966370 
193.882828 220.928558 
185.300018 224.103729 
178.529724 224.569885 
172.871094 223.291214 
165.063187 219.653610 
160.445145 212.996887 
173.793396 214.836349 
179.095795 216.122513 
185.770355 215.503281 
199.536026 215.338425 
185.750107 215.964661 
179.073425 216.696716 
173.608719 215.455276 
