68 2
163.705307 69.816917 
165.446701 84.956116 
168.225189 99.935822 
171.464981 114.439873 
176.821030 128.334152 
185.469803 140.287842 
197.121964 150.208954 
209.466675 158.229416 
223.354492 159.585953 
235.870178 156.146454 
245.543640 146.322937 
254.067932 134.845474 
260.784271 122.065445 
264.219849 108.059860 
265.926025 94.175842 
266.989685 79.891190 
267.521210 66.030884 
173.123840 67.299828 
180.446899 61.469292 
190.234055 59.408733 
200.433411 60.505589 
210.127655 63.417034 
228.787949 61.754604 
238.320343 57.438946 
248.395432 55.166901 
258.228943 56.475121 
264.721588 62.201157 
220.213440 71.790199 
220.508469 81.837837 
220.847107 91.799751 
221.160568 102.048492 
209.293854 107.643677 
215.139038 109.310989 
221.253967 111.063667 
227.224030 109.383095 
232.706085 107.763260 
183.300156 74.591377 
189.622147 71.193359 
197.604156 70.873665 
204.241943 74.875679 
197.651718 77.428139 
189.669846 78.045570 
233.805969 73.399902 
240.892853 68.539757 
248.552246 68.250214 
254.299881 71.124237 
249.408630 74.824341 
241.812805 75.306602 
200.227554 126.066566 
209.921906 125.001671 
217.323318 123.716759 
221.604843 125.009193 
226.724594 123.698868 
234.251358 124.851334 
242.706543 124.709732 
235.056427 133.460846 
228.078201 137.095108 
222.317749 137.866837 
217.201035 137.074570 
209.531067 133.000626 
203.918076 126.368774 
217.520218 126.520966 
221.685440 127.234390 
226.894135 126.416122 
239.071854 125.668076 
227.301620 129.300354 
221.979309 130.351364 
217.465637 129.241669 
