68 2
139.585968 110.069489 
140.351227 126.352081 
142.219635 142.777313 
146.378845 157.799133 
153.233597 171.934479 
162.940613 184.419678 
174.393127 195.654404 
185.926697 205.714844 
199.714523 208.528519 
214.045105 206.003311 
226.578049 197.497498 
238.327576 187.169327 
248.429504 174.261536 
256.072998 160.043915 
260.546967 145.083893 
263.569885 129.632584 
265.703308 113.266891 
151.815811 100.548317 
159.771179 93.359528 
170.692261 91.348099 
182.328079 92.732101 
192.587708 96.771324 
211.215591 95.672508 
222.010620 92.584808 
233.145126 92.189484 
244.245789 95.248680 
251.902832 102.139381 
200.558899 111.543304 
199.605103 122.427628 
198.747406 133.128265 
197.923798 143.922287 
186.385773 145.901382 
191.912735 148.611725 
198.423828 150.617218 
205.502899 148.790298 
212.100189 146.535599 
164.164429 112.711449 
170.916428 110.658859 
178.017761 110.714096 
184.054443 112.890846 
177.769379 114.622650 
170.708786 114.988853 
217.737961 112.974274 
224.936981 111.016716 
231.680588 111.744705 
237.652969 113.665909 
231.431458 115.523315 
224.620697 115.176109 
180.989609 163.767883 
185.950058 158.560669 
192.458511 155.331650 
198.928772 156.177032 
206.912186 155.666550 
214.604477 159.274719 
221.326248 165.085938 
214.335526 175.232269 
206.633194 180.445038 
198.611023 181.340179 
191.559006 179.920898 
185.504227 173.789246 
185.681824 163.629547 
192.657410 159.103836 
199.038254 159.488937 
207.028839 159.579651 
216.378235 164.691193 
207.149612 172.107285 
198.927551 173.242249 
192.176193 171.246338 
