68 2
127.264336 73.469658 
128.284714 89.506256 
130.431442 105.077988 
133.297089 120.283676 
138.415146 134.575699 
146.382294 146.791534 
156.384216 157.392456 
167.225616 165.976944 
180.957413 168.153702 
194.317093 165.931244 
206.122528 157.179352 
216.473373 147.140457 
224.958298 135.024628 
231.102478 121.908409 
234.808411 107.205040 
237.154297 91.636688 
238.959412 75.957802 
133.568100 65.177719 
140.172287 59.130867 
149.760300 58.880234 
159.186737 60.329727 
168.470657 62.603951 
190.617661 61.891289 
200.635605 59.817471 
210.264832 59.049091 
219.798935 59.705280 
226.976212 65.343842 
179.554291 74.337433 
179.404907 84.142578 
178.976990 93.855347 
178.811783 103.678741 
168.697601 109.611481 
173.675964 111.126549 
178.856140 112.268730 
184.405060 111.521400 
189.612717 110.578995 
145.772537 74.560089 
151.900543 71.443344 
159.566162 71.437592 
165.406921 75.571075 
159.204758 77.377007 
151.755905 77.585358 
194.737076 76.223785 
201.410172 72.034721 
209.081253 72.394440 
214.829285 75.855835 
209.095612 78.982124 
201.757278 78.521744 
163.456940 133.957870 
166.915253 127.574371 
172.295837 123.952988 
177.583084 125.322617 
183.568542 124.260170 
189.683777 128.324738 
194.790710 134.723145 
189.605072 140.657120 
183.680908 144.046448 
177.761536 144.923889 
172.115128 144.126755 
167.119171 140.417725 
166.966537 133.557922 
172.608261 130.127182 
177.944016 130.384872 
183.992218 130.338135 
191.068878 134.084473 
183.851563 134.443314 
177.928909 135.601242 
172.489090 134.466934 
