68 2
120.470543 139.259460 
121.021538 152.103668 
122.857506 164.774796 
125.671822 177.431198 
130.159256 189.121140 
137.215942 199.161697 
148.101257 205.586243 
160.602692 209.134659 
175.166611 209.514435 
189.555618 207.553040 
202.388687 203.716080 
212.891068 196.443542 
220.102234 186.139130 
224.817413 174.491531 
227.189880 162.462967 
227.851456 150.035065 
227.702362 137.715363 
128.194000 122.345497 
133.894867 114.426407 
143.775696 111.445595 
154.270569 112.904594 
163.574265 116.946617 
178.911514 116.038086 
189.031555 112.234856 
199.662628 110.869614 
209.701599 113.931969 
215.807892 121.800537 
171.304138 126.334419 
171.057632 131.483719 
170.885529 136.625885 
170.832703 142.380432 
161.716156 154.872803 
166.722595 155.903717 
171.581436 156.448288 
176.339127 155.556992 
180.884064 154.368164 
137.916351 132.386444 
143.525192 128.369476 
150.432907 127.803253 
157.218262 131.250549 
151.088882 133.633087 
143.832275 134.486435 
186.163712 130.405090 
192.638855 126.561440 
199.306503 127.171768 
204.718307 130.869385 
199.294724 132.859589 
192.488098 132.492157 
154.047989 179.885788 
162.247665 173.775925 
168.903625 170.691101 
172.552719 171.956360 
176.280136 170.224152 
183.700699 172.678497 
192.334473 177.395981 
183.938721 179.076523 
176.976273 178.388367 
172.883469 178.262512 
168.861496 178.932129 
162.378799 180.275436 
157.013016 178.793671 
168.766083 175.819199 
172.847244 176.016769 
176.714615 175.197891 
189.016846 176.567352 
176.646179 173.667511 
172.425751 173.448013 
168.524261 174.289642 
