68 2
167.625122 84.752007 
169.113129 97.893051 
172.231522 110.380753 
175.923645 122.443741 
180.349991 133.975281 
186.869324 144.097626 
195.735382 152.888916 
206.649689 159.767395 
218.334579 161.378021 
228.955460 158.843124 
238.191650 151.737411 
245.918243 142.441483 
251.552704 131.279678 
255.224289 119.702286 
258.077484 108.542412 
260.172577 96.837494 
261.007141 84.380707 
176.079254 73.476631 
182.999695 67.405106 
192.274612 65.538849 
201.993881 66.908211 
210.491974 70.895279 
221.754288 70.817581 
230.709824 67.342133 
239.993240 65.946114 
249.198837 68.271957 
255.045654 74.759117 
216.068069 81.174522 
216.042282 89.918839 
216.090958 98.489349 
216.223190 107.298630 
208.517212 114.183731 
212.354477 115.298882 
216.410339 116.180473 
220.205231 115.265854 
223.704895 114.127945 
185.876465 82.180336 
191.364853 78.547401 
198.483795 78.872574 
203.725113 83.745399 
197.976852 85.350624 
191.104599 85.375504 
228.095139 83.605179 
233.494690 78.757050 
240.041809 78.620918 
244.962585 82.240150 
240.614639 85.097679 
234.253555 85.299576 
203.721313 134.431213 
208.623322 129.228699 
213.775085 125.811508 
217.032486 126.675797 
220.457748 126.069489 
225.247177 129.692215 
229.302032 134.011047 
225.399963 140.040421 
221.146729 143.423462 
217.473557 144.234558 
213.523438 143.280701 
208.737396 139.888336 
207.311691 133.845001 
213.978653 130.592224 
217.115204 130.926392 
220.420609 130.773071 
226.405380 133.651245 
220.510956 135.449448 
217.169647 136.300293 
213.807419 135.156540 
