70 2
103.546509 146.352936 
104.616768 172.406921 
108.583954 197.161530 
114.115288 221.181503 
123.379669 243.050049 
135.645706 262.416626 
152.715439 277.346313 
172.037796 286.877075 
194.179672 288.006958 
215.278946 285.697052 
232.068436 274.443359 
246.225525 259.673462 
256.829041 241.410950 
265.472778 222.119934 
271.976593 202.832306 
277.157745 182.552322 
280.079041 160.621460 
116.073212 127.614120 
129.201721 114.771744 
148.658752 112.678833 
167.962723 118.698067 
185.468185 128.025864 
219.634338 130.945511 
236.012177 124.847328 
251.934647 121.239655 
267.302673 123.714684 
275.682007 135.748291 
203.269119 146.895782 
202.776855 163.140762 
202.341568 179.295746 
202.113983 195.919922 
179.478546 204.824951 
188.379349 209.126038 
197.700851 212.948746 
208.109177 210.629333 
216.688766 206.765198 
133.926468 147.003845 
145.418243 140.178085 
159.182922 141.128693 
170.618088 150.021408 
158.315369 153.036270 
144.532455 153.075195 
224.722214 152.976868 
236.699356 145.446259 
250.119797 146.550354 
258.353210 153.581818 
250.278076 158.232452 
237.287918 157.274796 
161.137146 244.317383 
176.369858 238.540421 
188.742554 235.490829 
196.140244 238.549622 
206.335785 236.160919 
217.539124 240.368683 
227.526917 246.429520 
218.047546 257.942291 
206.546753 262.255768 
195.957809 262.685822 
186.812195 261.400726 
174.761047 257.265686 
166.175049 244.800293 
188.135559 242.660507 
196.189789 243.410019 
207.016708 242.377228 
223.643845 247.263565 
207.444519 249.660156 
196.713318 250.610291 
188.122681 248.795242 
149.888885 143.000000 
239.222229 147.000000 
