68 2
102.382774 46.084217 
104.448730 70.003876 
108.826637 92.365578 
113.695518 113.256119 
120.785858 133.367645 
130.323013 152.297607 
143.045273 168.826111 
156.725250 181.851257 
175.269714 184.824280 
193.492920 181.594162 
209.569199 168.798111 
223.772583 154.133148 
236.450790 137.510681 
245.992599 118.962738 
251.865234 98.683701 
256.455963 76.327576 
260.026184 54.063370 
109.034721 41.335762 
120.258575 32.361767 
136.185135 33.513367 
151.068771 38.777237 
166.407715 44.044086 
189.912003 43.553761 
206.129135 38.986557 
221.164154 34.172684 
237.266663 33.962952 
248.591904 42.013161 
176.809647 54.752247 
176.021973 70.067474 
175.224991 85.375626 
174.597351 101.120750 
158.217255 108.244034 
166.405701 111.254066 
175.353958 113.893677 
184.601273 111.465172 
193.296326 108.983902 
125.630524 55.988991 
134.353760 51.724590 
145.359558 51.743153 
154.560364 57.601109 
144.729187 59.485771 
134.010300 59.861614 
202.065994 58.037876 
211.905457 52.251133 
222.696152 52.864178 
231.727371 56.957169 
223.315979 60.460892 
212.721664 60.264221 
146.780487 136.894257 
158.206970 133.758789 
168.068771 132.180710 
174.558640 134.684387 
182.549667 132.692322 
193.065857 134.389679 
203.981018 136.801590 
193.355698 148.003342 
182.775787 153.159821 
174.071014 153.762268 
166.494675 152.658173 
156.940262 147.772644 
152.423157 137.473831 
168.219635 137.354309 
174.780746 139.025787 
182.708496 137.494171 
198.515823 137.986954 
182.492645 141.358261 
174.261749 142.862198 
167.501373 141.549026 
