68 2
154.275696 74.833588 
155.846146 86.014961 
158.299942 96.529091 
160.940414 106.601883 
165.087952 115.756279 
171.229767 124.265503 
179.521149 130.879700 
188.239868 136.267502 
197.622177 137.639679 
206.456711 135.435013 
213.981247 129.948059 
220.429886 122.987389 
225.378799 114.336929 
228.369354 104.717735 
230.230469 95.105179 
232.144745 84.639526 
233.401199 73.821648 
160.383514 70.409393 
166.181396 66.603889 
173.478943 65.986046 
180.546143 67.665176 
187.022064 70.220596 
200.828888 69.836464 
207.805115 67.186577 
214.961990 65.796913 
222.167618 66.837494 
227.513123 70.711617 
195.004074 76.070129 
195.361420 83.287048 
195.739685 90.412079 
196.091232 97.873199 
187.478088 101.030609 
191.415421 102.885773 
195.622009 104.358765 
199.562073 102.886490 
203.030762 101.141266 
168.453552 76.696320 
172.913925 74.052231 
178.597504 74.232819 
183.140045 77.960556 
178.313904 79.213203 
172.592224 79.284332 
205.034973 77.939415 
209.955536 74.050659 
215.455399 74.078262 
219.853333 76.626518 
216.056320 78.975395 
210.530136 79.133232 
181.101257 114.601753 
186.558273 111.831612 
191.714401 110.660675 
195.603516 111.810944 
199.958282 110.585602 
204.919556 111.978745 
209.578110 114.381416 
205.631424 119.004257 
200.910004 120.991104 
196.235184 121.603989 
191.838974 121.224083 
186.515900 119.134415 
183.648560 114.646416 
191.776917 114.471977 
195.677109 114.963219 
200.176178 114.351967 
207.195496 114.609093 
200.459457 115.583824 
196.030487 116.351700 
191.986572 115.812103 
