68 2
133.319031 83.261589 
133.013260 98.108299 
133.809891 112.445076 
135.267929 126.474907 
139.252258 139.531525 
145.867920 151.100861 
155.323364 160.949738 
165.927002 168.694305 
178.577881 171.269394 
191.499283 169.526703 
203.112930 162.568878 
214.042862 154.563416 
222.437805 143.860413 
227.981232 131.064667 
231.357605 117.691826 
233.832062 103.519058 
235.515976 88.818260 
137.949677 77.265221 
144.631653 70.852875 
155.103989 70.073029 
165.354736 72.960342 
175.251495 77.139992 
187.964493 77.471161 
198.499817 73.670273 
209.569031 71.729652 
220.590363 73.995689 
227.450180 81.631401 
181.961899 84.458504 
181.306458 94.433327 
180.637817 104.470467 
180.045807 114.807648 
169.814743 118.114502 
174.294983 120.373116 
179.322922 122.009819 
185.038513 120.851440 
190.151855 119.046860 
150.378967 84.761505 
155.738586 81.492912 
162.583191 81.944489 
168.257370 86.381592 
162.267975 87.674423 
155.317490 87.694603 
195.499191 87.576996 
202.124496 83.309975 
209.113174 83.921463 
214.445984 87.502625 
209.120743 89.841988 
202.329941 89.509018 
162.435226 137.626892 
167.290924 132.955139 
172.949921 130.792816 
177.666199 132.054504 
183.111191 131.487869 
189.380356 135.031128 
194.721115 140.096069 
188.694611 147.005692 
182.259918 149.857452 
176.533798 149.951248 
171.342590 148.904175 
165.814117 144.981567 
166.082489 137.233643 
172.980927 133.782257 
177.508957 134.365540 
183.025833 134.519302 
190.986740 139.455063 
182.614563 142.269623 
177.007599 142.777908 
172.264801 141.504471 
