68 2
120.107269 67.170937 
122.012451 81.165268 
125.189560 94.426323 
128.867950 107.376282 
134.527359 119.434120 
142.274002 130.445313 
151.930817 139.987854 
163.295837 148.188293 
176.290787 149.936417 
188.629211 146.688629 
198.098938 138.193954 
206.254684 127.580025 
212.442154 115.154594 
216.658386 102.154335 
218.970413 89.138214 
220.200348 74.915657 
220.187912 60.915596 
128.446533 61.466309 
135.542053 56.541897 
144.225021 55.558971 
153.135544 55.916775 
161.606674 57.629509 
177.064285 54.913994 
186.077408 51.939548 
194.732971 50.391018 
203.249405 50.539783 
209.590225 54.901039 
170.105148 64.334610 
170.856995 73.832481 
171.607239 83.474083 
172.428360 93.242691 
161.903717 97.371376 
166.914581 99.267433 
172.358047 100.841408 
177.594467 98.853935 
182.224258 96.444763 
138.986313 67.960129 
144.363342 64.587067 
151.259506 64.198822 
156.974045 67.442886 
151.349197 69.418243 
144.631561 70.173950 
182.566925 65.599442 
188.181549 61.056526 
194.932068 60.657593 
200.440659 63.551636 
195.816513 66.645164 
189.140320 67.100220 
155.824280 117.486450 
161.596191 112.641685 
167.721375 110.706818 
172.457275 111.598381 
178.240143 110.517288 
185.154861 112.469208 
190.809052 116.184464 
186.321686 124.660851 
179.656235 129.149567 
173.569153 130.117523 
168.022049 129.355881 
161.543915 125.482697 
158.535110 117.601715 
167.587784 113.422432 
172.667389 113.548492 
178.957474 113.098907 
188.431076 116.593475 
179.500488 121.866913 
173.193924 123.234077 
167.664032 122.303345 
