68 2
136.968048 93.751801 
138.840790 106.823669 
141.678009 119.313286 
144.933533 131.603806 
150.085175 142.976807 
157.286545 153.323639 
166.272705 162.583466 
176.087936 170.330246 
187.755066 171.950546 
198.791153 168.976395 
207.982666 161.087448 
216.259842 152.112854 
222.715775 141.460068 
226.785339 129.543335 
228.618347 117.247276 
230.536926 104.911674 
231.896866 92.018524 
142.587921 87.586876 
149.042892 82.002235 
157.606323 81.165649 
166.220108 82.927826 
173.976868 85.988472 
193.270081 84.772125 
201.658981 81.574127 
210.236130 80.417839 
218.397537 81.863243 
224.312454 87.096169 
184.553482 94.025986 
184.846832 102.324501 
185.197510 110.578003 
185.608810 119.175102 
175.989532 122.939926 
180.494766 124.862144 
185.278122 126.254234 
190.233215 124.592178 
194.694397 122.567886 
152.647064 95.220978 
157.614151 92.034943 
164.464920 91.986214 
170.266449 95.895203 
164.421631 97.390694 
157.705185 97.687958 
197.301468 95.252167 
203.199234 91.144493 
209.529968 91.181404 
214.558945 93.850327 
210.036819 96.509811 
203.720352 96.586197 
166.901932 138.209061 
173.926071 135.591385 
180.810287 134.337112 
185.410385 135.569504 
191.105408 134.258408 
198.066742 135.286072 
204.294113 137.276398 
198.675354 145.201889 
191.703506 148.945007 
185.819534 149.785339 
180.592041 149.404129 
173.526230 146.460205 
169.650162 138.466385 
180.848587 137.361404 
185.591858 137.903702 
191.402847 137.016220 
201.456360 137.887238 
191.481384 143.133316 
185.568329 144.176086 
180.589874 143.571350 
