68 2
131.517365 80.425354 
131.660049 94.182655 
133.064011 107.817902 
135.714890 121.235809 
139.912247 133.918106 
146.045822 145.474945 
154.579407 155.759003 
165.221725 163.848602 
178.791779 166.616409 
192.777390 165.164871 
204.538742 159.054382 
214.311798 149.839996 
221.607742 138.373795 
226.695999 126.368126 
230.398743 113.641106 
232.592255 100.763580 
233.768234 87.535751 
141.117599 66.126144 
148.032379 60.979965 
156.866165 59.975376 
165.909729 61.317898 
173.749481 65.144585 
195.696701 66.394981 
204.473297 64.785370 
212.831314 65.257607 
220.644257 67.727180 
225.676468 73.435181 
184.290771 76.899406 
183.905807 83.781021 
183.602249 90.722557 
183.442139 97.934975 
172.682861 106.986908 
177.516586 108.563705 
182.510635 109.980942 
187.540207 109.373230 
192.325882 108.608185 
150.933411 77.073303 
156.690674 73.673859 
163.674896 74.317429 
169.549728 78.789398 
163.114120 80.242027 
156.079895 79.954308 
197.883453 81.472641 
204.291748 78.057137 
210.863037 78.857079 
215.870667 82.672127 
210.954361 84.707642 
204.332596 84.048889 
164.303329 129.268372 
170.643600 122.938095 
176.644287 120.120308 
181.157257 121.879112 
186.489288 121.040741 
192.417831 125.208336 
197.253174 131.488724 
191.343887 137.185287 
185.199188 139.242920 
179.687195 139.353546 
174.804794 138.377136 
169.516891 135.630203 
167.825714 128.900101 
176.394623 125.303360 
180.923981 126.051132 
186.174103 126.256378 
194.099869 130.862991 
185.619110 130.881531 
180.237762 131.162521 
175.742554 130.035095 
