68 2
91.252350 106.634659 
91.360123 119.978844 
92.884933 133.847641 
95.401031 147.128296 
100.348442 159.964661 
107.884933 171.211426 
117.227989 180.899780 
127.707817 188.757431 
140.642517 190.237350 
153.247849 187.567612 
163.380478 179.291534 
170.936066 169.009094 
177.210907 157.324371 
181.613953 144.641769 
183.841537 132.083054 
185.214584 119.034515 
185.636658 106.226036 
96.675201 95.797173 
103.105606 89.411301 
112.127632 87.335396 
121.884796 88.495522 
130.868912 91.933624 
147.462952 91.794403 
156.105057 88.023415 
165.189209 86.166283 
174.192322 88.077721 
179.558990 94.894508 
139.838150 101.876755 
139.785995 111.462257 
139.957306 121.081245 
140.004089 130.845261 
128.143005 134.519989 
133.654999 137.335800 
139.741348 139.266891 
145.987518 136.952423 
151.335556 134.276901 
108.150070 103.776268 
113.811768 100.571762 
120.884834 100.519928 
126.340210 104.981682 
120.473267 106.758018 
113.484344 106.835373 
151.856796 104.791229 
158.595032 100.344780 
165.056305 100.005089 
169.959427 103.092926 
165.570419 106.456665 
159.042236 106.675545 
121.024567 154.546539 
128.287628 151.978531 
135.112900 150.248932 
139.710953 151.256821 
144.760666 149.895920 
150.810028 151.029221 
157.347229 152.805283 
150.709625 156.138657 
144.954834 158.031998 
139.746033 158.853958 
134.717361 158.537643 
128.333221 157.153351 
124.561554 154.474289 
135.132050 153.647491 
139.879669 153.941727 
144.806580 153.156555 
153.820419 152.824280 
144.843353 152.912415 
139.772842 153.972260 
134.976700 153.450394 
