68 2
126.991699 96.069633 
126.380806 111.587654 
126.837563 127.265396 
128.096741 142.467926 
132.319931 155.971848 
140.358887 167.456085 
150.954208 177.054199 
162.774033 184.508514 
176.821960 186.114807 
190.136429 183.904434 
201.905609 175.825165 
212.423798 166.799866 
221.036316 155.925552 
226.264496 142.918640 
229.289978 129.846130 
231.263153 116.107330 
232.564667 101.940704 
134.414093 95.105957 
142.627609 87.807159 
154.435730 86.662178 
165.980133 88.930923 
176.705017 93.462036 
190.314423 93.131729 
200.797363 89.247795 
211.837296 87.934097 
222.280457 90.681915 
228.130157 98.580963 
183.497345 100.908035 
183.134705 111.430702 
182.805649 121.917686 
182.587814 132.542587 
169.151093 135.600632 
175.043762 138.068954 
181.170334 140.222229 
187.379532 138.579773 
192.772263 136.361069 
147.171204 100.962761 
153.320084 98.091026 
160.428864 98.231064 
166.610352 102.390228 
160.225174 103.790192 
152.989395 103.830116 
196.590103 103.260338 
203.485321 99.242989 
210.605515 99.961914 
215.771835 103.131599 
210.568008 105.483429 
203.627960 105.224068 
157.421951 150.914673 
166.499908 149.148788 
174.129044 148.616241 
178.941345 150.491516 
184.895416 149.220718 
191.731293 150.553406 
198.042526 153.090195 
190.691376 157.711288 
183.541428 160.276947 
177.431107 160.737366 
172.186035 159.992416 
165.071259 157.548340 
160.955307 151.109207 
173.935318 152.282135 
178.761398 153.281448 
184.656448 152.797562 
194.113632 153.114471 
184.221039 153.094147 
178.144836 153.669998 
173.392685 152.956894 
