68 2
131.332657 122.936401 
131.874817 142.363342 
134.461349 161.669739 
138.909424 180.506165 
145.398499 198.143631 
154.815674 214.392883 
167.061096 227.666611 
181.937897 237.350861 
199.365662 239.883789 
216.409790 236.499893 
230.132355 226.844910 
241.517822 213.111893 
249.976105 197.770691 
255.714844 181.382156 
260.080322 164.515167 
263.528931 147.432938 
265.395142 129.543533 
140.107452 114.067589 
150.121918 106.638474 
163.421783 105.768425 
176.649460 109.157753 
188.373657 115.242592 
218.201492 116.385605 
230.292786 112.417282 
242.340881 111.004745 
253.962433 113.067413 
260.868408 121.010010 
203.826370 130.257263 
203.646561 139.401611 
203.516418 148.679398 
203.513611 158.177032 
188.738556 168.496017 
195.244522 170.114410 
201.822540 171.461914 
208.009644 170.980255 
213.938858 169.991516 
156.134125 127.937080 
164.174744 124.250885 
173.449402 125.260445 
181.574173 130.928329 
172.884781 132.205566 
163.561615 131.758408 
221.817139 133.506287 
230.968155 128.720398 
239.621170 129.377274 
246.097794 133.418442 
239.623703 136.279343 
230.701309 135.687469 
174.041748 194.535446 
184.402802 188.896057 
194.087997 186.542343 
199.959061 188.743515 
206.718079 187.259613 
215.228943 191.053986 
222.643814 197.114365 
215.068390 204.681702 
206.830002 207.651031 
199.201630 208.427338 
192.200989 207.476639 
182.747452 203.352356 
177.554642 194.643448 
193.427795 191.835739 
199.806564 192.695328 
207.318329 192.174637 
219.620743 197.159042 
207.258713 199.274750 
199.714172 200.297821 
192.889008 199.170807 
