68 2
112.874901 102.499245 
114.619804 123.636299 
117.959557 143.328125 
121.928658 162.609024 
127.823677 181.490692 
136.946838 199.002365 
149.743317 213.430573 
165.061356 223.398651 
184.139130 226.571152 
203.497314 223.016663 
220.651733 212.718628 
234.225342 199.017471 
244.653885 182.385773 
251.006760 163.675491 
255.054031 144.512405 
258.509277 125.083443 
261.144653 105.132309 
120.881317 86.318169 
131.137527 76.551994 
145.315460 73.964203 
160.088165 76.536041 
173.630798 81.434944 
199.713593 82.399208 
213.411728 77.584869 
227.133041 74.731491 
241.470703 77.038559 
252.181641 86.081505 
186.583847 92.269753 
186.152893 102.727638 
185.604492 113.165161 
185.044037 124.063141 
169.600647 136.103058 
176.894547 138.631302 
184.996643 140.328445 
193.437637 138.783310 
200.956848 136.268677 
136.260315 97.552238 
144.410431 94.696770 
153.592926 93.996284 
161.977722 96.639442 
153.427536 97.371277 
144.501114 97.977829 
210.051239 97.188927 
218.949081 94.953949 
227.914139 95.589798 
235.898270 98.352905 
228.088943 98.872452 
219.227386 98.015358 
158.334213 172.201126 
167.380234 162.888748 
177.512207 159.341629 
184.716141 161.605347 
192.662994 160.057648 
203.288132 164.242798 
213.471420 172.227890 
203.139633 185.177429 
192.443192 189.968750 
183.710373 190.919159 
175.819611 189.559067 
166.362610 184.369003 
164.387299 171.752701 
177.576981 165.840698 
184.720581 167.333618 
192.346756 166.666595 
207.252899 172.335037 
192.185013 177.760284 
183.899567 178.923157 
176.421341 177.406601 
