68 2
145.248138 103.431465 
145.018631 117.810738 
146.877167 131.810547 
150.244614 145.373840 
155.264542 158.015839 
161.399765 169.927170 
170.643982 180.233582 
181.782822 188.213562 
196.906326 191.459717 
212.475281 189.485077 
225.687241 182.605042 
236.349197 173.100540 
243.682541 161.656662 
249.004990 149.051514 
252.650452 135.706482 
255.602188 122.426064 
257.200317 108.302155 
154.988983 83.023911 
162.048264 76.656837 
171.616806 74.500664 
181.396240 76.335693 
190.019226 80.256142 
212.489990 81.119225 
221.957581 78.659218 
231.621231 78.609055 
240.968826 81.346397 
247.060577 87.849030 
200.720657 93.095757 
200.749817 99.477066 
200.781143 105.614151 
200.822205 112.378868 
190.074768 123.415314 
194.700378 125.043892 
199.591446 126.048584 
204.988693 125.541344 
209.801788 124.419609 
165.285629 94.932899 
171.749634 90.345108 
179.689590 90.763718 
185.511322 96.497139 
178.914764 97.952187 
171.239151 97.709160 
215.508759 98.178535 
222.944321 93.279297 
230.549728 94.004890 
235.837463 99.076202 
230.103348 101.252022 
222.620117 100.540436 
181.676102 150.934387 
186.822510 141.788467 
193.712708 137.467224 
198.939560 138.657364 
204.964279 138.085022 
212.055069 143.645386 
216.802673 152.423172 
211.096649 159.343384 
204.471954 162.806091 
198.162231 163.561737 
192.203583 162.628189 
185.896088 158.809387 
185.348038 150.445251 
193.081863 144.422440 
198.708069 144.406250 
204.970276 145.228455 
213.683716 151.832443 
204.988968 153.686691 
198.712708 154.501678 
193.014435 153.218719 
