68 2
172.398544 74.466476 
173.811661 84.733353 
175.830093 94.555992 
178.889725 104.233147 
183.056046 113.176529 
188.621292 121.396332 
195.988800 128.642578 
204.376785 134.081512 
214.307495 135.406311 
224.399979 133.409164 
232.758118 127.362144 
239.565491 119.995171 
244.644470 111.316521 
247.910263 102.156593 
249.837723 92.392685 
250.969406 82.463089 
251.383926 72.480385 
179.168243 58.323135 
184.438690 54.761063 
191.021973 54.048840 
197.620728 55.004364 
203.685867 57.209518 
220.917664 56.392284 
227.202438 54.819057 
233.057510 54.109039 
239.021027 55.095455 
243.399872 58.537537 
212.724884 65.439140 
212.983078 70.688202 
213.304688 75.920013 
213.634705 81.344429 
206.196854 88.387383 
209.736343 89.300201 
213.322510 89.962074 
216.933624 89.404953 
220.219421 88.570496 
187.593063 67.508598 
191.396317 64.457657 
196.597122 64.206818 
200.922012 67.051254 
196.665115 68.827530 
191.742004 69.172546 
223.451889 66.984932 
227.519470 64.178375 
232.352783 64.579300 
235.933167 67.330742 
232.518173 69.087463 
227.850800 68.791962 
201.435623 106.636833 
205.110947 100.915115 
209.146179 97.921005 
212.933197 98.520363 
217.131943 97.951324 
221.935074 101.379059 
225.627243 106.670715 
221.962860 111.139160 
217.599426 113.271606 
213.329590 114.041573 
209.245789 113.531219 
205.221252 111.397598 
204.429840 106.321564 
209.421310 102.305771 
213.107727 102.203278 
217.205627 102.277100 
222.662460 106.383698 
217.387848 107.094009 
213.316940 107.891457 
209.502487 107.282806 
