68 2
108.199432 134.263748 
109.204903 148.313019 
111.822021 161.788437 
115.326050 175.123047 
120.461029 187.685928 
127.670982 199.134644 
137.365448 208.359055 
148.763962 214.283157 
161.348984 215.347595 
172.742950 212.771133 
182.622375 205.319901 
190.597244 196.246445 
195.551331 184.388092 
199.214966 172.061172 
202.349060 160.224426 
204.742111 147.638260 
205.509583 135.112869 
117.765274 121.590179 
124.972572 114.640800 
135.424210 111.828712 
146.023499 112.720634 
155.510559 116.817978 
166.526993 116.411041 
175.862518 113.312653 
185.564224 112.627724 
194.681931 115.438080 
199.926941 122.197212 
161.693451 128.279419 
162.046326 137.258224 
162.461243 145.934494 
162.893951 154.918747 
152.817276 162.979813 
157.329620 163.915222 
161.857254 164.801819 
165.866089 164.229111 
169.549713 163.301682 
128.942169 130.731964 
134.829346 128.027405 
141.232620 128.028107 
146.449646 131.569702 
141.001648 133.015762 
134.531616 133.035904 
173.108582 131.574402 
178.878265 128.006577 
184.806931 128.146469 
189.615784 130.792816 
185.124283 132.856064 
179.293991 132.912308 
146.023773 184.655716 
151.540787 178.964218 
157.711578 175.834900 
161.617569 176.846848 
165.651779 176.055756 
170.876740 179.398743 
175.072128 184.434341 
170.547134 190.060471 
165.704269 193.202591 
161.446564 193.848938 
157.223999 193.236679 
151.594452 190.417938 
149.736328 183.864288 
158.117859 180.070251 
161.555054 180.518616 
165.093414 180.188080 
171.600723 183.838715 
165.156418 186.098953 
161.470718 186.846619 
157.974945 186.189728 
