68 2
110.344757 143.073425 
110.967995 155.880356 
113.351715 168.875153 
116.799774 181.286560 
121.374786 192.681839 
128.532410 202.925476 
139.231766 209.914215 
151.819168 214.400879 
165.207275 214.402878 
178.558487 211.304504 
190.413162 205.462662 
201.135086 197.849777 
208.203796 187.918839 
212.979874 176.240540 
215.991135 164.470520 
217.486069 152.274292 
217.960510 140.059540 
118.037079 123.982941 
124.421349 117.020859 
133.541153 113.972397 
143.577240 115.117325 
152.749954 119.191078 
169.409668 118.765587 
178.392914 114.338867 
188.035828 112.622795 
197.427521 114.348495 
204.506302 120.040771 
160.537842 129.538498 
160.064758 134.304749 
159.690964 139.014893 
159.381409 144.189651 
153.468918 157.842072 
157.007401 157.860931 
160.566315 157.895309 
164.427383 157.597595 
167.997086 157.132416 
128.774719 135.595413 
134.340088 131.001190 
141.350266 130.365067 
147.678925 134.095032 
141.728134 136.442322 
134.671463 137.248886 
174.733307 132.676224 
180.711594 128.167892 
187.556793 128.247238 
193.272629 132.011093 
188.090500 134.544220 
181.293396 134.563187 
145.628769 183.672913 
151.079041 173.961472 
157.503479 168.532791 
161.354218 169.300888 
165.639709 168.044159 
173.821365 172.938416 
181.170151 181.117081 
174.526398 186.978882 
167.218781 188.900848 
162.530136 189.445740 
158.253632 189.789383 
151.813263 188.326340 
149.055038 182.471786 
158.137100 175.622879 
161.871292 175.035568 
166.466370 175.008026 
177.846848 180.614395 
166.657654 180.454559 
161.884796 180.906479 
158.148254 181.239792 
