68 2
167.126312 69.883301 
168.698761 84.999664 
171.718933 100.118355 
175.189850 114.687431 
181.164368 128.193970 
191.135910 139.547318 
202.992737 149.053406 
215.838486 156.997574 
230.131287 158.200394 
242.513947 154.291794 
251.906281 143.849991 
260.041626 131.861893 
266.489929 118.816566 
269.416168 105.256866 
271.153961 91.577599 
271.980743 77.616020 
272.072571 64.091469 
177.612717 63.834099 
185.263168 57.793430 
194.792099 55.138412 
205.217911 55.923401 
215.142441 58.167622 
234.834473 56.437744 
243.744934 52.443737 
252.898712 50.200684 
262.058868 51.005562 
268.864563 56.236828 
226.112183 67.091751 
226.720566 76.271286 
227.342896 85.333649 
228.079803 94.791252 
216.408752 102.348648 
222.042999 103.595192 
228.016708 104.874458 
233.636719 103.476685 
238.852463 102.082947 
189.220978 71.736931 
195.552872 68.569763 
203.363480 67.929024 
209.852966 71.188583 
203.397980 73.671417 
195.667114 74.550079 
239.543243 69.250908 
246.359558 64.969894 
253.683044 64.583717 
259.116821 66.990173 
254.319397 70.466621 
247.206482 70.806633 
208.226837 124.338593 
216.454865 120.636932 
223.640518 117.818535 
228.352859 119.167427 
233.487732 117.594971 
240.637772 120.161674 
248.007385 122.765167 
241.479797 130.709595 
234.965027 134.632950 
229.177872 135.877960 
223.620926 135.070862 
216.219299 131.389053 
211.800858 124.130005 
223.603439 121.799835 
228.463654 122.233192 
233.824402 121.480621 
244.583084 123.134247 
234.276154 126.403633 
228.658722 127.904961 
223.623840 126.898697 
