68 2
153.559616 84.009956 
155.333389 97.314651 
158.009933 110.237389 
160.506958 122.990234 
165.197617 133.908051 
173.342575 142.932861 
183.200226 150.375885 
193.989685 156.483826 
206.283493 157.801163 
218.076996 155.247559 
227.869629 147.668640 
236.405869 139.099121 
242.308167 129.461273 
245.056046 117.879723 
246.400528 105.896576 
247.729675 94.339394 
248.555664 82.361710 
163.409851 72.262253 
168.719406 64.773529 
177.437378 61.470844 
186.557602 62.650810 
195.101395 66.129654 
217.853333 67.178108 
225.558289 64.196320 
233.013504 63.482647 
239.877502 66.209358 
243.976318 72.108734 
207.370499 79.195755 
207.723938 86.771378 
208.126083 94.133636 
208.644852 101.844757 
197.948151 110.153282 
202.931900 111.260300 
207.951675 112.219856 
212.543274 111.237335 
216.864441 110.352798 
173.804153 82.177582 
179.493347 79.289932 
186.195740 79.215546 
192.090378 82.697441 
186.053436 84.143616 
179.419937 84.450958 
218.645432 83.204323 
225.269043 80.234413 
231.594238 80.710999 
236.233231 83.553177 
231.408798 85.316612 
225.221436 84.895981 
186.883133 127.080040 
195.732239 124.044136 
203.125290 122.511368 
208.427551 123.784843 
213.969437 122.610077 
219.942749 124.280724 
225.502869 126.529999 
219.496796 132.062592 
213.468567 134.141785 
207.685486 135.022141 
202.040634 134.564590 
194.878082 132.601074 
190.084473 127.464828 
202.904678 126.998222 
208.366974 127.490143 
214.137482 126.940887 
222.862366 127.009018 
213.558746 127.978241 
207.717499 128.785202 
202.270386 128.238953 
