68 2
124.862221 113.131187 
125.182808 129.031616 
127.090561 144.680084 
130.426331 160.072754 
135.622879 174.519226 
145.290558 186.475769 
158.670395 195.295959 
173.288925 201.928284 
189.790161 203.247131 
206.152390 201.096420 
221.304092 194.696030 
235.330872 186.058334 
246.395935 173.908401 
253.494461 157.938553 
256.588837 141.729706 
258.070435 124.761948 
258.310669 108.196686 
133.690842 87.133949 
139.726578 76.662750 
150.470428 71.499084 
162.838409 70.263336 
174.090027 73.192245 
200.751236 71.774727 
212.332870 67.309303 
225.158752 67.379608 
236.927551 71.822807 
245.104767 81.110146 
186.536499 92.409409 
186.415283 102.578331 
186.302490 112.674973 
185.929749 122.949013 
174.296814 133.602371 
180.367050 134.728409 
186.751465 135.870605 
194.128128 134.403702 
201.100647 133.267670 
146.051895 98.993568 
152.482132 92.938454 
161.432343 92.300735 
169.197479 97.822174 
161.494522 100.143387 
152.876877 101.118797 
207.414627 95.888924 
214.895813 88.692009 
224.285843 88.753777 
231.499298 94.315605 
225.115921 96.956276 
216.090775 97.153076 
165.611298 159.993835 
172.112671 151.623337 
179.942657 147.181198 
185.884109 148.391068 
192.411011 147.481323 
202.457642 152.294388 
212.253479 159.598709 
202.873840 165.862305 
193.336029 168.049301 
186.513153 168.219666 
180.209808 167.650620 
172.479279 165.173401 
170.171341 158.613068 
180.223495 153.830368 
186.223541 154.370178 
192.651016 154.183365 
206.994217 158.573761 
192.582336 157.967499 
186.016022 158.472717 
179.976135 157.954132 
