68 2
116.154457 109.570450 
116.958061 121.354507 
118.762520 132.661484 
121.588760 143.922577 
126.216888 154.141815 
132.575806 163.092941 
141.395142 169.801941 
151.927277 174.458450 
164.935272 175.360962 
177.388321 173.089661 
187.939774 167.749863 
196.699677 160.166809 
202.990250 151.277695 
207.103226 140.723938 
208.993378 129.364304 
209.864014 117.994804 
210.351074 106.737411 
123.013763 94.908279 
127.772476 88.242561 
135.392288 84.706612 
144.165543 84.781296 
152.273270 86.887657 
169.983673 86.304771 
178.490417 83.796494 
187.306534 83.432533 
195.551392 86.288116 
201.471405 92.082764 
161.468613 95.748917 
161.539108 100.374603 
161.547028 104.966080 
161.653229 110.033417 
153.813492 121.220863 
157.999695 122.378922 
162.242569 122.911224 
166.654099 122.267471 
170.754837 121.006432 
132.935257 101.809814 
137.760117 98.453506 
143.864883 97.818695 
149.859406 100.690880 
144.305786 102.284370 
138.079529 103.151711 
174.219696 100.271393 
180.255295 96.901337 
186.253662 97.108467 
191.153748 100.112495 
186.418045 101.854210 
180.345932 101.626465 
144.946487 142.328445 
151.800217 137.760208 
158.032471 135.029388 
162.201202 135.948151 
166.534805 135.162582 
173.323868 137.720322 
180.394516 141.730789 
173.407455 144.502014 
166.774765 144.845367 
162.209290 144.964172 
157.779221 144.984406 
151.522141 144.750641 
148.150208 141.515228 
157.927979 138.573181 
162.340637 138.678711 
166.899460 138.693161 
177.174179 141.279617 
166.741638 141.183105 
162.002258 141.373184 
157.582001 141.294601 
