68 2
151.128830 70.329506 
151.828430 84.689667 
153.962402 99.158882 
157.330109 113.419449 
163.202972 126.742462 
171.155701 138.651917 
181.230118 148.161087 
192.688782 154.344803 
206.010269 154.780655 
218.027405 151.386276 
227.269516 142.839935 
234.722717 131.941605 
240.123596 119.666168 
244.101288 106.016220 
246.143250 92.509544 
246.963699 78.266075 
247.005646 64.688454 
157.526855 56.967129 
163.700897 51.123672 
172.604553 48.263035 
181.992126 48.764683 
190.542389 51.869061 
209.672821 50.536301 
216.841202 45.418751 
225.343246 42.812157 
233.730988 43.728905 
239.685715 49.142040 
200.846176 61.265362 
201.762512 71.299629 
202.748291 81.478638 
203.562759 91.718887 
192.681152 97.062103 
197.895447 99.306702 
203.393494 100.688263 
208.962234 98.557579 
213.504913 95.852943 
168.776428 65.417519 
173.987106 62.118496 
180.719345 61.586372 
186.252777 64.773926 
180.757080 67.258652 
173.984619 67.832184 
214.216248 62.861713 
220.480621 58.422852 
226.653122 57.857929 
231.328430 60.453171 
227.377899 63.943863 
221.052994 64.232529 
183.781708 120.521225 
192.043900 117.477943 
199.327530 115.465454 
204.110046 116.137054 
208.983459 114.863960 
215.040588 115.530151 
221.223892 116.708145 
215.431137 120.450020 
209.562317 122.259415 
204.268417 122.986176 
199.139221 123.217583 
191.839050 122.819756 
187.359940 119.485977 
199.375458 118.054672 
204.218842 118.450508 
208.997421 117.418976 
217.585648 116.615669 
208.986389 116.905678 
204.049393 117.979248 
199.280273 118.052284 
