68 2
106.712616 125.188042 
106.290672 139.788193 
107.450676 154.631088 
110.003174 169.043533 
114.870514 182.867950 
121.312256 195.522446 
129.223312 207.483337 
139.596359 216.877213 
152.975571 219.272278 
166.688889 216.885223 
177.909439 208.405945 
187.225876 197.489899 
195.374573 185.114639 
201.636749 171.416489 
204.992401 157.433746 
207.354843 143.168701 
208.876892 128.485168 
112.163849 114.996582 
119.299805 110.700722 
128.255539 110.810463 
137.352661 113.023651 
145.541382 116.948105 
168.900940 116.878647 
177.690109 112.478622 
187.084229 110.371857 
196.272430 111.828011 
202.347214 117.813301 
156.611099 126.971664 
155.827255 138.985321 
155.127945 151.026657 
154.299911 163.004822 
142.820267 163.108887 
147.844574 166.507019 
153.890244 169.306793 
160.885941 166.792084 
166.773499 163.638519 
122.511139 125.228325 
128.865250 122.143745 
136.474472 122.661163 
142.064270 127.431000 
135.552307 129.729156 
127.970406 129.483780 
171.434464 128.669693 
178.139084 123.794136 
185.389343 123.939751 
190.302353 127.455605 
185.583344 131.211655 
178.400818 131.117371 
134.107620 183.052917 
141.602676 181.013657 
148.738113 179.359039 
153.639755 180.446701 
159.480743 179.438583 
166.307785 181.096268 
173.301636 182.726395 
166.606857 190.125137 
159.411377 193.309982 
153.161560 194.101898 
147.559830 193.325348 
140.834579 190.240555 
137.618118 183.602051 
148.496765 184.173401 
153.646790 184.671646 
159.519958 184.414124 
169.823792 183.614822 
159.631683 185.400009 
153.445404 186.109344 
148.391083 185.336670 
