68 2
154.725433 68.646172 
155.654327 79.828270 
157.550598 90.428413 
159.717743 100.669479 
163.064346 110.052208 
168.363098 118.752579 
176.003372 125.769005 
184.782333 131.094650 
194.857040 132.402054 
204.528702 130.456924 
212.743637 125.679771 
219.816299 119.165894 
225.082870 111.063065 
228.299942 101.912521 
230.343674 92.247162 
232.457413 81.910469 
233.993622 71.566864 
162.421173 64.412697 
167.915070 60.242878 
175.132111 59.608974 
182.103012 60.919575 
188.744690 63.297146 
201.354919 63.731514 
208.377548 61.948601 
215.425507 61.427063 
222.212341 62.921246 
227.101501 66.942818 
195.472565 70.235268 
195.522522 76.670029 
195.556076 83.097717 
195.571854 89.892426 
186.916321 94.571045 
190.868195 95.990387 
194.937469 97.171860 
198.849594 96.009636 
202.467117 94.606621 
169.551941 71.111603 
174.027222 68.776337 
179.573761 69.102150 
183.975082 72.399414 
179.054703 73.586151 
173.576385 73.521439 
205.276779 73.074486 
210.174927 69.941925 
215.440689 70.346764 
219.579895 72.756439 
215.739471 74.841499 
210.544434 74.729256 
179.009094 107.779884 
184.865143 105.576294 
190.365784 104.359406 
194.247253 105.380333 
198.593323 104.513145 
203.993240 106.234009 
208.783783 108.392609 
204.082428 113.181183 
198.753586 115.160927 
194.179474 115.507362 
189.771790 115.046356 
184.384552 112.992889 
181.370773 108.065079 
190.131195 106.961815 
194.125580 107.364113 
198.648605 107.184601 
206.393463 108.732193 
198.723282 110.831146 
194.171188 111.308441 
190.026718 110.800049 
