70 2
125.057823 113.572304 
126.852089 132.717194 
130.358734 151.722961 
134.799088 170.563904 
141.435791 187.799866 
152.688171 203.274567 
168.046127 214.915680 
185.688004 223.228043 
204.288605 225.573639 
222.067963 222.409882 
236.650574 212.778152 
247.442657 200.053421 
253.571014 183.897034 
257.420288 166.617249 
261.240417 150.406815 
264.558441 133.153732 
265.700012 115.603134 
138.880371 85.736763 
149.201340 78.149208 
162.606766 76.377357 
176.113983 78.657211 
188.119736 83.662079 
216.437592 85.447075 
227.598602 81.093178 
239.812439 81.221092 
250.720215 85.943184 
257.323425 95.229210 
202.987762 101.182617 
203.515396 114.488319 
204.068497 127.563873 
204.488968 140.917221 
188.511307 149.289856 
195.835541 151.774719 
202.931763 153.245956 
209.806717 152.276428 
215.987747 151.111115 
154.013672 100.757965 
161.933929 95.726006 
171.829285 96.611374 
179.727142 103.330696 
171.047134 105.362701 
161.288254 105.175980 
218.870819 106.769577 
227.475311 101.089752 
236.971252 102.290504 
243.703476 108.004379 
236.953339 110.792015 
227.777664 109.997818 
177.957733 177.793137 
186.955994 171.161850 
195.691895 167.711441 
202.750092 169.551239 
210.530975 168.495956 
219.591492 174.057236 
226.972076 181.070343 
219.080231 188.494034 
210.302811 191.637711 
201.986572 192.377686 
194.029785 190.633316 
185.845459 186.228287 
181.815201 177.687958 
194.949173 172.631668 
202.619659 173.139587 
210.647995 173.751038 
223.159119 180.853378 
210.288437 182.678177 
202.234558 183.629776 
194.431900 182.109009 
168.500000 97.166664 
225.166672 107.500000 
