68 2
169.998245 119.672554 
170.864380 132.368683 
172.409027 144.679016 
174.104034 157.456818 
178.084930 169.117966 
184.612442 179.449005 
192.912827 188.674866 
202.588287 196.967194 
214.722504 199.519852 
226.396545 197.393204 
236.970734 190.019562 
246.333084 182.197800 
254.075546 172.724808 
259.349548 161.581406 
262.730804 149.095901 
265.499847 137.135956 
267.981079 124.676910 
176.298462 106.636597 
181.801163 99.702080 
190.532471 96.876053 
199.771194 98.396500 
208.212280 101.864540 
230.012482 104.068008 
239.085907 101.792130 
248.017120 101.571617 
256.151886 105.066132 
261.497528 111.642227 
218.790222 115.401176 
218.312195 123.326508 
217.802368 131.118622 
217.328674 139.183243 
207.214401 146.461533 
211.818497 147.906189 
216.619751 149.301682 
221.417694 148.393295 
226.167389 147.725525 
185.005142 116.105797 
191.284698 112.543602 
199.012405 112.967239 
205.325317 117.920044 
198.450272 119.137978 
190.892395 119.116348 
231.364960 119.796509 
238.785400 115.755455 
246.096405 116.568657 
251.263290 120.622978 
245.784042 122.569717 
238.533508 121.763252 
197.344452 164.698166 
204.003967 160.466690 
211.439575 158.462570 
216.409164 159.784409 
221.725693 159.032166 
228.434784 162.122116 
234.137283 166.606598 
227.921204 174.894043 
221.150330 178.673294 
215.475220 179.597122 
209.944031 178.835205 
202.620224 174.700195 
200.340347 165.148087 
211.167877 162.770477 
216.245895 163.203064 
221.758026 163.158630 
231.027405 166.705139 
221.417908 172.096893 
215.632507 172.843445 
210.279694 171.868179 
