68 2
118.713173 89.581985 
118.274261 103.469498 
119.076973 117.144272 
120.826088 130.845795 
124.334648 143.910522 
129.784424 156.022507 
138.053207 166.553940 
146.994217 175.756149 
158.919891 179.403015 
171.077316 177.993317 
182.076340 171.382111 
191.918655 162.728149 
199.698669 152.017746 
205.316589 140.198654 
209.290497 128.286133 
213.536804 115.481483 
216.706116 102.163307 
126.595474 84.717331 
133.763412 80.273323 
143.016083 80.598282 
151.631424 83.559364 
159.152084 87.894341 
177.367325 89.558418 
186.659271 87.303848 
195.760529 87.280991 
204.127518 89.588242 
209.568787 95.486404 
167.388214 98.140450 
166.599457 105.958466 
165.881683 113.656631 
165.082962 121.760498 
154.469086 126.230675 
158.901230 128.702728 
163.647659 130.746277 
168.732666 129.899139 
173.473938 128.632553 
134.628113 94.669769 
140.550049 91.841644 
147.700180 93.018013 
152.800674 97.996269 
146.740479 98.987885 
139.540817 98.262726 
180.623276 101.324066 
187.166458 97.741295 
193.928772 98.751228 
198.533585 102.610374 
193.596039 104.738586 
186.822617 103.751236 
144.372330 143.754700 
151.012756 141.233948 
157.758240 140.585632 
162.189728 142.708511 
167.632034 141.895920 
174.035538 144.376404 
179.279114 148.064438 
173.129013 154.894623 
166.216385 157.498505 
160.396362 157.596619 
155.177109 156.273621 
149.255310 152.132141 
146.992111 144.202240 
157.116196 144.700989 
161.926895 145.956482 
167.479218 145.916321 
176.692749 147.930923 
166.853455 150.669342 
161.031189 150.996140 
156.196915 149.365295 
