68 2
173.197388 109.631897 
172.741104 123.913300 
173.873505 137.459061 
175.451630 151.246765 
178.551498 164.466537 
184.287643 176.953262 
192.757095 187.969589 
203.805206 196.891815 
216.853622 199.896408 
229.493820 198.589096 
241.436462 191.564102 
252.198730 183.001938 
259.888062 171.948044 
265.019531 159.593353 
269.408813 147.212723 
273.336151 134.493561 
276.214935 121.673058 
180.428848 99.837471 
187.937317 91.577484 
199.088959 88.465668 
210.474075 90.818726 
220.553650 96.339211 
235.087952 97.098602 
246.096924 94.566353 
256.778717 95.254097 
266.204224 100.250885 
271.118042 108.974579 
226.917419 109.232811 
225.902527 119.529579 
224.821762 129.564194 
223.745956 139.933731 
212.907410 147.056641 
217.286331 148.065216 
221.597214 149.474060 
225.922104 149.222733 
229.944397 149.040344 
191.900955 107.157227 
198.353622 104.009125 
205.864944 104.961166 
211.375565 110.745178 
204.961960 111.380196 
197.479172 110.646233 
239.121338 113.906441 
246.411865 109.470512 
253.716934 110.283188 
258.850189 114.584511 
253.417938 116.713242 
246.479309 115.968719 
199.388412 165.146927 
207.982574 163.550491 
215.103058 162.407486 
218.765427 164.046555 
223.439423 163.370407 
230.204590 166.531433 
236.714325 169.846115 
229.419266 173.343323 
222.712097 174.886810 
217.878311 174.969147 
213.341034 173.919281 
207.053207 170.939453 
202.536591 165.636887 
214.621170 167.832443 
218.363739 168.797714 
222.890533 168.652603 
233.568359 169.585312 
223.069229 167.809357 
218.530029 168.148239 
214.668503 167.293060 
