68 2
111.241943 104.900993 
111.896011 117.003891 
113.724075 128.560410 
116.471260 139.570496 
120.779633 149.893661 
126.527260 159.042969 
134.708084 166.655273 
144.703156 172.560638 
157.318985 174.467484 
169.759415 172.358704 
180.389618 166.974106 
189.701370 159.471603 
196.605881 150.570480 
201.482239 140.141052 
204.241730 128.360123 
205.561218 116.401558 
206.107971 104.654327 
119.117050 88.952286 
123.957794 82.113121 
131.962860 78.520958 
141.086121 78.501778 
149.556732 80.708038 
166.687927 80.132477 
175.481583 78.087341 
184.381714 78.340492 
192.539352 81.928719 
198.253555 88.417999 
157.355133 90.857758 
157.309464 95.624336 
157.118073 100.115440 
157.087463 105.039948 
149.192566 116.509209 
153.256714 117.196342 
157.337830 117.444984 
161.731232 117.113266 
165.842590 116.313385 
128.739609 97.379982 
133.738129 93.929619 
139.978409 93.357841 
145.891708 96.278358 
140.440781 97.851372 
134.240158 98.580620 
170.069717 95.887672 
176.118240 92.747047 
182.052200 93.024849 
186.953217 96.144096 
181.946228 97.792450 
176.012405 97.397369 
140.142181 138.789932 
145.527634 132.173126 
151.806961 128.140060 
156.866272 128.669006 
162.406311 128.402603 
168.980423 132.419907 
174.683899 138.366211 
168.506393 142.389847 
162.062866 144.243362 
156.488953 144.997772 
151.335861 144.506104 
145.427139 142.705688 
143.464859 137.817566 
151.994598 133.519745 
157.120087 132.881592 
162.803818 133.646881 
171.512527 137.784302 
162.292419 138.963181 
156.493179 139.672119 
151.400330 139.240753 
