68 2
133.670105 90.484055 
135.216125 109.062798 
139.010025 127.379623 
143.072769 145.095810 
149.484680 162.285477 
159.888168 177.368057 
173.462540 189.754318 
189.293884 199.171692 
207.582001 201.018417 
225.032150 197.426941 
240.547150 187.889221 
253.739578 174.915787 
263.038208 159.802002 
268.023834 142.598831 
270.482391 124.196129 
272.667938 105.943489 
273.498993 87.363098 
142.981873 77.292412 
152.475174 69.530281 
165.048004 67.760803 
177.677002 70.427299 
189.412735 74.993073 
212.052811 73.213150 
225.606842 68.476349 
238.599045 65.778824 
251.734619 67.654434 
261.544434 74.022392 
201.459442 89.472534 
201.387360 101.469765 
201.392380 113.503242 
201.397385 125.823364 
188.474457 135.014145 
195.237061 137.124115 
202.394226 138.805557 
209.520279 136.418808 
216.041000 134.185272 
158.914246 91.694023 
167.052734 87.079697 
176.814377 87.395851 
184.849350 94.175629 
176.309906 96.282364 
166.375122 95.888535 
219.903137 93.208549 
228.306534 85.893501 
237.774109 85.526169 
245.732361 90.007118 
238.930496 94.296127 
229.458908 94.756630 
176.931442 156.841827 
188.013489 154.293823 
197.740952 151.995972 
203.751328 153.629166 
210.154602 151.536926 
220.798264 152.838928 
232.738983 153.854507 
221.879868 162.574677 
212.028229 167.366272 
204.846237 168.920395 
198.077484 168.601181 
188.184830 165.217743 
181.062973 158.184128 
197.753632 158.692993 
204.162048 158.787903 
210.952255 157.621704 
228.457336 155.396317 
211.179993 158.578659 
204.266449 159.780899 
197.845352 159.524231 
