68 2
137.839096 91.034706 
138.605087 103.406860 
140.136169 115.335556 
141.674255 127.037262 
145.412643 138.166443 
151.410950 148.564758 
159.722778 157.397873 
168.845840 165.203094 
179.350052 167.508102 
189.520493 165.997116 
198.519882 159.592087 
206.674622 151.925095 
213.266724 142.620712 
217.747910 131.976685 
220.585846 120.634155 
223.553329 108.777008 
226.136459 96.766701 
145.439392 85.904922 
151.437698 81.453445 
159.361191 80.985588 
167.173798 82.981461 
174.283112 86.188080 
192.115372 86.875214 
199.917267 84.573135 
207.836594 84.073608 
215.053772 86.040497 
219.837296 91.148163 
182.998886 94.544533 
182.981033 102.603424 
182.913925 110.602211 
182.819656 118.939804 
173.419556 121.520996 
177.400238 123.584351 
181.655533 125.416191 
186.271957 124.156898 
190.356689 122.515465 
153.737167 94.593498 
158.453918 92.235825 
164.286316 92.470627 
169.058563 95.693657 
164.047989 96.897377 
158.235550 96.931061 
194.686203 97.358490 
200.276550 94.871773 
205.840897 95.356133 
210.154648 98.015457 
205.821411 99.874962 
200.278900 99.321503 
164.032898 136.678040 
170.411499 134.887314 
176.330261 134.456177 
180.514954 136.051788 
185.467346 135.152039 
190.761337 136.346695 
196.094177 138.990692 
190.354492 143.646027 
184.758484 145.203552 
179.875946 145.299210 
175.395721 144.606384 
169.734711 142.587723 
167.150375 136.951126 
176.114487 137.921158 
180.322693 139.113495 
185.279877 138.487701 
192.930099 138.740051 
184.989395 139.297913 
180.099991 139.626617 
175.846832 138.806137 
