68 2
134.595490 116.392456 
134.355301 136.986847 
135.546249 157.907761 
138.738205 177.736511 
146.206116 195.919708 
157.971741 212.912888 
172.429520 227.991516 
188.183609 239.783585 
205.413956 242.921448 
220.699219 238.550888 
231.690079 225.801987 
241.672852 210.841324 
251.259705 195.418976 
258.591736 179.790588 
263.676178 163.611786 
266.266174 147.042419 
266.988129 129.960358 
153.336487 118.448120 
165.129822 113.894012 
178.338486 116.560005 
190.531525 121.338623 
201.377869 128.242218 
229.395020 130.297531 
239.544128 124.910187 
250.064072 121.686996 
260.356049 120.803192 
265.990601 126.803238 
216.040314 141.896301 
216.536438 153.563660 
217.352264 165.307556 
218.196289 177.154846 
198.265228 180.757782 
206.068695 183.959869 
214.172638 186.925674 
221.473587 184.664703 
227.624756 181.344772 
166.815552 135.942520 
175.519318 134.051285 
184.466064 135.147781 
192.290222 140.292831 
183.668472 140.971390 
174.544571 140.288315 
230.289688 142.769318 
239.254883 138.918289 
247.124100 138.973938 
253.324738 141.425232 
247.606262 144.547150 
239.348663 144.555725 
176.329819 193.634338 
190.764709 193.366486 
203.135803 194.650146 
209.507614 196.985611 
216.889130 195.242157 
225.099930 195.111420 
232.872559 195.476273 
224.914169 209.024475 
216.646698 215.577667 
208.375946 216.693832 
200.483582 215.802521 
188.327942 209.737411 
180.173676 195.039108 
202.562088 197.659851 
209.325150 199.464478 
217.114380 197.990723 
228.918381 197.082672 
216.999542 206.332703 
208.855530 207.839630 
201.584030 206.659241 
