68 2
149.908264 76.294952 
152.132629 86.837120 
155.182022 96.733795 
158.392761 106.522049 
162.873352 115.130844 
169.321594 122.826447 
177.568298 128.784073 
186.112656 132.876251 
195.729050 133.176163 
204.860489 130.383072 
212.491241 124.527168 
218.781250 117.209564 
223.101273 108.263298 
225.125931 98.410889 
225.730774 88.646919 
226.429367 78.348740 
226.495392 68.113434 
152.980759 71.224609 
157.725739 66.099464 
164.899475 64.391083 
172.208054 65.167221 
179.002472 67.048981 
191.490723 65.488686 
198.321594 62.276142 
205.487427 60.436157 
212.728241 61.257080 
218.515869 65.072495 
186.488068 71.848083 
187.351807 78.897133 
188.185852 85.883049 
189.107574 93.317879 
181.368973 97.257622 
185.319672 98.810326 
189.667236 99.960770 
193.832336 97.916702 
197.435898 95.602661 
161.543808 76.274063 
165.546417 73.083282 
171.146454 72.634521 
175.994568 75.765900 
171.440552 77.527687 
165.848358 78.327240 
197.228607 73.488480 
201.728668 69.347397 
207.189804 68.891846 
211.815506 71.063568 
208.244522 73.706421 
202.848969 74.332481 
177.000122 111.382652 
182.193420 108.759529 
187.018387 107.355682 
190.684311 108.234375 
194.758255 106.622353 
199.936752 107.370659 
205.263046 108.566689 
200.792770 112.817207 
196.017731 114.808266 
191.700500 115.563026 
187.785217 115.622612 
182.684586 114.560005 
179.373917 111.372147 
187.322128 110.447998 
191.010925 110.766823 
195.259338 109.592224 
202.805786 109.105560 
195.324219 109.901947 
191.128967 110.815773 
187.426285 110.749771 
