68 2
147.004669 114.894844 
148.402649 126.113281 
150.427826 136.816879 
152.841980 147.690521 
156.508026 157.936691 
162.558899 166.931412 
170.527023 175.152573 
179.533020 181.728409 
190.336792 184.107834 
200.716003 181.921585 
209.617737 175.582764 
217.367981 168.101929 
223.115891 159.105896 
226.961975 149.042511 
229.416229 138.598343 
231.363800 127.861542 
232.679474 117.002602 
153.201630 106.291039 
159.925842 102.049927 
168.121399 101.296783 
176.238708 103.228325 
183.285049 107.253876 
198.357956 107.737686 
205.355637 104.337044 
213.018875 103.192436 
220.374908 104.822845 
225.825195 109.088165 
192.006454 115.995415 
191.948196 123.606583 
191.812286 130.996445 
191.660614 138.511536 
182.883575 142.385651 
186.716171 143.474625 
190.538223 144.668930 
194.597168 144.227844 
198.289917 143.758301 
163.707657 114.152534 
168.525940 111.581177 
174.372253 112.177406 
178.694168 116.563080 
174.008636 117.487045 
168.211105 117.238007 
202.292877 118.258438 
206.546082 114.142387 
212.248474 114.336884 
216.665558 117.505806 
212.820328 119.728500 
207.447113 119.796646 
176.089798 156.729706 
180.957947 153.518539 
185.493805 151.843567 
189.282242 152.776855 
193.679077 152.436279 
198.474289 155.156387 
202.923294 158.584106 
198.534653 164.533142 
193.809723 166.845612 
189.259705 167.329727 
184.820999 166.183853 
180.341019 162.617767 
178.697296 156.854050 
185.372345 155.245132 
189.270340 155.647507 
193.713120 155.744522 
200.460648 158.477005 
193.847549 160.389084 
189.277573 161.228943 
185.164093 160.101440 
