68 2
171.996750 119.545502 
173.013977 132.190247 
174.985718 144.503586 
176.893112 156.967850 
180.753845 168.739960 
187.190750 178.897964 
195.305740 188.168732 
204.814270 196.323944 
217.064041 198.410019 
229.137558 196.501907 
239.839035 188.851334 
249.067383 180.404129 
256.770691 170.447403 
261.503510 159.148788 
264.525940 146.938049 
267.012146 134.941956 
268.986938 122.614166 
177.217087 109.063583 
183.021317 102.675171 
191.702728 100.498009 
200.840576 102.109535 
209.140442 105.836876 
229.120956 107.085411 
238.032257 104.550560 
246.870956 103.739433 
254.997940 106.876015 
260.430145 113.013618 
218.550476 117.346352 
218.029922 125.589516 
217.522766 133.687149 
216.973801 142.081818 
207.531143 148.217499 
212.043961 149.746628 
216.771942 151.206558 
221.905975 150.156555 
226.684784 149.340286 
186.938019 118.443375 
192.793732 115.612709 
199.852585 115.786728 
205.461914 119.751434 
199.383087 121.138214 
192.486267 121.145477 
232.069717 121.319077 
238.756378 118.012207 
245.462830 118.636177 
250.385910 121.871552 
245.355743 123.825943 
238.735321 123.228729 
198.909531 165.003372 
205.647522 161.678482 
212.301376 159.719559 
217.160400 161.093582 
222.344162 160.403519 
229.122940 163.264008 
235.690613 166.785385 
228.837326 175.161194 
222.007233 178.849747 
216.216125 179.582657 
210.780060 178.547897 
204.226990 174.265076 
201.852829 165.621368 
212.098587 163.670349 
217.113571 164.202942 
222.520584 164.157379 
232.683533 167.152557 
222.022186 171.922913 
216.332932 172.573990 
211.170120 171.343231 
