68 2
133.236069 160.260254 
134.685425 174.104675 
136.986511 187.230545 
138.798431 200.382980 
142.451797 213.234573 
150.286133 223.280487 
161.971863 230.432236 
176.125351 234.480682 
193.247757 234.180420 
210.136749 231.850647 
224.293091 225.924713 
235.845184 216.998016 
242.729431 205.601456 
245.241425 192.305771 
246.440186 178.561020 
247.478897 165.924744 
248.019958 153.017532 
138.643341 139.775711 
144.192047 128.099670 
155.778641 120.853081 
169.262939 119.152260 
182.267761 121.897339 
196.819290 119.591759 
209.402405 116.137360 
222.280792 116.592621 
234.014542 122.163452 
241.286514 132.237976 
190.372147 132.802734 
190.484268 138.787094 
190.498932 144.725418 
190.465759 151.309052 
180.416504 167.979843 
185.948425 167.671860 
191.358948 167.847183 
197.148575 167.464600 
202.883408 167.467255 
153.578186 145.308731 
160.207153 141.370102 
167.287491 139.879791 
174.349915 142.028870 
167.824188 143.054459 
160.918320 144.216171 
207.270248 139.444641 
214.973358 136.530258 
221.751389 136.889160 
228.038651 139.991638 
221.577606 139.978882 
214.870010 139.672821 
168.180618 197.441971 
176.769028 188.755325 
185.175766 183.446747 
191.244049 184.440262 
197.902893 182.703323 
207.741196 187.764969 
216.582092 195.341248 
207.704895 196.847610 
198.803497 197.474060 
192.041656 197.777710 
185.910995 198.260635 
177.431824 198.672928 
172.633072 195.764053 
186.081421 190.725769 
191.654648 190.572586 
198.045120 189.821259 
211.847580 194.085251 
197.908859 189.644745 
191.532623 190.204285 
186.013458 190.993271 
