68 2
153.790909 114.050240 
153.509384 126.771988 
154.588486 139.651184 
157.065948 153.048782 
161.499832 165.741547 
166.840820 178.046921 
174.351288 189.112289 
184.071259 197.474792 
197.510452 199.869995 
211.593185 197.349915 
222.981705 189.127014 
231.422424 178.509399 
237.819061 165.974030 
242.256409 152.181839 
244.601974 138.881638 
245.861298 125.071617 
246.437561 111.623238 
157.149048 97.372017 
162.205978 91.284882 
170.307602 89.018616 
178.894333 89.736961 
186.723526 92.716492 
203.978592 92.681129 
212.118378 88.770958 
221.232651 87.522705 
229.781464 89.484886 
235.643616 95.785637 
195.291199 102.195518 
195.049286 111.021919 
194.977142 119.848404 
194.885040 129.065201 
184.938507 135.003693 
189.767914 138.195206 
195.244293 139.904465 
201.710022 137.821259 
207.413651 134.990417 
166.947449 105.151222 
171.580994 100.910240 
178.199844 100.885986 
183.529694 105.105141 
178.098022 107.226913 
171.662231 107.633972 
208.602966 104.824692 
214.851898 100.239029 
221.712692 100.473419 
226.475021 104.571602 
221.854980 107.087486 
215.238586 106.973930 
179.674072 160.027954 
185.665894 155.639114 
191.865814 153.252594 
196.533722 154.194183 
202.032349 152.797470 
209.000397 154.783401 
215.332108 158.811096 
209.501038 162.653183 
203.123672 164.697845 
197.362122 165.463684 
192.100403 164.936829 
185.771790 163.048401 
182.891159 159.660172 
191.847137 157.809235 
196.764679 157.805832 
202.442703 157.414444 
212.237091 158.729034 
202.817383 158.268402 
197.078247 159.186707 
192.044266 158.556091 
