68 2
152.541748 74.230698 
154.641205 84.731468 
157.059723 94.668205 
159.755127 104.326744 
164.539780 112.992455 
172.192200 120.127525 
181.589874 125.311615 
191.398239 129.755753 
202.043686 130.410675 
211.464157 127.712143 
218.537598 121.204643 
224.357666 113.964340 
228.561111 105.554916 
230.446945 96.437531 
231.305206 87.157906 
231.772949 77.607857 
231.498566 68.259186 
161.387131 65.828720 
166.914093 60.595982 
174.702576 58.569851 
182.775101 59.382832 
190.149063 61.522663 
204.672028 60.053799 
211.141953 57.252060 
217.618271 56.077347 
223.720901 57.186020 
227.942947 61.229534 
198.555527 67.477158 
199.479248 73.694489 
200.511475 79.946198 
201.590012 86.378998 
191.354172 91.785301 
196.035187 93.307785 
200.812683 94.544258 
204.866882 92.795448 
208.253113 90.701134 
170.548019 71.258347 
175.546356 68.225235 
181.217407 67.911942 
186.091049 71.159576 
181.327682 72.601204 
175.591553 72.976952 
207.083084 69.802460 
212.129608 66.200790 
217.382355 65.924103 
221.537140 68.350487 
218.067429 70.437279 
212.724442 70.764580 
181.071991 105.104370 
188.643356 101.646446 
196.218933 100.253296 
200.690491 101.246574 
205.441635 99.748466 
211.535126 100.316193 
216.631165 102.098183 
212.003052 108.583046 
206.367218 111.502319 
201.319382 112.258026 
196.685638 112.391571 
188.917786 110.570366 
183.738708 105.051964 
196.481186 103.925415 
200.739975 104.060020 
205.481827 103.203598 
214.205322 102.808968 
205.770538 106.592537 
200.947083 107.326508 
196.694473 107.356514 
