68 2
152.067657 73.757706 
154.230881 84.627045 
157.267120 94.469727 
160.650360 104.452972 
164.926025 113.756500 
171.107483 122.243111 
179.718536 128.923340 
188.965195 133.711136 
199.124054 134.502441 
208.766953 131.451218 
216.860535 125.006279 
223.360703 117.286758 
227.680206 108.039642 
229.614578 97.789650 
230.424042 87.524895 
231.120636 76.870514 
231.042938 65.959663 
157.444809 67.976250 
162.005234 62.949986 
169.120941 61.034531 
176.321487 61.638840 
183.129303 63.285538 
196.530029 61.781082 
203.361603 58.931931 
210.458069 57.414780 
217.493393 58.248344 
223.147400 61.795242 
191.346619 69.408394 
192.227402 75.941933 
193.077438 82.434708 
193.935989 89.305977 
185.884171 94.799927 
189.976425 96.131508 
194.410599 97.194603 
198.404434 95.344658 
202.070129 93.401405 
165.629044 73.755730 
169.771454 70.587677 
175.325851 70.144882 
180.441650 73.241005 
175.675903 74.995110 
170.129303 75.629578 
202.218475 71.205574 
206.855896 67.239403 
212.253128 66.959511 
216.813980 69.248856 
213.058029 71.622253 
207.654724 72.150726 
179.873566 109.765228 
185.563034 106.254478 
191.184509 104.430870 
195.021454 105.106720 
199.239578 103.755455 
205.302460 104.841698 
210.953629 106.952423 
206.435532 113.660576 
200.972687 116.590263 
196.464493 117.455513 
192.149582 117.465141 
186.055923 115.590141 
182.159500 109.810211 
191.411362 107.771622 
195.251358 107.908859 
199.707108 107.146393 
208.755539 107.409927 
200.106476 111.529175 
195.727341 112.350800 
191.715378 112.270508 
