68 2
134.050232 121.432076 
134.585510 140.360947 
136.947021 159.452393 
140.911682 177.964691 
147.177170 195.413239 
157.089050 211.463684 
169.983353 224.794708 
185.481064 235.070374 
203.613419 237.254257 
220.248199 233.183624 
232.865997 221.870911 
243.476746 207.284729 
251.573914 192.473648 
256.912476 176.785950 
260.953186 160.208191 
263.844818 143.970840 
265.240723 127.240532 
142.379944 116.212128 
153.202728 108.276779 
167.528168 107.392677 
181.626144 110.916771 
194.043854 117.744057 
219.306808 118.449203 
231.603378 113.660835 
244.210449 111.819382 
256.066772 113.650421 
262.431702 122.575684 
207.566254 131.924118 
207.444916 141.191589 
207.524994 150.464737 
207.610901 160.187775 
191.031403 169.338699 
198.395248 171.243866 
205.614166 173.098495 
212.432297 171.775391 
218.513580 170.236130 
159.168030 128.313416 
167.234314 125.005264 
176.346008 125.982880 
184.375244 131.509583 
175.981430 132.459900 
166.726791 131.991669 
223.946396 133.434845 
233.159912 128.637802 
241.689240 129.001602 
248.204651 132.575745 
241.931259 135.675781 
233.177872 135.353806 
176.655228 191.574753 
188.664810 188.610947 
198.951721 187.331787 
204.090775 189.521408 
209.879562 187.696869 
218.691940 189.938339 
227.136398 193.611984 
218.623047 202.099442 
210.357635 205.827118 
203.821762 206.698776 
197.714294 206.043259 
187.590576 201.645981 
180.749969 192.354431 
198.661407 193.107422 
204.025055 194.161209 
210.115570 193.041656 
223.227966 194.207169 
210.367996 196.735886 
204.233307 197.934937 
198.481720 196.938858 
