68 2
104.263466 93.125587 
104.786407 108.609177 
107.515671 123.755478 
111.126633 138.674301 
116.221840 152.956772 
124.635040 165.587875 
134.028580 176.537231 
145.642990 185.701187 
158.894745 188.000870 
171.168777 184.748062 
181.610001 175.531128 
190.890182 164.948242 
198.213058 152.813217 
203.391739 139.884949 
207.076874 126.421547 
209.792786 112.289398 
211.635315 97.754242 
114.272705 82.100227 
122.044518 75.217407 
132.705078 72.854141 
144.021912 74.512154 
153.562439 79.838799 
170.139481 80.414398 
180.680588 76.840508 
191.317200 76.740067 
201.003479 80.369911 
206.661118 88.008347 
161.285416 93.029381 
160.984894 104.088768 
160.594925 114.999352 
160.288712 126.182632 
149.754349 131.454697 
154.440933 133.606995 
159.467972 135.498871 
164.273560 134.309143 
168.407654 132.870041 
125.343643 91.483818 
132.141220 87.814072 
140.104919 88.865852 
146.041580 95.136688 
139.153778 96.031181 
131.355759 95.297203 
174.360352 96.584198 
181.299210 90.911140 
188.997559 91.067383 
194.959030 95.559731 
189.317902 98.341850 
181.890793 98.314056 
137.143646 153.393738 
145.633133 149.928711 
153.494751 147.625916 
158.064606 149.209290 
162.811920 148.235611 
169.782532 151.644073 
176.057846 155.304672 
169.661682 163.049088 
162.999237 167.026184 
157.769501 167.786911 
152.309433 166.610214 
145.030441 161.994812 
140.060776 153.776596 
152.991150 152.545334 
157.900604 153.294220 
162.768494 153.198395 
173.477661 155.511536 
162.792130 159.104263 
157.703674 160.066299 
152.683701 158.779739 
