68 2
146.745529 73.256851 
146.951080 87.442520 
149.101089 102.063896 
152.025284 116.336273 
157.029800 129.741287 
164.401367 142.349640 
173.634354 153.605988 
184.428604 162.029297 
198.153015 163.275955 
211.276260 160.241150 
221.961838 150.805695 
230.748611 139.616547 
237.683319 126.532120 
242.497253 112.269745 
244.234802 97.716614 
245.108948 83.032684 
245.420059 68.448021 
152.067093 65.465118 
157.909988 58.576408 
167.355530 56.296352 
177.547821 57.827778 
186.444290 61.955608 
204.168091 61.714363 
212.878082 56.103149 
222.718430 53.348957 
232.733215 54.783794 
239.094055 61.646179 
196.125595 70.851456 
196.559494 82.595398 
197.223450 94.372643 
197.773361 106.203178 
185.904358 108.989571 
191.503860 111.460602 
197.872849 113.421211 
204.250122 110.679413 
209.851746 108.081947 
163.836609 72.553551 
169.259232 69.627289 
176.200989 69.637238 
182.355103 73.188232 
176.120560 75.151108 
169.286026 75.403862 
209.805695 72.387238 
216.512589 68.058136 
222.811676 67.682968 
228.247986 70.017723 
223.509750 73.119576 
217.023743 73.513489 
176.385147 125.306915 
185.341965 123.871857 
193.447449 123.211006 
198.385925 124.565605 
203.722839 122.948746 
210.506653 122.550293 
217.745880 122.089317 
210.393250 127.523277 
203.532135 130.218872 
197.740524 131.203293 
192.575943 131.042511 
184.749420 129.507034 
179.865265 125.298477 
193.292435 126.027344 
198.309845 127.061195 
203.496170 125.571693 
214.311127 122.681168 
203.140076 124.094757 
197.543396 125.065605 
192.679642 125.037758 
