68 2
116.061279 123.930679 
118.173355 134.967651 
121.201309 145.909973 
124.799438 156.394226 
129.322098 166.266174 
136.302521 174.512268 
145.125809 181.019119 
155.277100 186.009216 
166.228516 186.634216 
176.917816 183.920166 
186.269424 177.608444 
194.357529 170.341476 
200.439377 161.662384 
203.763611 151.547455 
205.711441 141.043549 
206.745300 130.364502 
207.615677 119.600380 
122.583290 111.709404 
128.873825 106.019226 
137.338318 103.784668 
145.912964 104.807129 
153.628876 107.630035 
172.332062 107.592812 
179.335999 104.224884 
186.605423 102.897690 
193.800369 104.450394 
199.006424 108.747894 
163.800262 119.309395 
164.034821 126.334351 
164.256653 133.188202 
164.568329 140.144760 
155.763550 146.082550 
159.899597 146.997635 
164.074966 147.720306 
168.417786 147.053268 
172.351868 146.206375 
133.638412 120.283394 
138.893021 117.333481 
144.947220 117.469902 
149.940018 121.503754 
144.617004 122.669052 
138.518753 122.759903 
174.262375 121.534058 
179.204529 117.190758 
185.209900 117.100639 
190.001892 119.698380 
185.776352 122.056099 
179.963623 122.495934 
148.903000 161.225647 
155.120331 157.299377 
160.053864 155.184021 
163.836288 156.334198 
168.090225 155.144150 
173.605774 157.335861 
178.877518 159.986115 
173.714371 164.662537 
168.350754 166.917618 
163.857559 167.606705 
159.634903 167.163498 
154.798035 165.121902 
151.946457 160.869247 
160.133026 160.011063 
163.952637 160.300797 
168.197861 159.995926 
175.792618 160.218719 
167.830170 160.492737 
163.594635 161.292618 
159.753632 160.807327 
