68 2
173.348724 118.440201 
174.369843 131.742493 
175.994736 144.754730 
177.865219 157.819534 
182.055328 169.956604 
189.070206 180.490677 
197.689148 189.737564 
207.729126 197.159485 
220.063553 199.132813 
231.942383 197.212585 
242.233124 189.764557 
251.151550 180.967712 
257.701782 171.103943 
261.578064 159.718689 
264.555115 147.782547 
267.111511 136.243240 
268.867218 124.130997 
181.513077 110.660118 
187.241119 103.914085 
196.098907 101.394203 
205.605362 103.071747 
214.310684 106.778130 
234.405823 109.007179 
243.012283 106.579338 
251.395615 106.204193 
258.979126 109.596008 
263.468689 116.308556 
223.923309 118.524467 
223.431854 127.014923 
222.959900 135.272888 
222.519211 143.846313 
211.586990 149.747406 
216.488297 151.502930 
221.660461 153.210648 
226.692307 152.072922 
231.167313 151.088104 
191.515549 119.270767 
197.397400 116.829437 
204.152802 117.105927 
209.649033 120.860039 
203.641541 121.834259 
196.928650 121.760948 
235.838516 122.859283 
242.651917 120.007080 
249.160706 120.758369 
253.927658 123.825996 
248.810333 125.332657 
242.393631 124.627510 
201.303360 166.071075 
209.199692 163.469193 
216.358093 162.036636 
221.366135 163.264526 
226.629120 162.489975 
233.366531 164.492508 
239.747177 166.811249 
233.164124 174.248779 
226.281311 177.555557 
220.603210 178.300232 
215.194458 177.840607 
208.187836 174.641190 
204.602112 166.612732 
216.115234 165.621948 
221.180298 165.945129 
226.558960 165.699905 
236.471924 167.108002 
226.389114 171.196442 
220.793747 172.113800 
215.649979 171.385208 
