68 2
160.115341 83.322601 
160.648132 93.917656 
162.338318 104.776649 
166.031830 115.377281 
170.682495 125.484970 
176.528137 135.183777 
184.620773 143.917999 
194.217834 150.212799 
205.687103 152.050919 
216.955139 149.837219 
226.343018 143.526794 
234.097519 135.551514 
240.033752 125.883263 
243.705841 115.283188 
245.821884 104.150116 
247.152695 92.647911 
247.659805 81.068893 
166.624084 67.436920 
171.944351 63.625996 
178.979340 62.969795 
186.089752 64.187775 
192.453934 67.145721 
211.227127 65.734673 
218.225235 63.360786 
225.123001 62.243034 
232.085724 63.122288 
237.483017 66.992615 
202.109756 75.556053 
202.192047 81.715141 
202.324234 87.804558 
202.558777 94.186157 
194.861832 101.343430 
198.712021 102.256683 
202.624130 102.960388 
206.873886 102.259804 
210.854675 101.273117 
174.609009 77.855408 
179.076385 74.511253 
185.020935 74.331009 
190.116333 77.293213 
184.962540 79.281166 
179.314346 79.749725 
214.283905 76.800758 
219.489059 73.731476 
225.070984 74.194588 
229.472687 77.243088 
225.107605 79.375282 
219.566101 78.934486 
189.419922 120.825577 
193.299179 114.552696 
197.730896 111.392632 
202.222107 112.173477 
207.398483 111.375824 
213.507492 114.918228 
218.357056 120.576225 
213.818985 125.984535 
208.198883 128.280457 
202.856750 128.952942 
198.099258 128.319092 
193.743988 125.839073 
192.607178 120.580650 
197.986572 116.374672 
202.479355 116.275200 
207.753738 116.369469 
215.564697 120.359810 
208.153183 121.124115 
202.950256 121.899261 
198.441483 121.169403 
