68 2
126.979332 108.071098 
126.834068 122.555145 
127.799889 137.231842 
130.947464 151.937576 
135.971405 165.249573 
145.563339 176.755447 
157.851746 185.215256 
171.906189 191.503326 
188.148499 192.535049 
204.874924 190.204926 
220.004364 183.916306 
234.725861 176.683594 
246.073135 165.770416 
252.910995 151.099304 
255.138107 135.567566 
255.751572 119.050293 
255.630859 103.448555 
136.533127 78.860497 
141.575821 68.003929 
151.126068 60.981148 
163.149841 58.301346 
174.172714 61.292515 
197.842773 59.632732 
209.340637 55.599205 
222.026993 57.456280 
233.096680 64.037834 
239.971848 73.667358 
185.357452 83.202232 
185.119263 91.981102 
184.813828 100.736626 
184.326874 109.814865 
172.997009 121.751869 
179.010147 122.565956 
184.974106 123.530609 
192.179169 122.075768 
199.113907 121.265381 
147.856476 91.570976 
153.565125 85.253319 
161.875183 84.271454 
169.784103 88.914207 
162.615295 91.238960 
154.634232 92.547997 
204.944046 86.738388 
212.304581 80.527916 
221.065338 81.047668 
227.899582 86.653152 
221.324814 88.072342 
212.852386 87.902924 
162.739883 150.686737 
168.568802 139.714050 
177.047791 133.934769 
183.892059 134.899109 
191.514160 133.854431 
201.850616 139.218781 
211.234268 148.572205 
202.302032 154.863708 
192.840332 157.505875 
185.079437 158.289474 
178.145126 158.196823 
169.523178 155.882278 
167.006638 149.175705 
177.428848 141.336594 
184.127213 141.066711 
191.905762 141.231964 
206.226852 147.912491 
192.269775 148.380432 
184.561203 149.058289 
177.885864 149.422150 
