68 2
166.969910 114.080727 
167.336716 127.335556 
168.833481 140.334381 
170.732361 153.271210 
174.489319 165.638123 
180.767746 177.254410 
189.533752 186.972977 
199.342087 195.336731 
210.711731 197.854752 
222.220795 195.881409 
232.683777 189.256485 
241.901428 180.931290 
249.177460 170.496964 
254.102783 158.679703 
257.011658 146.337448 
260.087860 133.577576 
262.548065 120.709946 
173.740143 107.497581 
179.968079 102.285034 
188.503738 101.723984 
196.923920 104.022614 
204.233002 107.463829 
223.395706 107.849098 
231.831955 105.267792 
240.472168 104.571861 
248.691483 106.808205 
254.354904 112.389893 
213.851944 117.195152 
213.554138 125.139946 
213.254944 133.105408 
212.937195 141.343018 
202.912506 145.624649 
207.641983 147.696487 
212.304245 149.324158 
217.304474 148.255692 
221.948563 146.887024 
182.224945 116.920235 
187.334656 113.983803 
194.017532 114.453804 
199.463547 118.750702 
193.723267 120.127899 
187.098755 119.877533 
226.999069 120.243637 
233.205185 116.609283 
239.479279 117.157120 
244.397034 120.434814 
239.575867 122.720375 
233.259979 122.292618 
192.205551 161.193970 
199.697922 158.620056 
206.550919 157.687515 
211.313538 159.338272 
216.890305 158.489319 
223.959778 160.461151 
230.462967 163.832825 
223.658524 171.239517 
216.304443 173.872803 
210.424820 174.135452 
205.014954 173.149460 
198.282715 169.815918 
195.052658 161.822937 
206.336487 161.221115 
211.259216 162.158798 
217.014908 161.896255 
227.556885 163.987366 
216.476242 167.670959 
210.586014 168.154648 
205.599915 167.162277 
