68 2
140.176559 107.556068 
139.841843 124.122543 
141.180695 140.143250 
143.951797 155.829391 
149.637024 170.358688 
157.779434 183.367065 
168.334259 194.202911 
180.579697 202.881012 
195.825714 206.456238 
210.456772 205.053848 
223.213287 197.459946 
234.275116 187.078033 
242.925079 174.513535 
248.582169 160.308167 
252.780624 145.290802 
256.218994 129.884979 
258.795258 113.682770 
150.359131 90.675041 
158.796036 84.065445 
170.262726 83.155022 
181.309433 85.735817 
190.980316 90.648712 
216.404724 91.703209 
227.547668 88.228172 
238.539169 87.272675 
249.239365 89.472595 
256.035065 97.048820 
203.821838 103.900131 
203.534286 111.547012 
203.250443 119.220200 
203.141632 127.210815 
189.778915 137.781815 
195.647888 139.278854 
201.493729 140.582123 
206.941025 140.202530 
212.283295 139.589127 
162.031723 104.794685 
169.396011 102.106232 
177.173157 102.616730 
184.594299 106.781647 
177.125839 107.429413 
169.274734 107.209831 
220.414032 109.338051 
228.922119 106.533409 
236.478836 107.170906 
242.050461 110.692841 
236.027908 112.253326 
228.482452 111.273628 
174.818146 161.365845 
183.987732 156.457611 
193.278900 154.239197 
199.443863 156.137238 
206.392761 155.139572 
214.838562 159.191223 
221.844254 165.502975 
214.272522 172.115982 
205.800079 174.960907 
198.443832 175.407593 
191.432678 174.110779 
182.822372 169.914215 
178.360245 161.957077 
192.659851 160.067963 
199.213409 160.616379 
206.494003 160.753601 
218.595947 165.381973 
206.473282 166.692474 
199.075195 167.378098 
192.303024 166.063690 
