68 2
107.411591 132.728638 
107.979576 151.626633 
110.858414 170.211365 
116.589409 188.491409 
124.945816 205.702454 
134.557617 221.389954 
146.927307 235.956650 
160.775452 246.608505 
177.044678 250.311142 
193.012436 246.671814 
206.268875 235.443542 
216.773132 220.728577 
224.142517 204.076462 
230.077988 187.457855 
233.808456 170.500427 
236.712967 152.699554 
237.618408 134.650101 
121.452934 109.286484 
128.817261 101.917816 
139.258484 100.630318 
150.107315 102.516251 
159.369507 107.636505 
191.934036 109.168205 
202.002350 104.933105 
212.775681 103.828629 
223.286163 107.222076 
229.526184 114.734634 
175.741714 126.125641 
175.666931 138.649200 
175.343643 151.228561 
175.100555 163.753555 
164.024826 170.939636 
169.464844 173.125000 
175.508194 174.356186 
181.321732 173.523529 
186.593307 172.036896 
136.211823 126.803017 
142.016357 123.072723 
149.708313 123.555626 
156.086533 127.597061 
149.267395 129.316437 
141.984512 129.181839 
194.017853 130.013992 
201.191620 126.558823 
208.695389 127.244354 
214.550858 131.299393 
208.390060 132.940002 
201.154587 132.264908 
153.776260 198.233170 
161.225113 194.411514 
168.093063 192.044174 
174.700836 193.719223 
181.671875 193.137863 
188.938248 196.397430 
194.982635 199.866852 
189.099976 207.674622 
181.982361 212.093857 
174.591843 212.874832 
167.056946 211.152679 
160.258392 206.094177 
157.612335 198.235031 
167.319397 196.251984 
174.718307 197.659698 
182.071167 197.448486 
191.408997 199.550232 
182.023941 202.081375 
174.603683 203.337021 
167.055542 201.327774 
