68 2
141.911774 116.336342 
143.418762 127.909737 
145.591690 139.168961 
148.193314 150.312668 
152.086884 160.813797 
158.810028 169.900284 
166.804474 178.004944 
176.100906 184.883118 
187.089630 187.131683 
197.847321 184.728271 
207.157516 177.845535 
215.146423 169.727783 
220.861786 160.279083 
224.214203 149.751953 
226.057999 139.033585 
227.744904 128.046738 
228.871307 116.509857 
148.559647 107.288025 
155.620300 103.244614 
163.872009 102.244286 
172.194138 103.821671 
179.378922 107.619781 
195.056915 108.215836 
201.776688 104.762733 
209.086411 103.546600 
216.185440 104.738586 
221.317993 108.796616 
188.300217 117.105263 
188.458008 124.601181 
188.575943 131.916931 
188.652481 139.383377 
179.145645 143.582642 
183.469833 144.859528 
187.696106 145.919403 
191.961731 145.241516 
195.765564 144.436890 
159.956436 115.135567 
164.710388 112.576073 
170.484955 112.981796 
174.825409 117.334557 
170.204697 118.272255 
164.481125 117.979195 
198.361954 118.684586 
202.612839 114.245308 
208.336563 114.247055 
212.718811 117.360596 
208.836487 119.681152 
203.448837 119.878624 
171.157166 157.063995 
176.765396 153.997742 
182.451752 152.625381 
186.502106 153.695419 
190.999298 152.908615 
196.540680 155.073181 
201.037201 158.221863 
196.506104 164.499664 
191.117737 167.071960 
186.457565 167.775253 
181.746460 166.926117 
176.036926 163.508163 
173.417603 157.294937 
182.288620 156.278992 
186.465759 156.572098 
191.011734 156.562088 
198.889557 158.513641 
190.982391 161.442215 
186.437698 162.198868 
182.046082 161.491821 
