68 2
154.210052 72.552704 
155.968842 83.806190 
158.930481 94.230156 
161.970932 104.315292 
166.026520 113.732407 
172.414078 122.158051 
181.145859 128.668655 
190.179626 133.725174 
199.856262 134.597717 
208.851181 131.952423 
216.742859 126.001923 
223.139206 118.535767 
227.790176 109.725204 
230.283752 100.043243 
231.662079 90.212059 
232.999023 80.028214 
233.707245 69.765854 
160.151825 68.051895 
165.372910 63.021152 
172.922089 61.386944 
180.620758 62.260159 
187.552429 64.677109 
200.606262 64.070839 
207.565125 61.095901 
214.950745 59.734795 
222.212784 60.956917 
227.309967 65.004890 
195.266052 70.650024 
195.839539 77.356354 
196.468124 84.053398 
197.105316 91.060555 
188.279678 96.182213 
192.421692 97.638229 
196.834915 98.818474 
200.924606 97.099564 
204.554565 95.148872 
168.610092 73.592575 
173.078781 70.744278 
178.662109 70.536125 
183.514053 73.798317 
178.709244 75.274811 
173.117218 75.653473 
205.469421 72.713387 
210.605972 69.048454 
215.958694 68.988594 
220.322601 71.363434 
216.610367 73.686012 
211.157623 73.930328 
181.153030 109.845490 
187.274933 106.993317 
193.082047 105.630112 
196.818314 106.488380 
200.915634 105.254845 
206.584534 106.406754 
211.958115 108.449165 
207.354187 114.306450 
202.016495 116.614830 
197.653931 117.289253 
193.439636 117.218643 
187.364944 115.445503 
183.599426 109.988930 
193.182724 108.686615 
196.896912 108.885895 
201.151184 108.156670 
209.542984 108.976547 
201.509338 111.807281 
197.281448 112.549286 
193.386459 112.400536 
