68 2
136.478394 134.725281 
138.167648 150.681961 
141.009094 166.600601 
144.103485 182.248062 
150.204636 196.636780 
160.418732 208.808533 
172.763168 219.258438 
186.782822 228.342224 
202.918518 230.321609 
217.617569 227.079773 
230.002686 217.645401 
240.836288 206.718597 
249.301727 193.427353 
253.789124 178.311752 
255.569397 163.037750 
257.933289 148.015182 
258.915070 132.962433 
147.392487 118.998451 
154.008606 110.613503 
164.397156 105.860161 
175.508896 105.841423 
185.348083 109.234238 
216.205338 108.142746 
226.504181 104.007317 
237.204239 103.601410 
246.623535 108.091705 
252.346786 115.821548 
202.011444 125.468124 
202.490005 136.332153 
203.061050 147.064255 
203.449600 157.745346 
190.093094 165.147003 
196.264603 166.804611 
202.638977 168.482635 
208.712509 166.504776 
214.551544 164.810776 
158.695526 131.579575 
166.209717 127.181610 
175.341537 126.762016 
183.639496 130.858948 
175.400711 132.707794 
166.406433 133.390091 
217.650848 130.484756 
226.591751 125.897354 
235.066238 125.912895 
241.817596 129.677216 
235.190002 132.002197 
226.823151 131.902985 
172.625397 184.765900 
183.553787 179.011993 
194.778564 176.362244 
202.935394 177.264893 
211.698792 176.087143 
222.088699 178.431335 
231.044128 183.973083 
222.076904 194.746384 
211.934296 200.114685 
202.654434 201.431824 
194.108017 200.614960 
182.842056 195.874741 
176.441772 184.636398 
194.659607 181.615417 
202.817078 181.725418 
211.799316 181.207809 
227.431808 184.144257 
212.043442 192.291397 
202.820633 193.565369 
194.457062 193.119751 
