68 2
147.546921 118.800224 
148.358292 131.928116 
150.427139 144.883392 
153.498505 158.130798 
158.583405 170.668854 
165.270233 182.338715 
173.744049 192.392822 
183.694000 200.516739 
197.030060 202.120468 
211.287918 198.730286 
222.183777 189.616180 
230.250839 178.366211 
236.546310 165.707214 
240.184250 152.336426 
241.860046 139.330414 
242.960312 125.965729 
243.097488 112.599228 
150.965042 103.891434 
156.041473 97.864792 
163.875275 95.850525 
172.254898 96.561638 
179.972946 99.201126 
200.981598 98.569672 
209.056580 94.549438 
217.683533 93.170395 
226.211975 94.493355 
232.208633 100.199638 
190.427551 109.212051 
190.644547 119.019585 
191.015457 128.815247 
191.303787 138.830093 
180.612091 142.105408 
185.947220 144.727692 
191.967422 146.606812 
198.426315 143.980560 
203.968536 140.981201 
160.301102 112.349525 
164.947647 108.001205 
171.901398 107.930794 
177.463776 112.006981 
171.630112 114.641022 
164.939529 115.075478 
205.206070 110.915337 
211.322632 106.130577 
218.258316 106.102890 
223.424133 109.832199 
218.835266 112.809265 
212.115585 112.965752 
174.993408 164.622543 
180.771667 159.953766 
187.594437 157.931244 
192.386765 158.930496 
198.065735 157.134583 
205.731796 157.942078 
212.791718 161.450989 
206.807205 167.747559 
199.858459 170.503693 
193.854279 171.427734 
188.376678 171.353226 
181.280533 169.278076 
178.100418 164.581131 
187.882965 163.255417 
192.900558 163.420441 
198.851471 162.483170 
209.227676 162.014938 
199.232849 163.279678 
193.263916 164.476944 
188.172028 164.070007 
