68 2
119.493111 96.152679 
120.025352 111.640656 
121.585052 126.372574 
124.077988 141.337006 
128.466415 155.499939 
135.657471 167.961655 
145.644882 179.166046 
157.187729 188.423889 
171.510574 191.466171 
185.378525 189.417450 
197.313324 180.916977 
207.457382 170.839569 
214.690521 158.652893 
219.010895 144.589676 
221.750916 130.487015 
224.874130 115.661461 
226.577850 100.600372 
127.468994 79.558540 
133.918945 72.224915 
143.710800 70.063248 
154.376724 71.318512 
163.137222 76.472237 
188.159363 77.807869 
197.799377 73.975166 
208.153915 73.897072 
217.455872 78.130203 
222.081268 86.641823 
175.106644 92.044624 
174.416656 102.641945 
173.629837 113.078560 
172.909912 123.759361 
162.417511 129.959976 
167.338058 132.337616 
172.723068 133.995804 
178.109756 133.101654 
183.109787 131.463486 
138.870209 92.237465 
145.311340 88.053749 
153.390656 88.711479 
159.973129 94.222252 
152.757248 95.840622 
144.879913 95.709236 
189.487305 96.323692 
196.956619 91.593201 
204.724533 92.040604 
210.083527 96.785667 
204.567520 99.389244 
197.016098 98.706024 
154.070023 155.335632 
160.791367 151.144714 
167.118652 148.778259 
172.833298 150.257721 
179.157074 149.449966 
185.341354 152.541534 
190.688843 156.308823 
185.494095 162.080994 
179.273621 165.253342 
172.523315 166.168320 
166.257629 164.896332 
160.276642 161.739563 
157.374207 155.601303 
166.612640 153.258240 
172.622147 153.843353 
179.361633 153.696823 
187.714752 156.105026 
179.530380 157.108932 
172.679703 158.292465 
166.582336 156.908066 
