70 2
94.027321 56.143337 
96.064911 82.870415 
101.475746 108.584740 
106.639244 133.127380 
113.809448 158.056274 
125.051651 181.568985 
142.754730 200.622559 
163.940155 214.623871 
190.875793 218.486893 
219.268097 213.593979 
243.701965 199.522217 
263.057800 180.580399 
276.986053 158.926361 
285.750977 133.942810 
290.134918 108.834541 
293.668243 83.303619 
296.328766 56.918205 
101.647758 21.375919 
113.188477 6.137234 
131.616867 0.053562 
152.070190 0.262921 
170.207382 5.988656 
207.932785 5.455598 
228.088516 -0.026471 
249.166855 1.241447 
268.546265 8.657680 
279.923492 24.330894 
187.185242 26.506901 
186.382736 39.535385 
185.306274 52.450470 
184.175964 66.576683 
164.594818 90.970444 
174.985489 93.287132 
185.607590 95.088501 
197.265656 93.241631 
208.175125 90.836067 
121.471954 42.486435 
132.678955 34.237690 
147.159302 32.802364 
160.226944 39.075371 
147.397995 43.009731 
133.473633 44.656246 
218.489670 38.161362 
232.798126 31.688698 
247.294754 33.850380 
258.610718 41.948772 
247.108917 44.208893 
232.493973 42.474716 
147.337463 143.674438 
159.133469 126.951935 
173.856522 118.975136 
185.193939 121.761200 
197.908752 119.140556 
215.056946 127.827255 
229.689560 143.972351 
215.243927 156.059082 
198.644913 162.659836 
185.351135 164.326492 
172.971222 162.799484 
158.689987 155.619934 
155.272079 141.419968 
173.602478 129.713196 
185.088806 130.209213 
198.578415 129.616150 
222.206177 142.461502 
198.960510 147.936417 
185.157654 149.824005 
173.425232 148.130173 
137.333328 35.777779 
238.666672 34.000000 
