68 2
100.561340 166.655823 
103.070160 188.278778 
107.803780 210.043701 
113.108299 231.451233 
119.997467 251.478088 
133.978836 267.695770 
153.366913 279.058258 
175.847961 286.088745 
201.573715 286.084259 
226.197418 282.676727 
246.549667 272.382507 
261.369232 257.682831 
270.881317 239.010849 
274.393036 217.730148 
275.737762 196.270737 
276.653137 176.163345 
275.787231 156.772385 
114.528770 132.013565 
125.221329 119.673256 
140.155060 112.757233 
156.878967 111.554878 
172.607788 116.148544 
209.859283 113.283188 
225.416565 108.153656 
241.026917 107.641953 
255.424805 112.184715 
265.715607 122.032562 
194.880493 137.841690 
196.158691 150.628540 
197.477066 162.944748 
198.818665 175.775848 
182.340576 197.186264 
190.692169 198.434555 
198.799118 199.414719 
206.231216 198.064499 
213.702652 196.636002 
133.488907 150.923157 
143.251419 143.194565 
156.321457 142.199295 
168.957245 149.152512 
157.044006 152.714691 
144.113220 154.064758 
217.137802 146.975174 
229.284912 139.034317 
241.653778 139.174545 
251.490265 145.564224 
242.625168 149.258545 
230.155197 149.455887 
159.594345 229.260681 
175.926361 219.566727 
189.895844 214.180344 
199.693909 215.537903 
209.626816 213.133636 
223.893234 217.880066 
237.922546 225.334503 
224.965240 232.538147 
212.043793 236.418732 
201.429321 237.909393 
191.211807 237.966446 
177.002914 235.087051 
165.746582 228.999573 
191.023239 225.849731 
200.521179 225.653915 
210.662048 224.859940 
232.132248 225.671417 
210.518936 224.348953 
200.386337 225.421356 
190.831955 225.862381 
