68 2
117.193359 113.103661 
117.909630 124.703842 
119.676811 135.840546 
122.579941 146.670044 
127.192474 156.408051 
133.663651 164.592209 
142.901978 170.326920 
153.837738 174.063873 
166.030090 174.704041 
177.623871 172.936310 
188.086121 168.817734 
196.745529 162.321716 
203.402588 154.293243 
207.874680 144.137070 
210.197281 132.819656 
211.499176 121.566254 
211.962509 110.196007 
124.329262 96.189491 
129.123917 89.729591 
136.781921 86.731110 
145.349457 86.538727 
153.483322 88.057632 
171.440277 87.683022 
179.826660 85.855988 
188.293823 85.652504 
196.278183 88.052559 
202.336044 93.449776 
162.642197 98.172928 
162.688080 102.911560 
162.682602 107.481644 
162.770035 112.453156 
155.449646 123.888824 
159.516876 124.282959 
163.467392 124.335800 
167.667358 123.949982 
171.749603 123.332489 
133.960999 104.774445 
138.695267 101.345139 
144.705124 100.719070 
150.300278 103.642792 
145.031235 105.153618 
139.062347 105.945450 
175.864716 102.855820 
181.426834 99.559860 
187.230698 99.735672 
192.041306 102.526138 
187.377502 104.166000 
181.548935 104.048737 
147.103210 144.222214 
153.698059 138.345505 
159.588013 134.508118 
164.081116 134.939728 
168.563965 134.329987 
174.879807 137.762207 
181.252090 142.994186 
174.760727 143.916672 
168.697830 143.925003 
164.329391 144.082504 
159.915466 144.148987 
154.114090 144.458038 
150.797775 142.857956 
159.852432 139.156860 
164.282654 138.726593 
168.765533 138.917175 
177.820221 141.919113 
168.668884 139.596191 
164.102921 139.643616 
159.736008 139.660812 
