68 2
88.622108 60.753017 
88.213547 77.442215 
89.385544 93.381927 
91.530067 109.302017 
95.709801 124.960052 
102.190689 139.405701 
111.952019 151.602600 
123.435997 160.320740 
139.137253 161.789124 
155.917969 157.962341 
170.609634 149.268326 
184.152176 137.907776 
194.934555 124.608955 
202.274597 108.691544 
205.632751 91.743179 
207.575500 74.318756 
209.187927 56.652657 
88.890038 44.095097 
93.580292 33.645210 
104.113037 28.542912 
116.378502 28.542664 
127.565170 31.593044 
149.083511 30.266632 
161.207031 24.921425 
174.147659 23.178751 
186.601700 26.429367 
194.766174 35.386898 
137.494827 44.275497 
136.438828 53.500504 
135.475983 62.645847 
134.449890 72.091553 
123.428139 84.644585 
129.617294 86.661835 
136.376389 87.819489 
144.113373 85.221268 
151.369858 82.569069 
99.402145 54.992908 
105.883430 49.438347 
114.478912 48.461861 
122.856812 51.831142 
115.222237 54.717731 
106.724823 56.209499 
156.920227 48.107407 
165.742096 43.180496 
174.595062 43.331715 
182.141373 46.829472 
174.972275 49.511013 
166.133896 49.659260 
113.125702 114.300018 
121.319809 107.234230 
130.864777 102.748642 
136.305130 103.556946 
142.511459 101.754791 
153.754807 104.705948 
164.278015 110.633698 
154.038162 118.977432 
143.545395 122.708618 
136.681702 123.860512 
131.022217 123.891441 
121.607025 121.768715 
117.154083 114.239960 
131.426910 108.527573 
136.735077 108.251434 
143.286804 107.419518 
160.203430 111.292084 
143.436340 115.111610 
136.720917 116.251884 
131.396530 116.084381 
