68 2
103.620369 111.766289 
104.314911 123.567505 
106.164719 134.899231 
109.200089 145.655960 
113.914619 155.645493 
120.145645 164.100281 
128.876404 170.271790 
139.029358 174.176254 
151.230316 175.051208 
163.261948 172.838623 
173.880432 168.205811 
182.589630 161.452408 
188.774841 153.450882 
193.178284 143.917938 
195.709366 133.153915 
197.191162 122.458115 
197.844635 111.509918 
110.540657 94.498360 
115.821808 87.644150 
123.951309 84.144600 
133.166931 83.913834 
141.539032 86.174828 
157.937180 85.830368 
166.360413 83.344841 
175.134094 83.357582 
183.216095 86.598053 
189.281021 92.598244 
148.677063 96.255531 
148.514832 100.174774 
148.323227 104.057213 
148.279678 108.387024 
141.507019 119.904678 
145.115997 120.278290 
148.801880 120.312607 
152.951447 120.087158 
156.880356 119.474991 
120.119820 102.381920 
125.092827 98.713898 
131.315048 98.018250 
137.012695 100.961639 
131.666580 102.618149 
125.571495 103.480095 
161.766190 100.409027 
167.448853 97.067818 
173.437439 97.378639 
178.350861 100.612030 
173.446991 102.150131 
167.530945 101.879044 
134.792862 143.508118 
139.709381 134.865051 
145.245193 130.056335 
149.619431 130.567825 
154.374207 130.176254 
160.403442 134.954498 
165.086639 142.673859 
159.935211 145.615723 
154.250961 146.690338 
149.354324 147.138321 
144.854874 146.737854 
139.772247 145.932968 
137.959122 142.269501 
145.509521 135.426453 
149.939133 134.889755 
154.933533 135.440399 
162.199188 141.819321 
154.390503 141.546661 
149.210266 141.939499 
144.859192 141.548737 
