68 2
180.460297 72.642456 
181.834503 87.963036 
184.802109 102.737679 
188.022644 116.897423 
193.257034 130.617538 
201.711441 142.714157 
212.863800 153.732941 
225.490967 162.168320 
239.131836 163.350159 
251.061951 159.897659 
260.161224 150.534180 
267.655243 138.809677 
273.734131 126.147636 
277.226532 112.756462 
279.352417 99.189056 
281.302795 85.113007 
281.802765 71.198441 
190.061035 75.553352 
198.331192 70.571495 
208.190247 69.340820 
218.208221 71.019165 
227.468292 74.319420 
245.819931 72.956253 
254.520676 68.703201 
263.659241 66.026276 
273.152771 66.331551 
279.697021 70.915131 
237.669510 81.379906 
238.027725 92.510147 
238.476013 103.676064 
238.850128 114.942230 
226.164902 116.372574 
231.987488 118.666031 
238.260956 120.841324 
244.201035 118.782417 
249.376007 116.397675 
201.137802 81.727455 
207.469971 79.103790 
215.253555 78.953484 
221.408234 82.927750 
215.094360 85.151482 
207.310120 85.531647 
250.133301 81.468239 
256.946991 77.023392 
263.966034 76.747490 
269.556793 79.175415 
265.019867 83.075012 
257.855896 83.403900 
218.389084 133.795578 
226.756271 132.298889 
233.359970 131.263412 
237.666336 132.697083 
242.586182 131.398666 
249.010925 132.811554 
256.162750 133.304092 
249.717422 139.525681 
243.729553 142.306122 
238.411804 142.971176 
233.456192 142.500427 
226.530640 139.420090 
221.750549 133.981873 
233.569336 133.859131 
237.944748 134.925476 
242.793427 134.069504 
252.729797 134.040573 
243.043350 134.662384 
238.106064 135.707550 
233.641571 134.854156 
