68 2
140.990082 111.762543 
142.422806 130.454269 
145.736572 148.799515 
150.181717 166.770844 
156.863571 183.279404 
166.630310 197.791794 
179.631088 209.222229 
195.179993 217.450821 
212.478653 218.641724 
228.537781 214.076889 
241.545715 203.443344 
252.676971 190.377655 
261.166138 176.406555 
266.088745 161.559875 
268.821991 145.490616 
270.752014 129.654770 
271.750366 113.254570 
149.423035 100.166275 
159.458038 91.502602 
173.153748 90.166168 
186.798645 92.990135 
199.027405 99.260574 
222.995377 99.104805 
234.872528 94.087616 
247.017883 91.839485 
258.763184 93.166725 
265.664764 101.341377 
212.331818 112.176140 
212.504318 120.646622 
212.790878 129.091843 
213.215088 138.161575 
198.637039 150.646912 
205.254776 151.700760 
211.914169 152.915146 
217.903778 151.932190 
223.570190 150.827026 
165.981247 112.344376 
173.399475 108.289139 
182.482971 108.917877 
190.558075 114.414146 
182.315323 115.946320 
173.142654 115.930977 
229.124893 115.204987 
237.306671 109.791229 
245.931473 110.134789 
252.623672 113.992172 
246.433105 117.231308 
237.693085 117.030190 
185.032852 176.073547 
195.921356 170.917374 
205.852097 168.316711 
210.553635 170.261154 
215.571152 168.437683 
224.171936 171.450989 
232.627380 176.148819 
224.623276 184.220215 
216.760773 187.646210 
210.986343 188.533386 
205.275314 188.387405 
195.401184 185.166718 
189.087845 176.129791 
205.789978 174.926346 
210.734421 175.505127 
215.782623 174.665390 
228.497635 176.557770 
216.154892 177.746277 
211.041870 178.759399 
205.785568 178.457779 
