68 2
153.541046 75.847054 
155.755066 87.165596 
158.702179 97.788986 
161.869949 108.069450 
166.570007 117.115585 
173.292526 125.130898 
181.946533 131.319122 
190.533096 136.067627 
199.917221 136.757156 
208.732132 134.394760 
216.005798 128.511337 
221.920105 121.095551 
226.291092 112.212967 
228.769699 102.630379 
230.186035 92.908417 
231.480331 82.366966 
232.127274 71.848633 
159.566574 71.923637 
165.236862 67.495941 
172.737366 66.240234 
180.157257 67.530594 
187.030502 69.764786 
200.574524 69.158737 
207.548309 66.224129 
214.665314 64.609512 
221.943604 65.618332 
227.180511 69.766876 
194.748672 75.167381 
195.561569 82.366074 
196.374222 89.504860 
197.172119 96.995659 
188.301575 100.827423 
192.451828 102.496147 
196.874054 103.864937 
200.708939 102.187103 
204.082321 100.306763 
168.091476 77.335419 
172.550598 74.682663 
178.324829 74.528992 
183.196106 77.861504 
178.332352 79.234680 
172.520157 79.648140 
204.615921 77.027550 
209.684280 73.201691 
215.141403 73.087372 
219.601257 75.348717 
215.853073 77.759064 
210.308411 78.050354 
181.833847 114.157295 
187.570282 111.867371 
193.065598 110.633057 
196.925079 111.639946 
201.095276 110.210266 
206.300140 111.143532 
211.327209 112.523285 
207.198212 117.501625 
202.483368 120.023140 
197.894470 120.868912 
193.526672 120.786934 
187.759048 118.776108 
184.185608 114.296417 
193.224823 114.202362 
197.134995 114.660294 
201.495331 113.717926 
209.112717 113.002777 
201.788284 114.630775 
197.450882 115.614883 
193.417053 115.313736 
