68 2
115.198647 114.208115 
114.972870 126.979546 
116.070160 140.386658 
118.728287 153.427841 
123.444351 165.880920 
129.871536 177.220474 
138.295822 186.979568 
148.310730 194.389786 
161.067627 196.199921 
173.190811 193.844513 
182.499207 185.915497 
189.713531 175.969498 
195.754227 164.411957 
200.286072 152.460434 
203.103745 140.688461 
204.827560 128.546097 
205.587936 116.567230 
123.400757 102.153801 
130.021103 98.750557 
137.672775 98.319138 
145.387711 99.958084 
152.688950 102.729263 
174.417313 102.766174 
180.890869 99.737640 
187.884521 97.960854 
194.674622 98.857437 
198.910690 103.535614 
162.908310 112.098671 
163.030121 122.011147 
163.272919 131.895706 
163.470657 141.891068 
152.540710 144.360611 
157.222260 147.076828 
162.418762 149.033997 
167.967392 146.829208 
172.627579 143.774109 
132.494370 111.335846 
137.274780 108.432480 
143.404434 108.621643 
148.188309 112.002380 
143.101135 114.007782 
137.081329 114.208725 
174.985168 112.297989 
180.189484 108.988770 
185.931671 109.498383 
189.818207 112.504845 
185.930634 114.884262 
180.304688 114.483887 
144.296234 163.199158 
152.126022 161.593033 
158.178314 160.644226 
162.428467 161.549088 
167.240021 160.688004 
172.792007 161.343567 
178.527969 162.372131 
173.049820 165.401474 
167.430008 166.879684 
162.340790 167.339981 
157.668472 166.946014 
151.832275 166.033020 
147.421860 163.514236 
157.856079 163.086044 
162.409271 163.561920 
167.437897 163.099289 
175.868835 162.690613 
167.691376 162.070297 
162.463379 162.537628 
157.907608 162.045959 
