68 2
137.683914 100.585640 
140.430527 118.372139 
144.589111 135.294357 
149.342392 151.478241 
155.870193 167.255112 
165.723175 180.969650 
177.742020 192.113113 
191.173523 200.673416 
207.650391 201.728165 
222.971375 197.837265 
235.007004 186.839661 
245.596268 174.216385 
252.772537 159.531204 
257.333618 143.871170 
260.183289 127.446915 
262.496796 110.396446 
262.740875 92.732025 
145.453720 92.137550 
152.734344 81.057083 
165.623154 76.863998 
179.324112 78.101456 
191.911865 82.385223 
215.624069 78.901520 
226.960022 74.048759 
238.952988 72.711723 
249.864197 76.486053 
256.054321 85.621002 
203.911346 95.145988 
204.268936 105.829018 
204.683090 116.396957 
205.254807 127.336220 
191.128250 135.301971 
198.030304 137.623993 
205.068665 139.249298 
212.051025 136.908676 
218.303085 134.533752 
160.626694 99.738289 
167.529648 94.909653 
176.711426 94.161949 
184.850296 98.991264 
177.359161 102.018372 
168.180618 103.123169 
219.506760 97.031944 
227.941620 91.472130 
236.411484 91.291290 
242.976883 95.251320 
237.344788 99.216125 
228.620300 99.355309 
182.297470 161.755417 
192.189133 157.971115 
200.256775 155.699829 
205.766708 157.386414 
212.022827 155.606415 
219.782928 157.630478 
227.176193 160.154861 
220.327576 168.316589 
212.881119 171.596954 
205.882477 172.470764 
199.736298 171.974686 
191.513718 169.145355 
185.442688 162.001617 
200.188461 160.076599 
205.928070 160.425140 
212.541809 159.648819 
224.363739 160.728302 
212.459534 164.211288 
205.616501 165.527328 
199.919174 164.609146 
