68 2
107.997314 131.307877 
108.082382 144.484650 
109.614288 157.559143 
111.936577 170.349396 
115.588661 182.446106 
121.920166 193.524277 
130.871429 202.658066 
141.660736 209.506729 
153.924698 212.238586 
165.386856 210.827179 
175.610565 204.368240 
184.418854 196.334991 
190.920990 186.077805 
195.911255 174.776550 
200.031708 163.221130 
203.004883 151.527908 
204.861679 139.801331 
117.694649 118.310219 
124.891708 110.633644 
135.462692 107.852989 
146.234940 109.261063 
155.409454 113.556007 
167.093704 113.917130 
176.804153 111.216827 
186.634964 111.497810 
195.706924 115.863594 
200.293777 123.966660 
160.836502 124.899864 
160.534119 133.576874 
160.180466 142.102097 
159.989883 150.861053 
149.154541 158.870056 
153.678299 160.011887 
158.155411 161.311249 
162.182693 160.920227 
166.047913 160.392807 
127.665756 125.988686 
133.860748 122.839340 
140.424133 123.337738 
145.929520 128.118820 
139.899719 128.667664 
133.234085 128.269043 
172.316284 129.931519 
178.698837 125.854073 
185.124420 126.330460 
189.833191 130.116714 
185.137192 131.620422 
178.867111 131.248474 
136.610413 178.148056 
144.224060 173.197464 
152.185867 170.463547 
156.722794 171.788116 
161.673813 171.238007 
168.190048 175.222870 
173.292969 180.794296 
167.552399 188.596771 
160.869278 192.736282 
155.564758 193.200607 
150.336212 191.994476 
143.085800 187.449615 
139.496582 178.279236 
151.993057 174.865051 
156.432266 175.349777 
161.307983 175.574844 
170.721466 180.563980 
160.978271 185.436722 
155.927246 186.220032 
151.153015 185.120010 
