68 2
160.157867 88.445526 
160.780502 101.075912 
163.249924 113.431000 
166.578201 125.961670 
171.090881 137.806198 
178.234680 148.244217 
187.227295 157.568787 
197.829346 165.118896 
209.502151 166.849442 
220.195557 164.438171 
229.092117 156.638779 
236.880157 147.735779 
242.936035 137.323746 
247.119629 126.091759 
250.149414 115.077255 
252.635468 103.139191 
254.258331 90.667976 
169.248215 79.087372 
176.161972 73.187538 
185.507523 71.478897 
195.196945 73.037292 
203.767273 77.086403 
215.900635 77.018188 
225.035568 73.781769 
234.467529 72.661102 
243.582901 75.143723 
249.269562 81.474663 
209.631241 87.120605 
209.351624 96.150253 
209.084015 105.012596 
208.806183 114.172638 
200.371155 120.021210 
204.280792 121.817055 
208.643005 123.183701 
212.834290 122.073090 
216.546021 120.551865 
178.850311 87.422745 
184.385086 83.994843 
191.385605 84.295822 
196.722961 89.239708 
190.785126 90.700882 
183.999924 90.550835 
221.515274 89.662376 
227.306137 84.943665 
234.049286 85.058624 
238.902161 88.614632 
234.430099 91.268311 
227.940430 91.297508 
194.440384 139.045715 
200.008850 136.028503 
205.129807 133.872711 
207.900330 135.107605 
210.891617 134.156250 
216.482910 137.245712 
222.387848 140.088837 
216.826447 146.597931 
211.844910 149.057190 
208.498993 149.552063 
204.819641 148.715958 
199.940536 145.471909 
197.362854 138.884583 
205.017990 137.485367 
207.848221 138.095734 
210.840271 137.767807 
219.645905 140.120361 
211.406342 142.124756 
208.406219 142.813324 
205.221985 141.833801 
