68 2
105.818985 131.151016 
106.834335 145.335388 
109.339203 158.898865 
112.768486 172.051956 
117.224396 184.377258 
124.342583 194.984100 
134.199417 203.810898 
145.411026 210.327179 
157.874741 212.278641 
169.078613 210.127136 
179.102264 203.516678 
187.794220 195.448547 
193.884583 184.684647 
198.622070 172.351501 
202.133972 160.837357 
205.002487 148.412369 
206.229279 135.947693 
116.338608 118.083771 
123.668541 110.227997 
134.412827 107.529701 
145.578369 108.894058 
155.112625 113.435707 
166.612732 113.412956 
176.258423 110.342117 
186.343979 110.188095 
195.984863 113.536041 
201.589432 121.113998 
160.961624 124.539116 
160.876862 133.717804 
160.766022 142.643875 
160.682709 151.857773 
150.302078 159.209900 
154.862839 160.559586 
159.529510 161.830276 
163.665939 161.171555 
167.679443 160.152771 
126.690758 125.604736 
132.960129 121.921356 
139.958420 122.365463 
145.797043 127.507294 
139.580765 128.382874 
132.534378 128.245300 
173.012375 128.516739 
179.263016 123.675240 
185.956955 124.084869 
191.030243 128.130341 
186.080994 130.031143 
179.656769 129.860199 
141.585007 182.514938 
147.330673 175.785080 
153.978195 171.573303 
158.407700 172.446381 
163.196838 172.011047 
169.473648 176.856140 
174.810654 183.738617 
169.547836 190.349319 
163.713791 194.045532 
158.607651 194.980118 
153.227188 193.873962 
147.045807 189.639999 
145.100113 181.688416 
153.716370 175.742493 
158.292786 175.593842 
163.093826 176.141571 
171.907242 182.721298 
163.494156 187.126266 
158.552597 188.323334 
153.608704 187.048737 
