68 2
108.188148 123.195854 
109.033119 140.594345 
111.715736 157.755676 
116.800743 174.854675 
124.743980 190.598465 
133.882874 204.915771 
145.780502 217.927032 
158.998749 227.966309 
174.821304 231.185760 
189.696564 228.109680 
201.633194 217.788376 
211.487762 204.941559 
218.478714 189.803818 
223.377090 173.674622 
226.251419 157.510361 
229.197403 140.404236 
230.178787 123.356239 
122.046089 107.037682 
129.747192 99.436028 
140.781113 97.761513 
152.140671 99.604881 
162.019119 104.941040 
187.041306 105.654564 
197.553574 101.086899 
208.445389 100.168442 
218.961884 103.747086 
224.883011 112.197380 
173.570755 120.413116 
173.411453 132.190262 
173.136520 143.933090 
173.077103 155.763962 
162.350906 161.729874 
167.798279 163.677673 
173.435928 164.906082 
178.994492 163.946182 
184.062088 162.403061 
134.999329 119.985039 
141.481171 115.622856 
149.931320 116.230560 
156.756485 121.901123 
149.401520 123.750084 
141.121323 123.683487 
189.160645 123.190392 
196.848495 117.978760 
204.945023 118.156372 
210.958282 122.763702 
205.041718 125.723633 
197.068634 125.364594 
154.164429 187.063232 
160.301224 182.501511 
166.803528 179.955994 
173.280396 181.342667 
179.984360 180.730484 
186.626541 184.036469 
191.836578 188.066193 
187.008667 195.662903 
180.741577 199.824158 
173.628448 200.869171 
166.338120 199.237549 
160.150284 194.610535 
157.821289 186.870255 
166.454987 184.070862 
173.366074 185.050995 
180.373444 184.852325 
188.499969 187.541367 
180.533524 190.808563 
173.476563 192.316666 
166.343185 190.346848 
