68 2
150.090912 108.650826 
151.118088 124.129242 
154.079758 138.968246 
158.699951 152.906326 
164.545197 166.264832 
172.206863 178.942703 
182.060898 190.766388 
193.573395 199.662781 
208.163757 202.171463 
222.760056 198.996994 
234.487518 189.610962 
244.638748 178.534210 
252.139404 165.585968 
256.599976 151.611206 
259.053070 137.230148 
261.206604 122.281532 
262.025208 106.840279 
157.320526 96.229492 
164.450012 89.719833 
174.844818 88.062828 
185.257339 89.725250 
194.090729 94.326546 
214.703903 92.926743 
224.115585 89.164146 
233.801788 87.666519 
243.494217 88.722900 
250.132980 94.351906 
204.311951 104.618591 
204.384720 113.308441 
204.526520 122.115929 
204.640091 131.200821 
194.308319 138.582428 
199.316299 140.007187 
204.545563 141.114288 
210.208908 139.933624 
215.298981 138.497360 
168.810654 106.730804 
174.644211 102.482727 
182.372513 102.428703 
188.635132 106.835213 
182.101059 109.219002 
174.758423 109.604897 
219.641373 106.288368 
226.086563 101.489655 
233.600403 101.797211 
239.146057 105.903351 
233.890350 108.965927 
226.554642 108.793198 
189.171860 164.541382 
193.428040 156.219910 
198.792282 151.496689 
204.139572 152.443527 
210.543274 151.628143 
217.842285 156.681870 
223.416687 163.898132 
218.397095 171.913544 
211.746170 176.152679 
205.103104 177.248154 
199.021591 176.207870 
193.844818 171.547195 
192.928955 163.836380 
199.082245 158.189102 
204.464035 157.653152 
210.871689 158.164902 
220.252121 163.529419 
211.358475 166.946518 
204.991943 168.380829 
199.518692 166.889709 
