68 2
127.372017 107.376503 
129.840332 122.221138 
134.016495 136.835190 
138.381119 150.870056 
144.476425 164.297211 
154.692535 176.018753 
167.661453 185.093094 
182.392502 192.153564 
197.835831 192.572388 
211.857086 188.605453 
223.103302 178.942444 
232.198029 167.216156 
238.809509 153.956818 
241.125305 139.382675 
241.941818 124.683022 
242.826279 110.417168 
242.332092 96.082680 
136.598923 92.836601 
142.818146 84.408340 
152.528671 79.799995 
163.524826 79.411346 
173.787415 82.391922 
200.439880 79.027206 
210.267761 74.473953 
220.397766 73.184509 
229.802841 76.683411 
236.137039 83.522919 
188.237640 96.084717 
189.483688 105.655579 
190.850800 114.870880 
192.094650 124.387436 
181.335571 135.644455 
187.074707 135.733475 
192.723129 136.272186 
198.065125 134.751160 
203.093704 133.631897 
148.339096 103.268753 
154.968506 98.150337 
163.783875 97.514267 
171.665665 102.380722 
164.218140 104.857002 
155.465652 105.712982 
204.036804 99.307579 
211.378265 93.034599 
219.597412 92.452812 
226.265442 96.363312 
220.868515 99.694717 
212.544540 100.386475 
168.966553 154.934006 
179.342270 149.574997 
188.444519 146.649780 
193.575760 147.628296 
199.264832 145.608582 
209.026947 147.048889 
218.038773 150.137573 
210.014191 157.031769 
201.250549 160.918365 
195.088684 162.154587 
189.744019 162.423187 
180.385361 160.555222 
173.128723 154.704544 
189.518723 153.480179 
194.169540 153.532288 
199.794678 152.310608 
213.803162 150.927841 
199.885178 152.773087 
194.319000 153.655823 
189.646210 153.915878 
