68 2
136.223679 134.770142 
138.198837 151.438416 
141.860153 167.774017 
145.875626 183.727310 
152.918762 198.220139 
163.853333 210.168671 
176.805008 220.153351 
190.402161 229.254959 
205.846375 230.845917 
219.573517 226.909180 
230.814865 217.006989 
241.066757 205.653870 
249.234024 192.734344 
253.791931 177.690842 
255.869354 162.130020 
257.905975 146.545959 
258.062347 130.734589 
147.248291 119.151680 
153.944901 111.415573 
164.070877 106.542587 
175.157410 106.707680 
185.699280 109.485992 
216.689102 108.655853 
226.516327 105.023277 
236.337402 103.847893 
245.558517 107.045517 
251.984131 113.252861 
202.111694 126.354034 
203.132706 136.902985 
204.157516 147.128372 
205.128769 157.531174 
193.678329 167.428238 
199.090637 168.399445 
204.394135 169.350616 
209.685608 167.832428 
214.739075 166.433350 
158.906143 131.421051 
166.091660 125.841553 
176.076065 125.421661 
184.732483 131.521027 
176.281921 134.139343 
166.478271 134.889084 
217.328735 130.704849 
225.627762 124.166473 
234.767685 123.719048 
241.614258 128.547607 
235.482254 132.368683 
226.462341 132.506561 
177.889572 189.108078 
187.133926 182.851639 
196.960999 179.054398 
204.565491 179.567627 
212.344589 178.761536 
221.014297 181.718033 
228.828262 186.401047 
221.788025 197.249054 
213.191620 202.460266 
205.156387 203.955170 
197.093155 203.344543 
187.182373 198.818329 
182.268768 189.071884 
197.238785 185.337311 
204.779938 184.820526 
212.830368 184.864838 
224.986877 187.152130 
213.067017 193.724182 
204.898682 195.047745 
197.231003 194.559708 
