68 2
159.640198 93.267357 
160.632721 106.536972 
163.866837 120.040924 
168.320755 133.024597 
173.912415 145.317062 
181.571594 155.891891 
191.640167 164.972229 
203.403152 170.637314 
215.143921 171.133148 
225.306091 167.387115 
233.645432 159.275253 
241.122070 149.734558 
246.604736 138.262466 
249.711563 126.472153 
252.174255 115.313477 
253.999542 103.491577 
254.149414 91.559540 
171.407303 82.582527 
178.832520 76.550568 
188.739624 74.591187 
199.159500 75.950592 
208.135834 80.332268 
218.958130 79.827805 
227.394714 76.190163 
236.346924 74.690506 
244.915939 76.951508 
250.040009 82.751945 
213.479111 90.017868 
213.801300 98.902016 
214.261398 107.677879 
214.776993 116.660614 
205.280426 123.830757 
209.689194 124.773926 
214.185852 125.623184 
218.075806 124.714302 
221.693848 123.510933 
180.934494 91.390961 
186.816315 87.625397 
193.962402 87.848648 
199.657043 92.927429 
193.579651 94.600967 
186.351486 94.627304 
224.075012 92.253143 
229.737198 87.050926 
236.293274 86.973763 
241.185684 90.512535 
237.083282 93.516518 
230.576248 93.860909 
198.953751 144.236099 
205.083008 138.937973 
210.860168 135.324280 
214.090698 136.381607 
217.121887 135.462875 
221.770264 139.018677 
226.360397 142.984741 
221.597137 148.483200 
217.577942 151.362381 
213.996185 152.204269 
210.274338 151.669495 
204.924744 149.175308 
202.474060 143.644714 
210.958328 140.569275 
214.072174 140.779114 
216.917114 140.583664 
223.019592 142.950546 
216.730652 143.204041 
213.690552 144.088791 
210.523483 143.510254 
