68 2
159.313278 73.095856 
161.040344 82.985809 
163.549286 92.144913 
166.181183 101.532013 
169.799973 110.049828 
175.631348 117.477814 
184.032547 122.628799 
193.524017 125.980263 
203.653427 126.155464 
213.141754 123.693970 
221.311600 119.031456 
227.872589 113.080086 
232.440353 105.529427 
234.829239 96.933083 
235.996765 87.872711 
237.342941 78.766548 
237.904572 69.263954 
165.544693 56.218414 
169.757111 50.620026 
176.565979 47.722595 
184.199158 48.003780 
190.965622 49.899910 
205.366241 48.807903 
211.942612 46.646774 
218.596954 46.153214 
224.981873 47.906239 
229.321564 52.329651 
199.047302 57.255390 
199.442291 62.074089 
199.848267 66.879578 
200.346848 71.992294 
193.547516 80.740326 
197.114075 81.133766 
200.720459 81.422096 
204.180481 80.725266 
207.436264 79.729141 
173.637253 63.324970 
177.768524 60.027473 
182.981384 59.475227 
187.788544 61.966717 
183.258774 63.661358 
178.248337 64.352722 
209.633499 60.962177 
214.176544 58.044670 
219.229721 58.359741 
223.418976 61.038601 
219.475159 62.488472 
214.546616 62.314278 
185.710297 100.459496 
190.891998 94.052834 
196.456024 90.630943 
201.003601 91.296967 
205.741882 90.207947 
211.248138 93.176933 
215.987396 98.581345 
211.929276 104.008057 
206.791077 106.147316 
201.823273 106.858276 
196.839157 106.889175 
190.893387 105.679863 
188.163864 100.041298 
196.514954 95.570549 
201.275131 95.323029 
206.289169 95.001892 
213.792419 98.512840 
206.397934 100.275444 
201.334290 101.064163 
196.462830 101.185638 
