68 2
170.692780 76.918648 
172.096039 92.107651 
174.522446 107.444283 
177.586716 122.243073 
183.362610 135.867767 
192.660645 147.370956 
204.255432 157.138260 
217.606964 165.033508 
232.404861 166.863708 
245.469101 163.688507 
254.966522 154.401367 
263.505157 143.713058 
270.530884 130.830246 
274.176544 116.722740 
276.386139 102.704803 
277.945526 88.219597 
278.103760 73.800713 
181.831543 67.350777 
189.668549 61.436123 
199.597519 59.354973 
210.308456 59.949722 
220.302917 62.886929 
241.617844 61.345337 
251.227600 57.801765 
260.948334 56.197796 
270.415192 57.932495 
276.213226 64.375084 
231.502441 73.633858 
231.958466 82.956352 
232.526047 92.081726 
233.197189 101.588837 
220.402618 109.163521 
226.192551 110.828552 
232.351135 112.293564 
238.355789 111.099640 
243.806122 109.510742 
193.274063 76.910164 
200.053528 73.570557 
208.166336 73.057724 
214.912094 76.476944 
208.122009 79.012184 
200.042068 79.909416 
244.831085 75.551170 
252.219238 71.470551 
259.900299 71.520836 
265.426544 74.534431 
260.398834 77.748268 
252.700745 77.797623 
210.610397 129.176041 
220.200134 126.830757 
228.150818 124.245987 
233.549774 125.280220 
239.505051 124.351349 
246.583435 127.188583 
253.544785 129.026306 
246.628845 136.028824 
239.912277 139.602768 
233.668839 140.540802 
227.727509 139.654816 
219.817841 135.954880 
215.334534 129.429016 
228.194305 128.709793 
233.443527 129.110794 
239.566620 128.784119 
249.252502 129.410828 
239.699081 130.905640 
233.585449 132.083008 
228.108337 131.003571 
