68 2
126.136215 107.599442 
127.116486 123.870445 
129.299744 140.325012 
133.511047 155.666626 
140.039841 169.985229 
149.622330 182.703278 
161.615265 193.429794 
174.617279 202.069580 
189.305130 204.682404 
203.845230 202.160919 
216.382767 193.781372 
227.889023 183.404190 
237.626984 170.659317 
245.091415 156.570999 
248.739120 141.613846 
250.799561 125.873016 
251.924042 109.976593 
138.884262 96.380814 
146.816025 89.064034 
157.801819 86.247780 
169.638748 87.057953 
180.154709 90.894043 
200.405930 89.513680 
210.845520 86.681465 
221.553299 86.586197 
232.092392 89.256302 
239.191269 95.904854 
189.281662 106.528847 
188.543991 117.460327 
187.915039 128.229477 
187.318329 138.865845 
175.717621 141.067795 
181.044952 143.695435 
187.322098 145.556122 
194.185333 143.720245 
200.430710 141.455307 
152.098892 107.772057 
158.752090 105.333923 
166.024414 105.271469 
172.333115 107.953796 
165.916565 109.817734 
158.785126 110.157944 
206.126266 107.702911 
213.131577 105.435150 
219.818146 105.951866 
225.491638 108.150642 
219.568985 110.213608 
212.890503 109.826065 
169.096252 159.910599 
174.405945 154.587769 
181.198944 151.244659 
188.306549 151.748489 
196.677551 151.523895 
204.059418 155.096115 
210.422272 160.550858 
203.861359 169.763123 
196.637634 175.183228 
188.266846 176.430084 
180.584595 175.117981 
174.053864 169.077682 
173.791351 159.579773 
181.364685 155.103333 
188.520050 155.071793 
196.985657 155.378159 
205.708969 160.125336 
197.090561 167.136871 
188.478653 168.516937 
181.026672 166.509003 
