68 2
115.656235 144.271820 
116.829971 159.496292 
118.952148 174.402771 
120.237831 189.310577 
123.468292 203.988647 
130.983627 215.671402 
143.233307 224.705536 
158.376633 230.439804 
176.701385 231.464005 
194.518661 229.374451 
209.201477 223.729141 
221.216766 215.041718 
229.059540 203.041718 
232.673447 188.453247 
234.618652 173.333069 
236.470734 158.434067 
237.952118 143.891205 
118.922821 126.853912 
124.689224 113.211548 
137.927734 106.149605 
152.840607 104.948013 
167.148651 108.394753 
182.526657 106.701309 
196.300858 103.244911 
210.334167 104.023590 
223.300598 109.864510 
230.364471 121.154297 
175.962036 120.743790 
176.005966 128.621948 
176.031204 136.263763 
176.011780 144.879684 
163.706543 159.782288 
170.050934 160.617371 
176.316147 161.684875 
182.797531 160.862961 
188.796875 160.030502 
135.651337 129.417358 
142.624359 122.711739 
151.580505 122.170967 
159.538269 129.025162 
151.962204 130.520569 
143.018250 131.236710 
191.941422 127.896523 
200.101532 120.399551 
208.987350 120.656387 
216.171066 126.880280 
209.635864 128.865982 
201.093826 128.914398 
151.043274 190.072327 
160.870361 182.461090 
169.742645 178.123199 
175.631882 179.577286 
182.377548 177.628967 
192.480530 182.164001 
202.794327 189.119492 
192.859650 191.882736 
183.883591 192.545700 
176.820374 192.940430 
170.354553 193.162186 
161.130798 192.983200 
155.020462 189.131134 
170.011658 185.567932 
175.966965 185.766830 
182.955902 184.780945 
198.801941 188.221573 
183.072586 184.486145 
176.205963 185.080246 
169.979218 185.478226 
