68 2
120.838097 66.011726 
122.837730 80.661957 
126.203529 95.017143 
130.413956 108.680939 
136.567902 120.988068 
144.587936 131.633362 
154.575790 140.417496 
166.046204 147.504944 
179.137070 149.022736 
191.358994 145.535675 
201.235672 137.023270 
209.931976 127.099869 
216.462921 115.218262 
220.575546 102.026817 
222.984558 88.716415 
224.266388 74.779999 
224.477020 60.856831 
130.153717 56.215061 
137.399261 51.126690 
146.216736 50.097572 
155.227539 50.551369 
164.129700 51.965080 
181.108551 49.669025 
190.327911 47.244804 
198.968582 45.952560 
207.352753 46.101357 
214.006912 50.347725 
173.355209 61.227451 
174.037247 70.265396 
174.617157 79.366402 
175.261856 88.600418 
165.305038 94.792931 
170.349304 96.165985 
175.567932 97.120880 
180.585281 95.651199 
185.038513 93.950142 
140.797699 64.495750 
146.375580 60.971748 
153.508408 60.522671 
159.236481 64.108246 
153.591141 66.378120 
146.700500 67.009605 
186.523376 62.644566 
192.166275 58.008686 
199.144531 57.765362 
204.676987 60.864597 
199.822754 64.086395 
193.056824 64.416946 
161.026230 117.369843 
165.920746 111.167709 
171.050415 107.815201 
175.778732 108.718323 
181.115479 107.641586 
186.859558 110.968750 
191.526337 116.239029 
187.016708 121.064537 
181.647430 123.910980 
176.166702 124.874786 
171.078339 124.123100 
166.180008 121.474625 
164.617798 116.590034 
171.113815 112.049156 
175.953064 111.995399 
181.443619 111.897362 
188.077759 115.853912 
181.425308 116.033974 
176.039444 117.279755 
171.112091 116.325104 
