68 2
114.348495 123.389526 
116.412689 147.187805 
121.018486 170.091034 
126.738403 193.285492 
134.778793 215.145950 
147.832458 234.489426 
167.623184 248.726074 
189.773117 258.058105 
213.229919 260.130280 
236.216766 254.936005 
256.307343 243.876648 
272.784637 227.955292 
283.263062 207.385223 
288.963928 183.832352 
291.293854 161.254135 
293.635071 137.920776 
293.986450 115.427521 
129.301819 94.469879 
139.152817 80.305824 
155.248428 73.824066 
172.699097 74.889763 
189.044037 80.885185 
217.850372 78.242638 
234.380722 72.141571 
251.658905 70.861732 
268.352173 75.764519 
279.154602 87.462738 
205.540161 99.740082 
205.839020 112.733147 
205.978424 125.500435 
206.210052 139.034592 
189.539993 157.449448 
198.146667 159.863892 
207.006912 161.715027 
215.762909 159.369553 
223.790176 156.494324 
149.282089 111.855881 
159.586639 104.977470 
171.869797 104.306320 
183.681366 110.844978 
172.118195 114.465858 
160.074402 115.244576 
227.059631 109.182770 
238.513611 101.664711 
250.478348 101.486450 
260.942230 107.481712 
251.464523 111.192757 
239.530167 111.511116 
170.790955 196.860657 
184.136490 184.577682 
198.151794 178.463196 
207.517242 179.771011 
216.945007 177.580338 
232.057312 183.152405 
245.881943 192.489395 
234.441727 208.806503 
221.185120 216.901886 
210.580490 219.295227 
199.874359 218.473862 
184.816849 211.841309 
176.007751 196.618088 
198.290955 186.435226 
207.815735 186.058105 
218.113602 185.195801 
241.009338 193.289734 
220.205597 204.640686 
209.702087 206.935852 
199.318909 206.443390 
