68 2
119.392426 107.737686 
120.638634 127.095230 
123.412567 145.865356 
126.822876 164.446503 
132.250092 182.229538 
140.736069 197.914459 
152.678680 211.685913 
166.789734 221.961655 
185.133163 225.487503 
203.141281 223.571701 
219.140335 213.520370 
232.050400 199.655197 
242.300186 183.934799 
248.566238 166.870316 
253.051407 149.104797 
256.800995 130.440460 
259.376129 111.315269 
127.479004 93.081192 
137.438171 83.858238 
151.858261 82.246002 
165.904938 85.858665 
179.703430 91.056374 
201.521698 91.788422 
215.191193 87.614601 
228.268768 84.822784 
241.674774 86.204948 
251.328857 94.354156 
190.587234 99.801842 
190.116501 110.542343 
189.517212 121.327339 
188.930588 132.879791 
173.855576 143.767944 
180.791626 146.067490 
188.265411 148.040970 
196.278076 146.617172 
203.373917 144.490784 
142.219727 104.286713 
149.946716 99.713470 
159.697540 99.449944 
167.743408 103.972679 
159.310684 105.905792 
149.988983 106.666626 
210.875061 105.217590 
219.503830 100.760178 
228.988174 101.569191 
236.443115 106.047577 
229.113708 108.048119 
219.927475 107.287910 
162.515533 176.323135 
172.196991 171.487915 
180.971817 168.763718 
187.373703 171.055786 
194.753006 169.100922 
203.846970 172.417679 
212.918823 176.672821 
203.630539 185.906326 
194.373199 189.918991 
186.382156 190.740189 
179.193237 189.471344 
170.982986 185.023270 
167.440338 176.862854 
180.570236 176.124344 
187.107010 177.426178 
194.609589 176.510803 
208.178894 177.329041 
194.790161 177.507446 
186.952698 178.507248 
180.335846 177.290680 
