68 2
133.774689 105.381332 
135.078842 116.931694 
137.252090 128.037781 
140.015839 139.011978 
144.309616 148.921356 
149.946518 158.030136 
157.329926 165.745972 
165.364914 172.628311 
175.609833 174.393555 
186.088104 172.736694 
195.839294 166.762589 
204.272888 158.651276 
210.658173 148.707169 
214.819687 137.879822 
217.130524 126.427437 
218.879501 114.390785 
219.881271 101.723518 
136.919052 94.907684 
142.116104 90.092865 
149.737610 89.579239 
157.241043 91.164154 
164.269958 93.850777 
179.377548 92.828468 
187.081467 89.810997 
195.071518 88.630646 
202.842529 89.552505 
209.113770 93.739502 
172.452301 100.953552 
172.505066 108.107643 
172.477127 115.346977 
172.453796 122.873711 
165.369690 127.825645 
169.074600 129.617859 
173.134018 130.943787 
177.700867 129.513092 
181.966995 127.724838 
145.551971 103.676109 
149.526260 100.435173 
155.458847 100.309601 
160.500916 103.711472 
155.553238 105.395752 
149.876434 105.720543 
186.192322 103.308319 
190.799469 99.743988 
196.548370 99.752899 
201.230789 102.517937 
197.214035 104.809357 
191.609573 104.823425 
159.584763 144.487534 
164.509735 141.400620 
169.475479 139.974518 
173.671204 141.075500 
178.590942 139.961929 
184.566254 141.470749 
190.415482 144.029343 
185.090424 149.275925 
179.163208 151.539825 
174.123062 152.017929 
169.444061 151.495331 
164.419647 149.722672 
161.999985 144.502869 
169.567444 143.565994 
173.894699 144.020325 
178.990097 143.401016 
187.865860 144.154602 
178.918396 146.046326 
173.817123 146.684372 
169.378510 146.027466 
