68 2
98.723122 161.792007 
102.581688 182.251831 
107.768219 201.813202 
112.321411 221.901993 
119.142784 240.281189 
132.978638 254.028946 
152.406189 262.682495 
174.476868 269.236267 
199.056229 269.257263 
224.282318 265.347534 
244.618958 255.169739 
260.652954 242.208038 
270.366211 225.371948 
273.061310 204.640198 
273.906342 184.108749 
275.010895 165.483765 
275.137421 146.837616 
110.732178 116.540932 
118.713242 101.941925 
132.025955 91.582848 
148.964218 88.496933 
164.656128 92.163017 
205.977112 87.995987 
222.241623 83.185394 
239.110626 84.875885 
253.463440 93.578964 
262.502808 106.141510 
189.122269 113.830727 
189.441284 122.602921 
189.673798 131.170898 
190.167374 140.406693 
178.291428 165.654648 
185.066833 165.788620 
191.967789 166.327042 
198.859924 165.824295 
205.870987 165.678589 
129.871399 133.568207 
139.303818 125.198212 
151.815399 122.961128 
164.566849 127.601265 
153.239426 131.508606 
141.321793 133.828156 
212.954620 124.756073 
225.296814 119.018814 
237.551132 119.887489 
247.891525 126.456085 
237.521301 127.998238 
225.426849 127.481270 
157.118271 213.163605 
168.911865 193.276978 
184.117859 183.045868 
194.497696 183.213379 
205.417664 182.499573 
220.825928 191.514465 
232.959579 208.461975 
222.728455 218.935562 
208.760910 222.919098 
197.494507 223.868301 
186.832306 223.790909 
171.047195 220.603333 
164.120438 210.456039 
185.871262 195.948547 
195.247650 194.830063 
206.481522 195.432220 
226.808792 206.781143 
207.395645 208.936218 
196.051468 209.194931 
186.432968 209.672318 
