68 2
113.542030 73.245972 
113.932899 87.452362 
115.653091 101.980888 
118.429688 116.496460 
123.970215 130.164047 
131.282623 142.616867 
141.019470 153.866882 
151.974289 163.293762 
166.321350 165.192871 
179.953568 162.454422 
190.464752 153.491257 
199.167770 142.031219 
206.211502 128.821182 
211.279129 114.533218 
213.993408 100.535492 
215.880096 86.008476 
216.849884 71.516624 
118.297203 59.881931 
125.671913 54.712166 
135.175125 53.827961 
144.798721 55.824020 
153.944092 59.155090 
177.225128 59.299759 
186.111176 55.792320 
195.136337 53.802040 
204.279694 54.713448 
210.394989 60.358791 
165.851013 69.211243 
165.979538 81.313812 
166.306946 93.386200 
166.518143 105.579292 
153.665344 106.523270 
159.148392 110.206871 
165.554855 112.998100 
172.260437 109.970612 
177.825989 106.419937 
129.533478 68.546669 
135.356293 65.375404 
142.853302 65.756874 
149.225479 69.891891 
142.537140 72.039749 
135.173325 72.095093 
180.105545 70.447594 
186.943924 66.503815 
193.917007 66.700699 
198.939316 69.885620 
194.294434 72.805038 
187.377533 72.721489 
143.572281 126.199829 
152.762283 125.314262 
160.691025 124.670341 
166.095932 125.716591 
172.524338 124.584457 
180.184601 125.280556 
188.249878 125.809570 
180.251724 130.853790 
172.672531 132.948257 
165.999237 133.586029 
160.201355 133.093628 
152.441833 131.275253 
147.418472 126.782715 
160.682022 127.538643 
166.148346 128.177551 
172.662155 127.339302 
184.470154 126.380112 
172.604523 126.741425 
166.040237 127.565498 
160.552032 127.094269 
