68 2
58.420654 145.251816 
60.060593 159.004684 
63.156147 172.937912 
67.180626 186.126572 
73.433624 198.326050 
81.623116 208.619232 
91.892708 217.423401 
103.402588 223.986816 
116.334633 223.775635 
127.963974 219.670456 
137.164474 210.567566 
144.771652 199.757797 
150.794952 187.685150 
154.539963 174.759796 
155.725952 161.822296 
155.785828 148.821045 
155.074600 135.501434 
63.497566 136.161316 
68.958046 129.570007 
77.806602 127.810143 
87.128212 128.847229 
96.096504 131.543350 
116.520172 129.488831 
123.756676 124.201958 
132.047974 120.551117 
140.729675 119.909195 
147.112854 124.568863 
107.596001 140.920197 
108.836601 151.568909 
110.269882 162.184021 
111.485779 172.995285 
100.702682 175.372223 
105.708961 178.036240 
111.472214 179.861755 
117.488510 176.514359 
122.356232 172.756287 
75.795799 143.761688 
80.854309 140.418915 
87.583328 139.737976 
93.306122 143.057831 
87.765755 145.665894 
81.221260 146.425766 
121.887573 140.287720 
127.445747 135.534729 
133.515213 134.449768 
138.497147 136.549011 
134.814636 140.345306 
128.749268 141.359879 
93.537384 194.942596 
101.810745 193.069672 
108.299988 191.402206 
112.994202 192.121994 
118.276573 190.438858 
124.297699 190.730194 
131.464905 190.412094 
124.778229 195.241348 
118.846245 197.556641 
113.084106 198.626144 
107.884033 198.551193 
101.370323 197.634338 
96.831192 194.939056 
108.246033 193.863342 
113.205849 193.992813 
118.594078 192.712128 
127.967926 191.346878 
118.272720 192.319946 
112.659561 193.593567 
107.670410 193.399078 
