68 2
141.581299 104.600906 
141.933472 120.363197 
143.314102 136.744125 
147.185410 152.016586 
153.959839 165.919601 
164.064453 178.440338 
176.048569 189.296951 
188.898407 197.979141 
203.303101 200.160278 
217.957443 197.344818 
230.923096 188.977661 
242.853210 179.106888 
252.857559 167.201599 
260.565613 153.808380 
264.621643 139.325714 
266.714752 123.960487 
267.826477 107.908188 
154.474121 95.137054 
162.581894 87.336288 
174.138062 84.714127 
186.430725 85.688629 
197.418747 89.799187 
214.274643 89.207664 
225.253357 85.914276 
236.881271 85.502983 
248.331894 88.434593 
255.629456 96.091156 
204.749329 105.118095 
203.941040 115.537811 
203.203751 125.837715 
202.536514 136.336243 
190.150070 139.406891 
196.074600 142.088974 
202.731323 144.061874 
209.954300 142.361404 
216.500168 140.142395 
167.163345 106.147964 
173.617142 103.608192 
180.755310 103.584930 
187.391006 106.314949 
180.751923 107.638641 
173.573059 108.088531 
221.776932 106.330353 
228.619217 103.900055 
235.461594 104.724365 
241.503845 107.062706 
235.355331 108.476753 
228.519043 108.176590 
182.424973 156.335373 
190.226959 153.648621 
197.684067 151.761093 
203.399551 152.862488 
210.669296 152.252716 
218.729340 155.075867 
226.842102 158.525665 
218.425964 167.635696 
210.161896 172.705917 
202.524780 173.579803 
195.790344 172.310379 
188.844696 166.463379 
186.809250 156.599991 
197.310165 155.056610 
203.324585 155.802078 
210.633514 155.598557 
221.960266 158.607590 
210.634445 164.238708 
202.999466 165.261169 
196.633545 163.465759 
