68 2
169.141861 112.917427 
169.361237 127.467735 
171.143066 141.128448 
173.659866 154.658783 
177.991394 167.928574 
184.681778 180.376785 
193.178635 192.245926 
203.583679 201.944199 
216.638504 204.830246 
229.058533 202.143875 
240.145294 193.372879 
250.055237 183.735886 
257.851654 171.960098 
263.273621 159.246124 
267.432281 146.239563 
271.198456 133.174484 
273.964294 119.359116 
175.791779 103.608215 
183.196564 94.804047 
194.189194 91.761253 
206.048981 93.393822 
216.574738 98.410110 
230.075058 98.630424 
240.880615 95.703903 
251.680588 95.737457 
261.861816 100.178375 
267.716461 108.362213 
222.913651 110.213524 
222.209061 120.152184 
221.472839 129.829086 
220.690506 139.896027 
209.982117 146.743225 
214.742020 147.706192 
219.603241 148.851807 
224.303162 148.418671 
228.759872 147.999054 
187.810852 110.219025 
194.164642 106.767838 
201.807861 107.352768 
207.632538 112.835289 
201.211411 113.705788 
193.811066 113.413727 
235.574921 114.709091 
242.539871 109.925446 
249.843643 110.443436 
255.161682 114.532333 
249.736023 116.768173 
242.859161 116.388550 
197.420761 166.064270 
204.389099 161.604019 
212.272202 158.908234 
217.311340 160.138016 
223.073669 159.748596 
230.702423 163.836670 
237.140244 168.368790 
230.416122 179.207596 
222.485291 184.721008 
216.029266 185.667953 
209.979553 184.093262 
202.820358 178.151871 
200.494797 166.332245 
211.870789 163.015656 
216.972000 163.451614 
222.636856 163.676346 
234.166122 168.597443 
222.620544 176.479797 
216.476990 177.701797 
210.920807 176.221985 
