68 2
103.563011 162.872818 
103.958618 175.477921 
105.949173 187.845383 
109.343788 199.814560 
113.514046 211.199768 
119.739532 221.210373 
129.044281 228.598663 
140.369141 233.058777 
153.341690 233.790390 
166.480728 231.931702 
177.885651 227.683487 
187.623337 220.562851 
194.062424 210.900940 
198.138031 199.912140 
200.668884 188.368713 
202.150513 176.497101 
202.674255 164.526871 
110.592667 145.764954 
117.031601 140.429703 
125.679108 138.842911 
134.372620 139.734955 
142.058487 142.932068 
162.269714 142.873657 
170.608246 140.693848 
178.803131 140.746170 
186.535721 143.262405 
192.087708 148.683578 
152.001297 153.269165 
151.750732 159.335098 
151.565216 165.275345 
151.542755 171.547241 
142.761139 181.494598 
147.142334 182.456375 
151.644775 183.151672 
156.347885 182.659668 
160.838913 181.866486 
121.230728 156.134888 
126.339775 152.521347 
132.833069 152.714874 
138.667938 156.644135 
132.669205 158.151703 
126.047607 158.320541 
165.683151 157.019348 
171.610413 153.490891 
177.842758 154.059875 
182.842834 157.578140 
178.108261 159.434601 
171.783264 159.077591 
135.142929 202.214783 
141.162994 195.805527 
147.158661 192.484192 
151.725510 193.631851 
156.670486 192.547577 
163.487274 196.190292 
170.176636 201.751678 
163.597656 205.900360 
157.230865 207.537140 
152.014664 207.989349 
147.029846 207.588440 
141.153793 206.114182 
138.455246 201.630554 
147.205139 197.234955 
151.901825 197.291443 
157.093109 197.216095 
166.787781 201.279205 
157.086365 200.505447 
151.828400 200.942932 
147.131287 200.643234 
