68 2
128.822678 107.888649 
129.991211 126.546196 
132.601974 144.943222 
137.270020 162.101730 
144.389511 178.557343 
154.042145 193.688904 
166.433670 207.287750 
179.960678 217.421204 
196.315155 220.648621 
213.532440 218.212875 
229.374481 209.320496 
242.732590 197.401428 
253.120285 181.718781 
260.492401 165.078278 
265.080475 147.727570 
268.567261 129.342010 
271.290924 109.911896 
139.338104 96.218246 
148.525330 89.929588 
160.029434 89.425690 
171.430313 91.794701 
181.733261 96.658546 
210.424988 96.616196 
222.598938 91.564590 
235.401672 89.912636 
247.715439 92.111504 
256.728485 99.019775 
194.801132 110.643555 
193.834259 125.068687 
192.856354 139.495193 
191.901169 153.850510 
180.030167 154.966003 
186.200714 159.106964 
193.666916 161.809769 
201.361618 158.905853 
208.005600 155.334991 
153.809143 112.155838 
161.164627 110.241364 
169.111252 110.232735 
176.848816 112.615265 
169.090820 114.914780 
160.947083 115.138252 
215.814102 113.140137 
224.464478 111.300621 
232.332596 111.670654 
239.626038 113.774063 
232.494492 116.458466 
224.522430 116.013809 
172.335815 171.855377 
180.660629 170.249252 
188.961487 171.078186 
194.975143 173.291061 
202.405914 171.693054 
212.408234 171.948868 
221.836182 174.092087 
212.095306 183.519531 
201.915115 187.378098 
194.422638 187.465012 
187.808807 186.639404 
179.738525 181.787857 
176.612320 172.394226 
189.134903 175.507889 
195.099533 177.331406 
202.261841 176.004074 
217.026657 174.550629 
201.829041 178.099197 
194.614471 178.004410 
188.362427 176.880386 
