68 2
156.789734 110.684143 
155.945618 123.339508 
156.634445 136.241760 
158.857101 149.454407 
162.899033 162.848633 
167.970917 175.859344 
175.714676 187.283447 
185.830902 195.168854 
199.298340 197.242355 
213.037125 194.011047 
224.167206 185.611374 
232.324631 174.914963 
239.085861 163.105637 
243.895370 149.963089 
246.458115 137.014160 
247.790710 123.932037 
248.236786 111.177406 
160.121094 92.659042 
165.549347 87.337608 
173.231400 85.828125 
181.321716 87.224113 
188.239243 90.703957 
208.548950 90.103241 
215.828384 86.404106 
224.011948 85.626137 
231.577209 87.534409 
237.112244 93.268280 
197.825851 99.839745 
197.463760 108.589859 
197.272614 117.436066 
196.995789 126.590240 
186.777542 131.544144 
191.590057 134.629730 
197.127625 136.482254 
203.446426 134.512024 
208.967896 131.943756 
168.826904 101.962929 
173.594666 97.941818 
180.163269 98.370613 
185.364563 102.628540 
179.605042 104.190765 
173.306534 104.152290 
211.200241 102.649483 
217.305557 98.537201 
223.812378 99.095337 
228.540070 102.991104 
223.952469 104.956757 
217.593750 104.643669 
179.747604 157.087448 
185.720718 151.416367 
192.871262 148.970123 
197.870941 149.982910 
203.717148 148.654602 
211.659348 151.128586 
217.924637 156.393555 
212.033386 163.577667 
204.600403 166.806381 
198.162552 167.751587 
192.261505 166.964935 
185.222809 163.708984 
182.606674 157.131134 
192.698044 153.824677 
198.220078 154.077057 
204.087860 153.857040 
215.243637 156.869583 
204.191711 159.673523 
197.965836 160.691299 
192.342148 159.787155 
