68 2
195.028046 91.501274 
196.818054 105.047867 
199.672363 118.188019 
203.106201 131.018280 
208.172852 142.720581 
217.351257 151.985794 
230.458069 158.295349 
244.998703 161.431229 
259.710449 161.258759 
272.918304 158.645813 
284.517883 153.707672 
294.269592 146.132401 
300.813202 136.407150 
303.934998 124.568077 
305.207367 112.212975 
306.032745 99.578079 
305.679321 86.856949 
205.308472 75.723724 
213.135254 68.600800 
224.051346 66.214661 
235.798477 66.745575 
246.708328 70.315765 
261.047363 69.725677 
271.522736 66.573563 
281.924927 65.730728 
292.165436 67.981735 
299.298462 74.890434 
255.377472 78.498528 
255.951279 84.913483 
256.560272 91.126373 
257.199005 97.819611 
246.519592 109.713539 
252.016434 110.724930 
257.678558 111.338585 
262.349121 110.078941 
266.904388 108.980629 
219.661240 86.014008 
226.277771 83.207375 
233.536896 82.313934 
240.369217 85.113556 
233.969345 87.244644 
226.544571 88.012840 
268.527008 84.796799 
275.943329 81.982712 
282.791809 82.421867 
288.529541 85.394012 
283.106781 87.386253 
275.890991 87.103989 
235.015625 129.753387 
245.285324 125.537804 
253.152618 122.524277 
257.816528 123.354668 
262.328583 122.305679 
269.493744 125.103203 
277.718140 128.249557 
269.460144 130.713074 
262.649139 131.287827 
258.002319 131.577225 
253.286346 131.758270 
245.189102 131.358337 
239.020676 128.977600 
253.467102 127.170982 
257.905151 127.092613 
262.200348 126.923233 
273.571442 127.697914 
261.960266 126.403778 
257.600830 126.278481 
253.180252 126.621246 
