68 2
143.702942 99.123009 
144.192841 117.769600 
146.299911 136.609238 
150.606186 154.503357 
157.257843 171.660690 
166.230927 187.418121 
177.734344 201.230621 
190.697464 212.383118 
206.631439 216.478821 
223.559143 213.676041 
239.061447 203.475861 
252.330673 191.279541 
262.753754 175.466370 
270.607605 158.568909 
275.130096 141.586258 
277.573944 124.095184 
279.630005 105.102631 
155.620239 90.069321 
164.451599 84.910263 
175.766663 84.396027 
187.118881 86.892685 
197.597931 91.302200 
221.701721 91.556602 
232.966614 88.670517 
244.117157 86.961906 
255.037842 88.298073 
263.478149 94.195793 
207.693893 105.872772 
206.127747 118.559273 
204.681061 131.426147 
203.318222 144.458069 
192.978363 147.055878 
198.231674 150.984467 
204.761749 153.311874 
212.011230 150.877579 
218.619385 147.966583 
169.145584 106.010612 
176.286896 104.770729 
183.788254 104.873962 
191.018799 106.627968 
183.707382 108.727890 
176.201965 109.012932 
226.868683 108.056488 
234.792755 107.249664 
242.198349 108.196617 
248.509491 109.757011 
241.653976 111.854385 
234.309143 111.211456 
184.627182 165.925842 
192.294586 163.584229 
199.998840 162.928253 
206.886597 164.441895 
214.949768 163.676636 
224.245667 165.398849 
232.628479 168.534592 
224.223450 179.925018 
214.211548 185.007385 
205.698929 185.397552 
198.025833 183.945618 
190.533401 178.178802 
188.442780 166.652344 
199.411011 166.127579 
206.839218 166.634140 
215.275101 166.638885 
229.190979 168.881348 
214.698227 177.849289 
205.947647 178.385071 
198.174347 176.442001 
