68 2
140.811707 94.488205 
143.150116 106.491348 
145.958435 118.217476 
148.891983 130.150238 
153.379883 140.972412 
160.695862 149.808868 
169.449326 157.473251 
179.317108 163.894653 
191.303497 165.250229 
202.420441 162.132813 
211.995895 153.991257 
220.014053 145.145004 
225.681152 135.139679 
228.656799 124.182549 
230.130295 112.340294 
231.251434 101.167068 
231.833389 89.397804 
146.201721 82.147308 
150.748550 75.139618 
158.437958 71.403030 
167.042801 71.870934 
175.079376 74.435753 
197.278992 74.206726 
204.925110 71.406433 
212.722000 70.667221 
219.934052 73.416000 
224.562408 78.982498 
187.327911 85.618286 
187.763763 92.567329 
188.219116 99.366158 
188.772049 106.429573 
180.108826 114.860558 
184.374741 115.560760 
188.903351 116.193207 
193.203506 115.187408 
197.412537 114.258759 
156.576599 89.824516 
162.037369 86.457420 
168.719360 85.991402 
174.526917 89.261124 
168.629410 90.866913 
162.164536 91.541962 
199.705215 88.765984 
205.933823 85.181442 
212.396805 85.293877 
217.151855 88.204750 
212.412628 90.239433 
206.146805 89.990768 
172.129944 133.036591 
178.375000 128.561325 
185.187637 125.642960 
189.991074 126.253578 
194.815079 125.332207 
201.016937 128.004593 
206.394913 131.957443 
201.498764 139.483948 
195.723007 143.228775 
190.572632 144.651718 
185.225723 144.352036 
178.177704 141.207443 
175.209244 133.185516 
185.141418 129.836288 
190.058258 129.585083 
195.075668 129.276428 
203.417816 132.359802 
195.520126 136.763580 
190.363602 138.216415 
185.119583 137.650879 
