68 2
142.121475 101.022194 
143.026703 113.139473 
144.431961 125.066391 
146.694962 137.058899 
151.508331 147.284515 
159.854492 156.002319 
170.739365 161.784073 
182.134506 165.868973 
194.081009 166.689285 
205.196808 164.811035 
215.348465 159.663208 
223.660614 152.761703 
228.801102 143.999329 
231.554962 133.127365 
232.781662 122.171387 
233.678253 111.156898 
234.155975 99.975128 
153.717743 84.188507 
159.108841 76.943451 
167.442169 72.746475 
176.763718 72.464203 
184.888443 75.012726 
202.550079 74.946358 
210.592010 72.481987 
218.908020 73.427277 
225.965271 77.700417 
229.892227 84.662399 
193.707382 87.426659 
193.823761 93.524323 
193.991867 99.547218 
194.225723 105.856850 
184.209045 113.806465 
188.848740 115.026840 
193.611008 115.821220 
198.075302 115.145721 
202.193542 114.252319 
163.985611 92.356598 
168.842590 88.957336 
174.554626 88.618660 
179.711121 91.655670 
174.665680 92.997559 
169.038773 93.396164 
203.848373 91.310265 
208.536453 87.779991 
214.330383 88.372032 
218.967224 91.414497 
214.307236 92.550308 
208.857407 92.444923 
176.607483 134.105499 
181.912888 128.011230 
188.373535 125.048965 
193.075867 126.071968 
198.284836 125.706192 
204.811829 129.470764 
210.351074 135.095978 
205.031723 140.815735 
198.755173 142.817413 
193.227158 143.102982 
187.942764 142.416290 
181.479202 139.606232 
179.033096 133.650864 
188.315201 128.836807 
193.052734 129.028854 
198.513992 129.280518 
207.935364 134.783905 
198.654816 137.748016 
193.162979 137.995361 
188.154510 137.516495 
