68 2
118.253578 84.560455 
119.485023 99.719833 
122.157875 114.496918 
124.929634 128.811539 
129.080872 142.999725 
136.281128 156.136642 
147.249115 166.598328 
160.041306 174.064682 
175.666443 175.648087 
191.487244 172.963867 
206.058670 165.761993 
219.615280 155.613724 
229.865158 143.048996 
236.060226 128.179581 
238.669006 112.665375 
240.084549 96.275642 
240.744080 80.319084 
121.145981 70.553406 
127.488594 59.660347 
139.681229 55.703800 
152.762283 57.323303 
165.295929 61.770576 
181.529663 61.148159 
194.340683 55.946304 
207.621506 53.802963 
221.270798 56.486164 
229.950607 66.479118 
173.112335 71.023628 
172.458618 79.505859 
171.757095 87.874352 
171.133514 96.898499 
160.751007 109.665855 
166.559967 111.066727 
172.632294 112.215698 
179.478897 110.976646 
186.008057 109.712250 
134.424484 80.458061 
141.160339 75.425278 
149.821640 74.679390 
157.924133 79.368195 
150.223816 81.853539 
141.497818 82.789322 
191.811462 78.073006 
200.141922 72.925636 
209.079788 73.205299 
216.267090 77.767548 
209.798416 80.548233 
200.759689 80.486992 
153.468796 138.282990 
161.520691 131.954651 
168.470123 128.343002 
173.446671 130.359726 
179.339233 128.250748 
188.638138 131.923676 
198.488312 136.906570 
189.235519 144.471634 
180.546692 148.016052 
173.991287 148.747375 
168.071472 148.046509 
161.263596 144.692566 
157.558167 138.076187 
168.510956 135.174149 
173.690125 136.208450 
180.007141 135.403259 
195.043762 137.194016 
180.092148 137.621704 
173.722687 138.295761 
168.376038 137.408829 
