68 2
88.523178 132.529541 
88.749062 147.949768 
90.129669 162.825485 
92.174286 177.702133 
96.025322 191.958359 
103.508652 204.214569 
114.489639 214.288940 
127.501434 221.165070 
142.248596 223.279373 
156.980667 221.162521 
169.899307 214.428650 
180.497955 205.116394 
187.943100 193.540344 
191.890991 179.837784 
194.454971 165.914703 
196.487839 151.741364 
197.570007 137.469131 
98.523331 121.780708 
106.510017 116.635445 
116.380219 115.903824 
126.034859 118.372787 
134.586807 122.548691 
153.924515 121.727676 
163.314728 118.784874 
172.668152 117.498642 
181.501755 118.663971 
187.996902 123.361679 
144.401184 135.208344 
143.861923 144.705826 
143.385956 154.152542 
142.880722 163.748245 
131.736221 169.214569 
137.120178 171.880997 
142.624878 173.865524 
148.159882 172.081467 
153.235580 169.986572 
110.727142 135.384079 
116.895821 132.086533 
124.288521 132.567352 
130.124741 137.557678 
123.671417 139.180664 
116.355675 138.631821 
157.844727 138.229065 
163.987122 133.420624 
171.228668 133.523010 
176.856567 137.288391 
171.805878 140.200897 
164.715927 140.119339 
121.026260 187.856140 
129.900085 185.254501 
137.185837 183.941193 
141.639191 185.362259 
146.868332 184.150482 
154.250916 186.254074 
162.765182 189.160507 
154.781189 194.644409 
147.537857 196.762390 
141.874466 197.225998 
136.717468 196.570282 
129.480316 194.004349 
124.656738 188.455475 
136.874039 189.081085 
141.711716 189.565811 
147.297623 189.317566 
159.139130 189.663589 
147.367416 189.354889 
141.800217 189.769424 
136.953506 189.274872 
