68 2
94.544617 81.490387 
95.432037 105.719414 
98.795303 128.985703 
104.185806 153.080460 
111.218498 175.914200 
122.649414 195.974228 
141.613373 211.677505 
165.199600 220.818085 
192.268738 222.490372 
220.383316 219.231674 
245.005722 210.994095 
264.591522 195.825592 
277.007263 174.978943 
284.192871 150.626495 
287.465515 126.955025 
289.759277 102.307274 
290.490295 78.602676 
109.660538 48.010452 
119.833496 33.115837 
136.898758 26.326288 
155.196487 27.506897 
172.795303 33.387512 
204.278885 30.794180 
222.017395 24.762146 
240.394043 22.947931 
258.269623 27.941416 
270.249207 40.496632 
190.530701 54.196297 
190.082352 67.176704 
189.444107 79.728951 
188.799866 93.246796 
171.577744 115.490829 
180.548370 117.794189 
189.831528 119.333672 
199.407074 117.600273 
208.463745 115.487198 
130.342117 68.107643 
141.450058 60.575020 
154.835632 59.599495 
167.417938 66.579208 
154.915924 70.413361 
141.995392 71.382309 
215.219696 64.851860 
228.069763 57.257072 
241.482361 57.261292 
252.200333 64.144539 
241.906387 67.666016 
228.903458 67.922287 
152.087860 159.331406 
165.257263 145.344757 
179.258026 138.146561 
189.480927 139.340469 
199.757980 137.548019 
216.037231 144.473984 
230.311554 155.696701 
217.238220 168.105301 
202.372910 173.888916 
191.170670 175.468002 
179.970001 174.759415 
165.443176 169.807892 
158.195938 158.133255 
179.589188 147.636093 
189.551407 147.191910 
200.181732 146.940689 
224.627289 155.482559 
201.234802 160.884247 
190.393692 162.047760 
179.824646 162.034470 
