68 2
117.521210 135.258331 
119.413368 161.706894 
123.715912 188.179794 
128.240952 213.150467 
137.058792 236.241882 
150.714050 256.570282 
168.128067 273.434753 
189.010117 285.352631 
213.097763 285.509888 
235.165710 280.950287 
251.845398 266.445251 
266.015076 247.950272 
277.517761 227.084015 
284.915894 204.906586 
289.393799 181.915787 
292.209412 158.129364 
292.998657 133.728699 
126.079453 124.038101 
137.947083 108.951340 
159.117615 106.454185 
179.633255 111.940063 
198.483978 120.055351 
224.578003 119.892975 
242.579651 110.843231 
260.038208 104.292915 
278.465607 104.590500 
289.730804 116.979073 
211.498688 133.633163 
212.255875 150.711731 
213.219925 167.756943 
214.389679 185.487030 
191.567429 197.084824 
202.048447 200.610168 
213.446182 203.924377 
224.653152 199.904572 
234.576065 196.005112 
145.468735 136.871078 
155.976257 129.974670 
170.117767 130.285095 
182.372421 139.091263 
170.130081 142.304230 
156.025574 143.039047 
236.529648 137.103058 
248.531677 127.332642 
262.105011 127.166069 
272.094543 132.763809 
263.770538 138.825012 
250.326965 139.552643 
176.017212 227.199966 
191.990753 225.665131 
205.411713 224.879242 
213.948761 228.605957 
224.439606 224.914597 
236.832001 225.925751 
249.589951 225.623917 
236.785583 239.179474 
224.442551 245.997009 
212.827332 247.398224 
203.079971 246.090088 
190.177399 240.339050 
181.414474 228.891251 
205.293716 231.087051 
214.049500 233.531464 
224.593018 230.604431 
244.235321 227.927597 
224.081467 233.037598 
213.286697 235.221252 
204.316696 233.262131 
