68 2
172.862061 74.864105 
174.530167 90.313553 
177.587173 105.753944 
181.107529 120.696793 
186.773285 134.851532 
195.919250 147.068665 
208.072922 157.377106 
221.349503 165.619492 
235.737488 166.801361 
248.811340 162.998825 
258.712433 153.076935 
266.587097 140.795837 
272.891693 127.247993 
275.652496 113.170616 
277.487274 98.764008 
278.812622 84.191513 
278.975525 70.008751 
183.531723 72.173637 
191.554459 66.355560 
201.488464 64.298477 
211.826157 65.554604 
221.531036 68.360069 
241.515976 66.415054 
250.643829 62.068256 
260.170135 59.475464 
269.858063 60.525322 
276.292114 65.988327 
232.592178 76.651314 
233.145935 87.016815 
233.743301 97.340996 
234.315994 107.981003 
222.127914 113.392754 
228.125031 114.994629 
234.415115 116.643120 
240.265198 114.934044 
245.503769 113.083405 
194.996277 79.526169 
201.341232 76.367867 
209.357071 75.981689 
215.736160 79.654884 
209.305771 82.310455 
201.474182 83.001396 
246.154129 77.951752 
253.036072 73.287338 
260.532562 72.929779 
266.279022 75.594521 
261.491547 79.500816 
254.014267 79.894341 
213.425034 134.053238 
222.318130 131.282623 
229.326584 129.133469 
234.163300 130.517151 
239.390762 129.001266 
246.399094 131.106018 
253.907471 132.584061 
247.182068 139.030350 
240.727219 142.556900 
234.841583 143.764877 
229.099548 142.974319 
221.818573 139.589020 
216.953094 133.995621 
229.337433 132.925583 
234.275009 133.408630 
239.887314 132.588196 
250.578995 133.136780 
240.059357 134.312805 
234.391190 135.846863 
229.150635 134.955750 
