68 2
155.440781 99.643936 
155.997314 112.533363 
157.523499 125.341225 
159.582123 138.229279 
164.232956 149.449890 
171.946945 159.518341 
182.475342 166.835678 
194.635132 172.383652 
207.217545 174.145294 
219.353989 172.243164 
229.879456 166.190369 
238.493027 158.026672 
244.329178 147.827942 
248.543884 136.564072 
251.608292 125.308594 
253.446716 113.218658 
254.322159 100.881851 
165.769516 79.741653 
172.682907 73.575531 
182.238205 71.386261 
191.963684 73.086777 
200.343506 77.176239 
219.057861 77.778374 
227.547821 74.166458 
236.274689 73.873970 
244.278625 77.255669 
248.650848 84.586555 
209.187775 93.765808 
209.153061 100.577164 
209.224274 107.142021 
209.250427 113.944565 
198.084442 121.948814 
203.307068 122.968475 
208.192719 123.800575 
212.816406 123.510101 
217.274994 123.143677 
176.009277 94.242126 
181.421356 90.627480 
188.057266 91.491264 
193.548950 96.817604 
187.639084 98.362541 
181.006729 97.934807 
219.527725 97.923248 
225.000748 92.807648 
231.578857 93.200340 
236.447327 97.105957 
231.916443 99.741577 
225.489456 99.868866 
189.889130 141.358566 
196.198853 135.457169 
202.800903 132.609741 
207.419296 133.801651 
212.779388 133.355286 
219.287933 137.405212 
224.701508 143.562088 
218.895737 150.141769 
212.579041 153.237350 
206.806656 153.901215 
201.422668 152.650330 
195.182449 148.489914 
192.215027 141.502090 
202.492798 136.880310 
207.351013 136.943390 
212.939575 137.442200 
222.383957 143.472687 
212.787811 147.334015 
207.058731 147.934052 
201.960876 146.607544 
