68 2
100.384857 130.766113 
101.498596 150.941986 
103.538177 169.999054 
105.598175 189.243530 
110.401665 207.467346 
120.608345 222.837204 
133.332474 235.664581 
148.182037 247.171814 
167.571823 250.604309 
186.686340 247.615784 
202.791290 235.737000 
216.165695 221.383240 
226.476028 204.767899 
231.522568 185.555145 
233.749695 166.406570 
236.003876 146.804382 
237.515701 127.382111 
104.372505 121.134857 
111.777100 108.308823 
125.825287 102.670631 
141.698166 103.466766 
156.300140 108.609062 
175.092041 107.208260 
190.477448 102.331268 
206.202011 101.335403 
220.976883 106.640472 
229.648987 117.584686 
166.937027 122.578453 
166.742645 134.305237 
166.348450 145.777771 
166.045761 158.034836 
152.392731 169.925293 
159.385666 172.106689 
166.721985 174.302139 
174.459351 172.619919 
181.559921 170.857391 
122.273964 128.938919 
129.962341 123.962822 
139.822662 123.358604 
148.038635 128.995865 
139.726501 131.938293 
130.008698 132.485046 
186.421814 128.284622 
195.761261 121.954987 
205.446762 122.327118 
213.423004 126.827950 
205.982117 130.784988 
196.277344 130.812698 
138.687943 200.694199 
150.232941 196.643005 
159.787949 193.785553 
166.163544 195.966629 
173.553680 193.705963 
184.557358 197.190125 
196.710999 201.329330 
184.679260 208.179398 
174.169662 210.138229 
166.182922 210.860123 
158.967422 210.204041 
149.595123 207.750870 
143.272354 201.129150 
159.771210 201.065918 
166.303833 201.932617 
173.583252 200.979797 
191.675949 201.529694 
173.551071 200.254105 
166.122208 201.248810 
159.517059 200.728607 
