68 2
121.573730 103.870796 
122.574081 121.204224 
124.753380 138.179428 
126.994629 154.956924 
131.266418 170.341812 
139.521896 183.273743 
151.365250 193.985825 
164.787979 202.410385 
180.190048 205.141632 
195.479553 203.964096 
208.691406 196.000305 
220.102112 185.931198 
227.973389 173.165878 
232.165070 157.987274 
234.757675 142.587219 
237.975311 126.643707 
239.890518 110.483475 
130.938324 87.109039 
138.364120 78.712730 
149.549606 76.258659 
161.760803 77.716866 
171.857605 83.418549 
197.576691 85.179169 
207.994644 80.255257 
219.424866 79.958649 
229.547470 84.730560 
235.064697 93.483627 
183.521622 101.576805 
182.664078 113.423622 
181.888214 125.152573 
181.159363 137.105392 
169.781006 144.101669 
175.180038 146.651749 
180.737366 148.469940 
186.689072 147.368515 
192.026810 145.631134 
143.251373 101.538986 
150.370239 97.006134 
159.370316 97.850281 
166.532822 104.061981 
158.539337 105.984207 
149.532074 105.725433 
199.295395 106.151459 
207.494202 100.817818 
215.946518 101.294594 
221.688095 106.596306 
215.855881 109.671371 
207.324173 108.934418 
161.109970 170.091141 
169.183533 166.370209 
175.605530 164.235397 
181.440201 166.316223 
188.173553 164.957336 
194.718018 167.837997 
200.869141 171.429565 
194.495621 173.442062 
187.862106 174.367554 
181.041199 174.980301 
174.888306 173.963684 
168.670959 172.668243 
165.203247 170.044754 
175.109833 170.330505 
181.269318 171.314560 
188.177795 170.840530 
196.869843 170.885849 
188.048416 166.602859 
181.250305 167.329163 
175.247009 166.374817 
