68 2
143.550812 113.081635 
144.860275 128.258041 
147.642593 143.044312 
150.728195 157.695343 
156.381851 171.080734 
165.735962 182.586334 
178.586304 191.736969 
193.259460 198.823456 
208.477570 200.309464 
222.341171 197.106934 
234.380936 189.338882 
244.876785 180.497421 
252.845352 169.024643 
257.373108 155.394119 
259.775024 141.180847 
261.559937 126.168839 
262.155365 111.320518 
152.865295 98.613174 
161.283707 91.638168 
172.258240 89.297325 
183.593475 90.269638 
194.157074 93.324806 
214.714737 91.742172 
225.668991 88.187187 
236.356873 87.304428 
246.216125 89.119720 
253.563400 94.878860 
204.406189 102.709137 
204.758163 111.247856 
205.109131 119.949532 
205.475906 129.050873 
194.210754 140.056824 
199.912582 141.071671 
205.544739 142.216537 
211.061569 141.028732 
216.279663 140.073807 
164.011887 105.697906 
171.593216 100.415329 
181.081528 100.410606 
188.563965 106.822426 
180.586121 108.866592 
171.259613 109.201927 
220.135162 106.257141 
227.333832 98.792931 
236.737976 98.704926 
243.536102 103.740532 
237.821640 107.629013 
228.740906 108.034317 
182.604813 162.242920 
192.192307 157.009186 
200.784592 153.448380 
205.893173 154.730453 
211.688080 153.269623 
220.027206 156.653870 
228.828430 161.199844 
220.748856 168.027008 
213.049850 170.581528 
206.723587 171.380310 
200.785049 170.935226 
192.079605 167.940598 
186.728394 162.127075 
201.087631 158.523743 
206.234482 158.476883 
212.155380 158.108551 
224.581512 161.497284 
212.382355 163.335068 
206.391159 164.146957 
201.132950 163.571304 
