68 2
166.942596 112.960411 
168.067841 127.416718 
171.033691 142.080704 
174.953369 156.416855 
180.745239 169.092834 
188.418808 180.736877 
199.071838 190.088226 
211.180115 196.627548 
225.350800 197.973465 
239.054230 194.999893 
250.517471 186.565857 
259.494843 175.245544 
265.674683 162.394272 
269.926300 149.065613 
272.259186 135.502502 
273.518768 122.230873 
273.371185 109.033188 
174.512238 95.857147 
181.628296 89.147720 
191.474335 87.325684 
201.349854 88.629440 
210.219955 92.547699 
231.686874 92.004868 
240.466095 88.586845 
249.698318 87.734070 
258.779541 89.127106 
265.109100 94.704597 
222.193848 101.766327 
222.587646 109.414413 
223.099670 117.036987 
223.658325 124.942940 
212.939835 135.115005 
217.923569 136.345016 
223.149414 137.516602 
228.520294 136.305542 
233.423965 134.982010 
186.615173 105.321869 
192.148376 101.097931 
199.473694 101.034996 
206.040970 105.382698 
199.447128 107.027802 
192.385712 107.428322 
236.145721 105.495979 
242.390457 101.005852 
249.122528 101.175415 
254.527481 104.754288 
249.761261 107.026917 
243.017166 106.982529 
205.974228 159.575714 
211.958969 152.430939 
218.109756 148.684631 
223.008484 150.030869 
228.659698 148.509705 
234.952316 152.449036 
240.579666 158.397034 
235.240692 164.880234 
229.519501 168.323593 
223.759277 169.390198 
218.361389 168.820511 
212.252609 165.751404 
209.717468 159.088531 
218.273026 154.364960 
223.226135 154.434174 
228.977814 154.059830 
237.027283 158.247757 
229.209503 159.800812 
223.580383 161.157074 
218.590744 160.297302 
