68 2
114.045563 106.526260 
116.138237 126.144897 
119.281586 145.400330 
123.453262 164.244415 
129.587662 181.627869 
138.492615 197.542908 
151.303802 210.649796 
166.398453 219.597763 
185.591934 222.327499 
204.924866 218.838470 
221.201920 209.280029 
234.854980 196.625519 
245.213562 180.901306 
251.432724 163.380096 
254.849716 145.231262 
257.999603 126.661201 
260.153687 107.789154 
122.238319 87.106773 
130.880676 76.077187 
145.140732 72.628998 
159.981827 75.031723 
174.401459 79.561607 
200.579147 79.840965 
214.245621 75.393417 
227.524216 73.012886 
240.923721 75.008179 
250.480499 84.201576 
187.583298 92.000969 
187.282532 101.381790 
186.885391 110.494881 
186.625671 120.597809 
172.814102 135.049530 
179.784668 136.657806 
187.132645 137.918030 
194.660797 136.471466 
201.381287 134.382980 
138.042603 98.971451 
145.611420 93.522423 
155.552246 92.633125 
164.447052 97.020554 
155.858948 99.757530 
146.099411 100.862152 
208.587906 97.374939 
217.595428 92.669151 
227.499847 93.399574 
234.943878 98.504486 
227.631622 100.651192 
217.972107 99.702179 
161.122314 172.200500 
171.471344 163.738495 
181.162659 159.091095 
187.563019 161.238007 
194.470001 159.187561 
204.086411 163.285477 
213.426407 169.757080 
203.871399 180.204514 
194.288376 184.632828 
186.445862 185.791824 
179.464172 185.004150 
170.525696 181.708221 
166.363083 171.605347 
181.164337 167.334625 
187.498184 167.951141 
194.545166 167.325409 
207.933899 170.049927 
194.232513 171.829330 
186.689056 173.164566 
180.329865 172.527008 
