68 2
148.252853 101.181152 
149.614441 114.065659 
151.381775 126.513336 
153.681396 138.703995 
158.413605 149.657089 
166.399933 158.845047 
176.572632 166.148560 
187.297638 171.930740 
199.150818 173.444946 
210.425125 171.169510 
220.673523 164.807861 
229.326248 157.265686 
235.673309 147.755020 
239.824280 136.392685 
242.409973 124.712738 
244.465195 112.275871 
245.695251 99.819374 
158.280411 90.689056 
164.153336 84.429726 
172.777451 81.253693 
182.059601 81.244576 
190.397461 83.724556 
209.805725 82.905823 
218.166885 80.148926 
226.628296 80.296883 
234.037842 83.959579 
238.853867 90.005989 
200.358765 95.077667 
200.481644 101.700111 
200.567596 108.169189 
200.623566 114.859917 
190.350388 121.321358 
195.318100 122.408966 
200.273666 123.327393 
205.020905 122.706383 
209.308823 122.026787 
169.504257 98.174477 
174.474579 95.006172 
180.394089 94.795708 
185.815735 98.012634 
180.428360 99.279663 
174.642914 99.655243 
211.883102 97.369095 
216.916504 93.741379 
222.692352 94.161835 
227.453339 96.992249 
222.826889 98.648277 
217.149246 98.562866 
182.147171 139.561401 
188.280304 135.223618 
194.809875 132.931824 
199.663651 133.916351 
205.236984 133.469589 
211.763382 136.455124 
217.850204 140.842056 
211.592957 146.920853 
205.050964 149.304245 
199.170395 149.841446 
193.744324 148.865997 
187.534775 145.772873 
185.029022 139.594849 
194.764160 136.361008 
199.727829 136.542496 
205.277176 136.783493 
215.036545 140.828888 
204.995743 143.798248 
199.343018 144.598434 
194.277512 143.505783 
