68 2
153.228088 72.282013 
155.196106 82.428680 
157.436325 91.860390 
159.627625 101.376381 
163.280945 110.176834 
169.161942 118.092934 
177.522949 124.183258 
186.751846 128.841003 
196.753448 129.817871 
206.512650 127.733345 
214.645889 122.423409 
221.236374 115.747627 
226.078430 107.288124 
228.441223 97.933189 
229.567383 88.336227 
230.798096 78.502731 
231.387756 68.225845 
159.781708 63.342731 
164.442627 58.647583 
171.330261 56.900654 
178.357239 57.635906 
184.986221 59.778320 
198.886475 58.486343 
205.743057 55.805588 
212.792053 54.810390 
219.465408 56.280766 
224.365234 60.538593 
193.259842 66.166206 
193.741180 72.144066 
194.287354 78.150551 
194.784042 84.350189 
186.169586 89.416512 
190.365356 90.879936 
194.677628 92.212784 
198.795654 90.776909 
202.543182 89.178177 
167.466888 70.093613 
171.865463 67.077576 
177.265244 66.750717 
182.489136 69.484657 
177.443130 70.987747 
172.098206 71.508926 
203.373093 68.486237 
208.196045 65.182175 
213.342834 65.097633 
217.646103 67.497307 
213.903427 69.299995 
208.768387 69.489799 
177.590515 103.154816 
184.146652 99.172157 
190.600327 97.446938 
194.865265 98.284424 
199.529938 97.204071 
206.066757 98.455162 
211.939590 101.396103 
206.492416 106.837616 
200.416122 108.994705 
195.585770 109.575912 
191.024017 109.560043 
184.299454 108.061241 
180.060165 102.994377 
190.873856 100.861778 
195.002213 101.070381 
199.731934 100.478539 
209.261963 101.674744 
199.891876 104.371017 
195.161240 104.834152 
190.910965 104.955070 
