68 2
155.186371 61.749485 
155.281937 75.392006 
156.544067 89.027428 
159.081085 102.542160 
164.158524 115.506889 
171.853409 126.966118 
181.041183 136.562912 
192.079453 143.754837 
205.545013 145.019394 
218.885818 142.146133 
229.729248 133.386780 
238.483017 123.231392 
245.121643 111.253036 
249.251114 98.003876 
251.170059 84.710388 
252.019745 71.213287 
252.079590 57.890625 
162.097015 46.500626 
168.268143 40.061649 
177.473572 37.799553 
187.107361 39.116802 
195.482895 42.837048 
213.093216 42.596474 
220.979553 38.042656 
229.999435 35.923630 
238.647888 38.021507 
243.939240 44.534969 
204.218750 52.443359 
204.388092 61.412727 
204.576797 70.407745 
204.838089 79.558273 
192.613907 84.247047 
198.343338 86.665161 
204.471375 88.279381 
210.896133 86.127182 
216.447372 83.851646 
173.174561 54.905041 
178.387756 52.288132 
184.599121 52.099380 
189.549698 54.915314 
184.505646 56.446400 
178.494492 56.641792 
217.661469 54.521088 
223.532715 51.532906 
229.432693 51.731705 
233.877853 54.482861 
229.359192 56.387627 
223.609436 56.195442 
186.299271 106.862823 
192.517410 100.383354 
199.463043 97.622719 
205.050339 98.471848 
211.254333 97.442047 
218.231522 100.047394 
223.986923 105.833549 
218.269638 111.330132 
211.487015 114.261810 
204.936829 115.120453 
199.015167 114.602226 
192.395798 112.032173 
190.112610 106.221291 
199.714508 102.897141 
205.267136 103.007957 
211.286987 102.790161 
220.448746 105.475510 
211.140320 107.359253 
204.818481 108.378937 
199.364868 107.628494 
