68 2
149.266876 75.292236 
149.233856 89.720505 
151.125519 104.233971 
154.884323 118.558556 
160.981216 131.494324 
168.086365 143.978683 
176.922134 155.067596 
187.379959 162.747757 
201.074173 163.669128 
214.338562 160.623230 
225.332336 151.292068 
233.789719 139.973389 
239.810608 126.661774 
244.418701 112.375572 
246.477570 97.685226 
247.122452 82.729858 
247.152969 68.465469 
154.022308 63.752983 
159.821838 57.530586 
168.784195 55.214725 
178.450546 56.477745 
187.382996 60.167114 
205.377243 59.267822 
213.541290 53.263313 
223.048141 49.961517 
232.544861 50.538433 
239.469177 56.742733 
197.104553 70.185959 
197.824112 81.676590 
198.642578 93.260757 
199.327087 104.930817 
188.574554 109.246880 
193.738724 111.871605 
199.715515 113.681389 
205.682343 110.857880 
210.670868 107.882904 
164.993866 72.357933 
170.374557 69.619102 
177.200821 69.489189 
183.378265 72.778008 
177.193268 74.824921 
170.483017 75.136024 
210.786255 71.004730 
217.282898 66.758240 
223.825043 66.077042 
228.850235 68.513313 
224.398132 71.861115 
217.974014 72.222099 
179.742981 129.614151 
188.231201 127.579834 
195.815933 126.396027 
200.655655 127.623444 
205.675491 125.795776 
212.546112 125.913467 
219.415024 126.488525 
212.893387 132.240173 
206.410583 135.623215 
200.830200 136.900818 
195.233459 136.629257 
187.575272 134.403809 
182.837646 129.694763 
195.780518 130.075760 
200.830475 130.439636 
205.963287 129.317307 
216.568695 127.025421 
205.616653 129.211121 
200.294922 130.325684 
195.215027 130.138565 
