68 2
126.928047 134.938614 
129.290009 151.190369 
133.669815 166.827652 
137.857788 182.214432 
144.509659 196.222397 
155.003830 207.735489 
167.800522 217.285217 
182.020355 224.362366 
197.665588 225.541260 
211.910782 221.144730 
223.668640 210.734100 
233.646866 199.310379 
241.111221 186.317627 
244.616974 171.799850 
246.050751 156.562195 
247.520401 141.580933 
247.292374 126.200684 
135.381989 116.428696 
141.364532 108.013519 
151.139954 102.321487 
162.308899 101.901268 
172.417969 104.906166 
202.715347 102.372246 
212.613831 98.090126 
223.033752 97.129639 
232.544922 100.556053 
239.046310 107.248146 
189.173462 120.607124 
190.201050 130.302185 
191.180130 139.695480 
192.194672 149.406311 
181.887024 160.781891 
187.312180 161.880783 
192.729416 162.748886 
197.947083 161.095566 
202.733673 159.271149 
148.124939 128.835342 
154.757111 122.993881 
164.240036 122.127472 
172.863022 127.036377 
164.792297 130.112091 
155.659042 131.544037 
205.345093 124.718544 
213.234390 118.417656 
222.327545 118.057426 
229.128098 122.634209 
222.994171 126.055092 
214.104309 126.370590 
168.063705 185.088120 
176.710266 178.229172 
186.008728 174.154434 
193.339981 174.439148 
200.896561 173.501572 
210.099915 176.064102 
218.603516 180.962997 
211.390030 190.142166 
202.681351 195.253311 
195.065735 196.965363 
187.188171 196.775085 
177.360977 193.051331 
172.329132 184.495422 
186.606583 180.646103 
193.888290 179.850525 
201.813263 179.480011 
214.553528 181.307800 
202.282181 186.716599 
194.358292 188.586563 
186.852829 188.291870 
