68 2
128.305038 113.746048 
128.638916 129.726364 
130.104553 145.838516 
133.442734 162.015839 
139.121643 177.119080 
149.113998 190.256439 
162.032593 200.881042 
176.534637 208.553452 
192.820068 210.060623 
209.845856 208.092758 
225.083023 200.478104 
239.238708 191.358170 
250.783371 178.682861 
258.101593 163.456909 
261.301697 146.757172 
262.734314 128.840332 
263.378143 111.334366 
137.309296 88.742668 
143.219101 77.118149 
153.968063 70.330620 
166.817032 68.092133 
178.668121 71.338768 
204.675888 69.247543 
217.398514 65.047058 
231.143204 66.298988 
243.554794 72.449364 
250.714951 83.805801 
191.118149 94.124512 
191.259583 104.729652 
191.195969 115.367027 
190.903183 126.203331 
178.087585 136.505981 
184.642456 137.343277 
191.319763 138.207870 
198.938416 136.919220 
206.261459 136.045685 
150.046112 100.886108 
156.418762 94.412460 
165.451950 93.629593 
173.097427 99.335602 
165.601868 101.469124 
157.083817 102.525238 
211.821518 97.117203 
219.486603 89.662895 
228.982010 89.883385 
236.260071 95.904602 
229.599609 98.117416 
220.454361 98.307541 
168.287613 162.440399 
174.153046 152.641464 
182.953339 148.020874 
189.837265 149.236801 
198.101578 148.271179 
209.327393 153.411316 
218.832687 162.090225 
209.835144 170.719437 
199.311493 174.978622 
190.757553 175.624344 
183.187210 174.474548 
174.715088 169.956726 
172.398300 161.142090 
183.306992 154.739563 
190.100174 155.340546 
198.407410 154.884979 
213.809891 161.428925 
198.920181 165.123627 
190.481918 165.937073 
183.300369 164.720566 
