68 2
170.571121 111.280678 
170.514282 126.236122 
172.484177 140.627731 
175.273163 155.122147 
179.429062 168.560974 
186.336288 180.734070 
195.124969 191.434631 
205.834366 199.401001 
219.053375 201.809326 
231.160431 199.424622 
242.527206 191.753967 
252.380936 183.101288 
259.452515 171.871597 
264.110291 159.262482 
267.955963 146.501297 
271.986542 133.300735 
274.641113 119.688423 
177.531296 101.140282 
184.895508 92.444000 
195.955963 89.195633 
207.255020 91.231476 
217.679993 96.562546 
231.629852 96.807945 
242.653946 94.104721 
253.718262 94.200188 
263.907501 98.757690 
269.121887 107.749870 
223.806900 109.254410 
222.962128 119.624550 
221.928635 129.852448 
220.957932 140.151657 
211.354889 147.366745 
215.587036 148.265976 
219.883972 149.348129 
224.301208 148.935760 
228.332764 148.427673 
189.080261 108.722694 
195.418121 105.217773 
202.956894 105.952370 
208.732361 111.670746 
202.231720 112.254326 
194.871460 111.815147 
236.678192 113.376968 
243.592560 108.497856 
250.868546 109.100128 
256.178406 113.209946 
250.676193 115.534332 
243.813416 115.047188 
202.662766 168.865738 
208.407318 164.250366 
213.861633 160.709183 
217.492752 161.684265 
221.823395 161.219360 
227.524109 165.449142 
233.343781 169.693283 
227.505066 175.295349 
221.838501 178.486969 
217.447815 179.296768 
213.135330 178.282761 
208.488708 175.050949 
206.304016 168.856766 
213.941483 165.833450 
217.405121 165.894409 
221.571518 165.966858 
230.219376 169.433044 
222.060303 170.757172 
217.845520 171.845886 
214.275681 170.771729 
