68 2
102.840805 165.488876 
103.186432 178.332748 
105.064049 191.232819 
108.436165 203.582993 
112.858116 215.205353 
119.206207 225.411758 
128.321350 233.555664 
139.238342 239.406387 
152.103287 240.788147 
165.145432 239.059357 
176.083984 233.568680 
185.106522 225.505219 
191.570740 215.280136 
195.925812 204.478012 
198.898651 192.694962 
200.559311 180.516571 
201.108215 168.367935 
110.869003 149.841995 
117.697227 145.026932 
126.332916 144.023209 
135.030273 145.486954 
142.451263 149.280838 
161.829254 149.588959 
170.069656 147.175888 
178.240005 147.038742 
186.021637 149.076828 
191.449661 154.523804 
151.605652 159.627350 
151.413269 166.302307 
151.261642 172.868088 
151.245224 179.763763 
142.064987 188.317123 
146.524353 189.678452 
151.040680 190.639679 
155.729279 190.011536 
160.181763 189.042419 
120.544815 160.770172 
125.872070 157.524719 
132.384094 158.017334 
137.994034 162.121246 
131.975342 163.390701 
125.386269 163.300735 
164.490723 163.092453 
170.748322 159.527573 
177.005859 160.144623 
181.857956 163.692734 
177.062485 165.580246 
170.752487 165.171814 
134.717422 208.247101 
140.703583 202.778351 
146.228043 199.804840 
150.852951 201.140900 
155.817291 200.034485 
162.045547 203.455124 
167.985565 208.548996 
161.911697 212.798584 
156.092636 214.079758 
151.057312 214.502167 
146.159271 213.995712 
140.708847 212.206024 
138.080719 207.793777 
146.314514 204.953918 
151.034485 205.177078 
156.137421 205.113312 
164.755341 208.189468 
156.069336 206.844543 
150.889053 207.228226 
146.267044 206.678360 
