68 2
98.294281 81.090858 
97.089302 105.908119 
98.947701 130.505341 
103.101471 155.245056 
109.726448 179.851395 
122.315834 202.365128 
143.027756 219.948074 
168.523666 231.410324 
197.618652 234.923615 
227.258331 231.882599 
252.654434 221.148376 
272.262085 204.595871 
284.997620 182.320557 
292.653687 157.113510 
296.742950 132.283737 
299.228851 108.211700 
299.685455 84.604767 
117.429916 48.631836 
129.350372 32.068794 
148.011627 24.292925 
168.808319 26.236586 
187.061539 34.420055 
218.479019 34.255447 
238.293427 28.428915 
258.409027 28.700457 
276.924622 37.014481 
287.689331 52.596584 
204.063416 57.126717 
203.229492 70.379707 
202.322250 83.314613 
201.587265 97.087868 
179.744354 117.907745 
190.084641 121.631866 
200.691925 124.762955 
211.479813 122.520348 
220.875793 119.528168 
138.579590 68.707115 
151.252441 61.825935 
165.076904 61.727539 
178.283493 69.370064 
164.674530 72.294983 
151.103790 72.189095 
227.788300 70.203026 
242.044815 63.808025 
255.326096 64.732666 
266.153412 72.093201 
254.976181 74.378593 
241.914719 73.752357 
152.870544 160.736023 
170.664001 148.417770 
188.172287 142.734238 
199.197739 144.714340 
210.933914 143.342957 
228.544128 151.259552 
244.856995 162.540436 
228.857727 178.805389 
211.655243 186.423431 
198.849945 188.187546 
186.555054 186.376282 
169.074005 177.892410 
158.574646 160.890076 
187.894852 152.620834 
198.843521 153.060852 
211.234909 153.185745 
239.464432 163.112244 
211.230408 172.314514 
198.532394 173.981369 
186.696228 172.718491 
