68 2
75.830826 141.119324 
77.224304 155.033569 
80.517822 168.606369 
84.267593 181.506363 
89.313683 193.608948 
96.990997 204.309616 
108.063782 211.898468 
121.556557 216.905334 
136.018814 217.016129 
150.180252 213.486694 
162.779327 207.227081 
173.514786 199.637024 
181.000778 189.453552 
185.587585 177.195633 
188.215820 164.343079 
189.956406 150.939041 
190.132019 137.613098 
83.232071 124.215912 
89.742813 115.178551 
100.394012 110.897972 
112.257141 111.495140 
123.445641 114.855995 
139.108017 114.920441 
149.910248 110.791100 
160.782852 109.190102 
171.543579 111.737595 
179.197495 118.573647 
130.666183 125.736977 
130.377441 131.588226 
130.099030 137.403748 
129.940308 143.881638 
123.187973 158.680481 
127.454727 158.282242 
131.420990 158.038025 
135.695969 157.804901 
139.950989 157.588699 
95.266792 133.868073 
101.584503 129.230896 
109.372833 128.278610 
116.791046 132.208679 
109.988243 134.676102 
102.037758 135.846130 
145.766479 130.478912 
152.853485 125.435585 
160.498978 125.690460 
166.910828 129.532120 
161.048111 132.298233 
153.396988 132.391800 
115.448311 185.232224 
121.521568 175.898407 
128.200012 170.286530 
132.270981 171.103271 
136.434875 169.940414 
144.778473 175.048523 
152.790161 182.452499 
145.222961 188.145325 
137.949203 190.626038 
133.329819 191.193100 
128.924271 191.355331 
122.187691 189.966522 
119.103531 183.943451 
129.069687 177.126648 
132.762665 176.763611 
137.166443 176.529022 
149.032639 181.984436 
137.082062 182.242966 
132.570480 182.739014 
128.934433 182.875214 
