68 2
118.079239 117.935089 
117.766548 131.301300 
118.572823 144.465012 
119.782104 157.611053 
123.248131 170.305161 
129.414948 182.498550 
138.617401 192.831253 
149.181061 201.283768 
161.212616 204.253479 
172.659454 202.423157 
182.606766 195.720703 
191.103333 187.053467 
197.830246 176.986557 
202.692673 166.181702 
206.509171 154.859055 
209.968109 143.130615 
212.690475 131.058456 
130.468521 110.251236 
138.009354 105.687080 
146.785187 105.875854 
155.238892 108.854706 
162.765549 113.306610 
182.081421 115.398384 
189.879669 112.920380 
197.774017 112.279083 
204.770447 114.208794 
208.719711 119.946373 
172.385880 124.125053 
172.073868 131.650208 
171.820465 139.199646 
171.491760 147.008499 
159.656708 151.997849 
164.334854 153.826096 
169.091110 155.478668 
173.742737 154.791840 
177.986450 153.562134 
139.055740 122.422798 
144.508469 121.750946 
150.266296 122.034775 
155.668823 123.921906 
150.155945 124.570107 
144.531586 124.371056 
183.556671 127.529213 
189.387802 127.181725 
194.380692 128.263229 
198.708008 129.964905 
194.086533 130.853790 
188.969543 129.758179 
145.593094 168.130249 
153.908905 166.011185 
161.657455 165.076569 
166.454666 166.886230 
171.741394 166.609314 
177.219391 168.727478 
181.620590 171.835510 
176.004990 178.531433 
169.919373 180.837646 
164.450653 180.886902 
159.145325 179.957886 
151.958710 176.749146 
148.665649 168.658569 
160.844177 168.857468 
165.966629 169.974594 
171.352051 170.072632 
178.670044 171.889496 
170.723755 174.598495 
165.119568 174.836639 
159.965439 173.855591 
