68 2
140.459579 148.727264 
139.836472 166.027420 
140.060898 182.890701 
141.832550 199.725052 
146.815002 215.605804 
155.176620 229.395508 
167.280762 241.318771 
180.703308 250.847549 
195.495056 253.508575 
210.149429 250.793137 
223.094055 242.443909 
235.409607 233.426270 
245.155334 221.593399 
251.868591 207.083801 
256.252197 191.942276 
259.335449 175.763077 
261.906677 158.574707 
147.935165 144.492004 
156.127136 136.362625 
168.944412 134.913467 
181.999680 137.327576 
193.981216 142.150330 
210.353104 143.247208 
222.871552 140.047028 
235.674149 139.175354 
247.847382 142.302704 
255.655212 151.069427 
202.234314 153.869812 
201.548767 165.436066 
200.907257 177.034851 
200.212753 188.892548 
185.963013 193.046539 
191.976959 195.498230 
198.226425 197.510101 
204.813049 196.472183 
210.875763 194.937698 
160.504913 151.937698 
168.118958 149.120468 
176.837143 150.130737 
182.943100 155.645325 
175.560120 157.100052 
166.856033 156.390244 
217.362122 158.007233 
225.543915 153.332581 
234.312912 154.158585 
241.009003 158.187027 
234.258133 161.130600 
225.630600 160.620453 
175.896545 215.679016 
183.379684 210.744202 
191.097198 208.221542 
196.210129 210.046082 
202.110214 208.933594 
209.351929 213.087463 
216.340576 218.617706 
208.641541 227.302017 
200.819260 230.724472 
194.456696 231.143494 
188.639679 229.837860 
181.577423 225.146179 
180.530350 215.467468 
191.041931 212.216171 
195.913605 213.149643 
201.418396 212.932312 
211.780350 218.021744 
200.870499 221.845886 
195.089951 222.563568 
189.814789 221.205017 
