68 2
113.284882 142.646591 
114.236626 155.528397 
116.698959 168.248337 
120.096909 180.483276 
124.386841 191.468018 
131.223877 201.289886 
141.207764 207.873123 
153.350174 212.170807 
166.874420 212.462982 
180.897491 209.343643 
193.103088 203.793533 
203.808609 196.562424 
210.907654 186.664764 
215.126328 175.210892 
217.436676 163.319946 
218.563370 151.394714 
218.981277 139.343048 
121.790863 121.927460 
128.140533 115.448212 
136.949875 112.421669 
146.782639 113.302490 
155.539124 117.064789 
172.891052 116.495430 
181.394974 112.585655 
190.505188 111.104759 
199.531250 112.698959 
206.154037 118.333481 
163.208267 128.108643 
162.728226 132.685471 
162.369492 137.288147 
162.082397 142.469330 
156.212433 155.250076 
159.779236 155.464355 
163.450363 155.558975 
167.300964 155.118225 
170.856232 154.318298 
132.093857 134.763245 
137.277603 130.322433 
143.816788 129.524597 
150.012512 132.543777 
144.340134 134.903366 
137.802261 135.830215 
177.700348 130.720642 
183.545029 127.057213 
189.791977 127.446480 
194.923645 131.017639 
189.805237 132.928543 
183.643143 132.696457 
148.399963 181.230682 
153.728043 171.550018 
160.014969 165.862122 
164.191010 166.537079 
168.932907 165.680695 
176.482803 170.896835 
183.014984 178.767944 
176.696136 183.935410 
169.809540 186.059631 
164.785080 186.662613 
160.234558 186.751343 
154.002502 185.340286 
151.627838 180.038025 
160.413696 172.903671 
164.626755 172.238098 
169.695587 172.424744 
179.990158 178.317520 
169.471405 178.453506 
164.228027 179.043732 
160.065353 179.102707 
