68 2
139.562134 97.607452 
141.730713 110.422798 
144.549942 123.066910 
147.671173 135.748505 
152.697647 147.109177 
160.385574 156.370789 
169.857742 164.556458 
180.230240 170.947021 
192.368683 172.237015 
203.661545 168.867981 
213.354950 160.594528 
221.590271 151.796707 
227.487335 141.407364 
230.458710 129.921448 
232.062912 117.497108 
233.089218 105.571831 
233.544754 93.124115 
146.941483 85.956024 
151.878845 78.650963 
159.889236 75.034996 
168.696564 75.699287 
176.826981 78.348648 
199.779297 78.253990 
207.445206 75.419189 
215.166290 74.668274 
222.235886 77.546967 
226.897095 83.217308 
189.294754 89.481270 
189.801086 96.884888 
190.286804 104.005432 
190.846176 111.453072 
181.352325 120.217270 
186.091370 120.881317 
191.049744 121.491089 
195.376465 120.563316 
199.612793 119.665123 
157.522629 94.103027 
163.223328 90.928017 
169.805099 90.404930 
175.443665 93.584137 
169.796432 95.240547 
163.372147 95.842842 
201.863602 93.184494 
207.981308 89.851707 
214.294464 89.915817 
219.115280 92.742378 
214.298386 94.631592 
208.148758 94.417465 
173.107452 139.512039 
179.477554 134.531418 
186.601624 131.623962 
191.764343 132.466034 
196.706268 131.470078 
202.877899 134.135910 
208.098907 138.114700 
203.210358 145.777481 
197.126587 149.766907 
191.678146 151.244171 
186.104172 150.761429 
178.921463 147.477692 
176.179871 139.539658 
186.553986 136.032913 
191.731674 136.046646 
196.864349 135.817276 
205.401871 138.425766 
196.981857 143.000381 
191.565613 144.367020 
186.136078 143.761292 
