68 2
97.475433 107.002251 
96.968491 123.504395 
97.802628 139.453888 
99.793549 155.095947 
103.422546 170.844025 
109.984489 185.457108 
120.720703 198.015289 
134.063126 207.184311 
149.005020 210.772278 
164.376785 209.249039 
178.335098 201.851532 
190.380630 191.275101 
199.574646 177.854553 
205.134064 163.290344 
209.302383 148.892197 
213.033585 133.411057 
215.275909 117.554718 
110.609703 89.720840 
119.773521 85.701202 
129.751801 85.564354 
139.628601 88.458458 
148.414383 92.675995 
170.826096 92.749634 
180.248489 90.418648 
189.452469 89.597450 
198.414444 90.770470 
205.694290 94.748962 
158.824478 106.583931 
157.917130 116.455475 
157.020844 126.224457 
156.156815 136.216614 
144.701447 143.247437 
149.699249 146.181702 
155.093414 148.458908 
160.895187 147.172928 
166.358490 145.122787 
121.358887 108.293625 
128.231384 107.043060 
135.145737 107.146011 
141.806549 108.748268 
135.023865 109.550560 
128.369568 109.485962 
174.986984 110.630463 
181.866043 110.262489 
188.377838 111.110512 
194.458954 112.980370 
188.150497 113.403473 
181.740494 112.491791 
131.166626 165.550934 
139.842880 160.550278 
148.555573 158.214890 
154.500320 159.899918 
161.169983 159.301285 
169.448242 162.543594 
176.588928 167.805847 
168.888321 177.318222 
160.309235 181.718201 
153.088181 182.464310 
146.396408 181.222473 
138.266907 176.328415 
135.393982 166.278687 
148.140610 163.158829 
154.152161 163.693970 
160.961960 164.032776 
172.501114 168.112701 
160.614655 173.435654 
153.655182 174.260681 
147.523376 173.158295 
