68 2
170.862335 116.829010 
172.307129 130.424393 
174.729752 143.119766 
177.547897 155.708893 
182.354584 167.324081 
189.343948 178.427216 
198.288879 187.824738 
208.924973 195.125458 
221.230759 197.034363 
233.463455 194.244522 
243.473663 186.853271 
250.989365 176.830307 
256.472900 165.560806 
259.774475 153.492264 
261.773407 141.175644 
263.840240 128.481155 
264.637878 115.891998 
178.544861 109.181099 
184.115051 102.942177 
192.799164 101.643517 
201.418350 103.662300 
209.094131 106.957199 
228.300842 105.909431 
236.426056 102.576271 
244.687927 101.228691 
252.589523 102.840927 
257.849487 108.365761 
219.805893 115.446411 
220.242081 123.573959 
220.617218 131.724609 
221.017288 140.099335 
210.645615 144.866379 
215.563202 146.489182 
220.578720 147.947784 
225.423935 146.554337 
229.898361 144.987228 
187.992935 118.392441 
192.770050 115.142242 
199.276993 115.066650 
204.990005 118.884750 
199.434219 120.475708 
193.008194 120.726997 
232.759094 118.769928 
238.244659 114.896225 
244.386749 115.005699 
249.112625 118.108818 
244.816727 120.553276 
238.709473 120.466972 
200.619202 162.657990 
207.909851 158.477051 
214.969864 156.515472 
220.143341 157.845764 
225.982315 156.656525 
232.800781 158.730789 
238.264191 162.428528 
233.002197 169.850891 
226.342941 173.282532 
220.133438 174.120178 
214.332825 173.492813 
207.387848 170.384720 
203.777679 162.742050 
214.869888 161.911209 
220.123672 162.380234 
226.161224 161.921921 
235.030212 162.668594 
226.151337 166.184326 
219.999939 167.240051 
214.580078 166.300278 
