68 2
112.120811 106.575012 
112.943535 118.523956 
115.174965 130.097351 
118.161880 141.073883 
122.676231 151.540482 
128.873611 160.620804 
137.150848 167.836227 
147.351013 173.099716 
160.013977 174.189667 
172.411362 171.508026 
183.069016 165.626083 
191.811447 157.769592 
198.448059 148.795975 
203.014008 138.390289 
205.333923 126.903961 
206.408325 115.131348 
206.830475 103.502083 
117.910263 89.126587 
122.618744 81.883789 
130.589249 78.126747 
139.734100 77.689255 
148.398987 79.501617 
165.345917 78.551163 
174.490799 76.352814 
183.786514 76.746597 
192.277298 80.486664 
198.528625 86.812584 
156.332794 89.849030 
156.308517 94.452309 
156.170670 98.897240 
156.126831 103.699532 
149.238464 116.090752 
153.324402 116.537544 
157.231140 116.537689 
161.426056 116.082069 
165.472504 115.386803 
128.426682 97.426880 
133.031067 93.823517 
139.177658 93.041565 
145.068466 95.729118 
139.660233 97.426811 
133.682861 98.406784 
170.001526 94.651680 
175.646790 91.448929 
181.655731 91.716263 
186.803146 94.720970 
181.687149 96.257233 
175.802490 96.012108 
141.101517 139.196594 
146.107941 132.054565 
152.197739 127.751495 
157.277176 128.164154 
162.489487 127.634438 
169.392380 131.590820 
175.419769 137.613861 
169.242615 141.400574 
162.661453 143.334229 
157.218445 144.239838 
151.978088 143.936218 
146.254471 142.646881 
144.570526 138.073990 
152.410843 133.137955 
157.610703 132.465485 
163.049957 132.922333 
172.102020 136.973267 
162.574051 137.801453 
156.922394 138.941620 
151.743607 138.669235 
