68 2
129.999329 81.807556 
132.102158 97.147552 
135.135742 112.729965 
138.373672 127.923111 
143.810333 142.595139 
151.296982 155.124451 
161.249832 165.683060 
172.400299 173.833267 
187.254013 175.524292 
202.276184 172.928131 
214.801926 164.291611 
225.954651 153.632492 
234.097229 141.484711 
239.268555 127.692993 
242.344177 113.251198 
244.804993 97.854156 
246.260468 81.593323 
137.052551 71.235146 
143.047180 61.608643 
153.849625 57.483414 
165.596695 58.460850 
176.216568 62.451370 
196.530121 60.327976 
207.444122 56.675381 
218.894073 56.365730 
229.288010 60.531841 
235.444016 69.551605 
186.663055 74.887909 
186.359863 84.192978 
186.065735 93.413467 
185.692337 103.094086 
174.254135 110.545685 
179.839539 112.861076 
185.952942 114.392090 
192.333008 112.903183 
198.130066 111.229172 
149.838593 80.080841 
156.191498 77.779854 
162.860855 77.047150 
169.914871 77.845299 
163.216766 79.350044 
156.540588 80.189827 
203.007828 77.869118 
210.470627 76.582031 
217.221924 77.430573 
223.148560 79.621544 
216.851166 80.111877 
209.997726 79.331085 
166.671051 136.963135 
174.161102 131.771423 
180.877792 129.227325 
186.261536 130.916016 
192.535828 129.551285 
199.970032 132.467941 
207.079498 137.539551 
200.193222 143.439621 
193.146362 144.911423 
186.512955 145.410065 
180.419250 144.894150 
173.648010 142.565979 
169.999741 136.575089 
180.769730 133.553329 
186.567444 134.293716 
193.090286 133.706238 
203.874084 137.283554 
193.019852 138.005051 
186.285950 138.976639 
180.286285 138.268875 
