68 2
233.123154 95.953629 
232.697693 107.616684 
233.280106 119.101700 
234.699539 130.749100 
237.426331 142.278076 
242.619598 152.530106 
250.120010 161.231247 
259.772034 167.858978 
271.927734 170.316162 
284.284485 169.890625 
294.976196 166.103775 
304.307953 159.972351 
311.622284 151.762039 
316.602570 141.420090 
319.985199 130.050797 
322.825989 118.847221 
325.005280 107.306107 
241.132599 81.952911 
247.245667 77.776840 
254.460587 76.980202 
262.357269 78.086044 
269.532837 81.173714 
292.707306 82.893654 
300.432129 81.275871 
308.038879 81.560883 
315.147888 83.856720 
319.691864 89.372643 
279.980713 92.841682 
279.315887 98.067604 
278.602203 103.229660 
277.855408 108.603645 
269.339630 117.057671 
273.025024 118.202255 
276.934204 119.189316 
280.798767 119.128510 
284.646912 118.895073 
249.776779 93.625000 
255.014328 91.505966 
260.905273 92.025612 
266.034058 94.883675 
260.594940 95.690910 
254.882919 95.452850 
293.380524 97.921722 
299.289215 95.987770 
304.818512 96.651619 
309.193451 99.652924 
304.533783 100.676910 
299.029510 99.878639 
257.791138 136.499329 
263.217346 130.438919 
269.930359 127.994293 
274.825073 129.367691 
280.520294 129.344315 
286.949066 133.655182 
291.949463 140.669403 
285.707550 144.842087 
279.109741 146.100372 
273.319183 145.896912 
268.151001 144.803711 
262.153137 142.202606 
260.725891 136.147308 
269.531860 132.512512 
274.573090 133.217529 
280.344818 133.800598 
289.055878 140.108200 
279.677460 140.364319 
273.878265 139.987534 
268.765076 139.169022 
