68 2
96.966774 136.775116 
100.331619 161.276215 
105.361626 184.937042 
110.999519 208.292297 
118.563980 230.422958 
129.723709 250.268387 
144.100418 267.026917 
161.736465 279.562103 
184.605652 283.058746 
207.962051 278.833435 
227.971115 265.335724 
244.471603 247.600098 
257.981354 227.281052 
265.274200 204.537750 
269.612793 181.488449 
273.732788 157.873459 
276.552368 133.005905 
104.200409 118.351891 
115.925079 106.551979 
132.807648 102.546425 
150.643585 104.775200 
167.440186 109.934723 
201.661667 110.285202 
218.270325 105.114182 
234.322678 102.193710 
251.022537 104.068886 
263.840881 113.765350 
185.229645 121.678154 
184.680038 135.299667 
184.031387 149.027069 
183.488525 163.146942 
165.534164 177.412674 
174.112442 180.539581 
184.109116 182.625183 
194.556595 180.346176 
203.568665 177.166748 
123.452599 131.985977 
133.890121 129.669891 
145.141861 127.890503 
156.532761 128.107697 
145.385071 130.099365 
134.613342 131.825256 
212.666687 128.008148 
224.478104 127.462959 
235.583847 128.435211 
245.896210 130.351425 
235.673508 131.003113 
224.458054 129.837952 
152.973984 221.053894 
164.280182 212.020538 
176.014099 207.306046 
184.902542 209.508942 
194.966309 207.210373 
207.391205 211.572327 
219.417664 219.594650 
208.147797 233.311417 
195.514725 238.684509 
184.796875 239.844650 
175.391739 239.145859 
163.751999 234.102890 
160.513123 220.250183 
176.204407 216.166687 
184.721909 217.282867 
194.514679 216.020935 
211.707870 219.757629 
195.070633 222.330063 
185.017166 223.524292 
176.229675 222.891891 
