68 2
87.415024 76.343353 
86.076950 93.078987 
86.738274 110.105255 
88.671776 127.834160 
93.392174 145.204590 
99.830658 161.373642 
108.082253 176.233170 
119.332733 188.407791 
136.447266 191.929916 
154.131012 190.287659 
169.255432 181.054626 
181.671127 167.813614 
192.475403 152.035095 
200.435364 134.522781 
204.626846 116.670654 
207.425644 97.890228 
209.334778 79.525719 
91.250740 61.527580 
98.210800 52.505219 
109.067139 49.551846 
120.818695 51.345284 
131.483215 56.043835 
152.228546 57.109932 
164.641922 51.623371 
177.928223 50.041794 
190.790161 53.324425 
198.920837 62.695061 
142.072647 69.440590 
141.061066 81.924881 
140.037033 94.621094 
138.802460 107.735023 
125.955986 113.513794 
131.969528 117.081528 
138.835373 119.964775 
147.413513 117.864044 
154.908081 115.204674 
103.629547 70.053680 
110.745934 65.010040 
120.172325 65.392570 
127.083221 72.213409 
118.974693 74.724472 
109.860565 74.398407 
160.390472 73.158722 
169.386932 66.633972 
178.718155 66.541649 
185.356506 72.017609 
179.166931 76.338867 
170.058624 76.075600 
114.509315 144.636505 
124.827408 141.455292 
134.062225 140.442932 
138.899094 142.510254 
144.812180 140.703262 
154.596786 142.645874 
165.142868 146.262161 
154.528534 150.878845 
145.025864 151.809601 
138.409668 151.840454 
132.727051 151.400253 
123.772041 149.411697 
118.550209 144.610855 
133.637329 144.521133 
138.860672 145.724304 
144.614014 144.786407 
160.779099 145.939148 
144.867722 144.486206 
138.925644 145.080612 
133.738342 144.392700 
