68 2
109.410233 60.778389 
110.069061 77.339928 
111.823570 94.494316 
116.091904 110.425125 
123.266304 125.578827 
132.877319 139.313217 
144.702728 151.663681 
157.458450 161.765213 
172.383041 164.784821 
187.373886 161.484741 
201.350739 152.394455 
214.089935 140.840256 
224.991135 127.160103 
233.674667 112.415886 
238.495819 96.293282 
240.977570 78.893242 
242.503098 60.878052 
119.574371 48.252708 
127.794647 39.848980 
139.529938 38.246624 
152.253952 39.576077 
163.348846 44.602058 
182.192261 44.254883 
194.016296 39.143658 
206.592270 37.883327 
219.321075 39.520634 
227.352829 46.795017 
172.204071 59.621651 
171.406906 71.650497 
170.561615 83.341286 
169.591705 95.409332 
157.292282 98.361328 
163.363220 101.745567 
170.608643 103.868095 
178.321716 101.563400 
184.982697 98.359024 
133.588272 61.167427 
140.223358 58.804977 
147.605667 58.893047 
154.912354 61.099991 
147.666336 63.139519 
140.309311 63.689209 
191.089615 61.132366 
198.550491 58.876152 
205.763000 59.604691 
212.228867 61.429878 
205.695435 63.451614 
198.454453 63.273220 
152.723541 118.624054 
159.219452 115.029625 
166.100403 113.261230 
171.531586 114.464874 
177.974579 113.704590 
185.942047 116.192345 
194.000977 119.574913 
185.918152 130.047867 
178.372986 135.209396 
171.543137 136.060013 
165.309448 134.984970 
158.541229 129.912796 
157.129913 118.908585 
165.877792 116.113976 
171.682205 117.199707 
178.016006 116.603729 
189.269958 120.028061 
178.312057 126.353569 
171.607605 127.152519 
165.451920 125.945068 
