68 2
134.979797 41.755650 
135.556259 65.142387 
138.797058 88.371712 
143.323303 110.536003 
150.348038 132.231934 
159.815109 152.939835 
171.731079 171.746399 
186.108337 187.870209 
207.345123 192.345001 
229.419357 188.622131 
247.840683 174.359436 
264.775879 156.998810 
279.206909 138.267517 
290.539215 117.502213 
297.091522 95.269844 
300.612366 71.334267 
302.860352 46.732803 
137.004333 26.444046 
146.890030 15.101295 
162.716339 13.647551 
178.675812 18.298651 
194.095886 25.109848 
225.752838 25.748751 
242.480530 20.160414 
258.827087 16.021664 
275.739380 17.712040 
287.776123 28.178602 
208.193588 41.871140 
207.090530 55.448715 
205.791718 68.895897 
204.551254 82.880806 
188.271774 95.439308 
196.486298 99.115448 
205.245789 102.535408 
215.983490 99.639336 
226.080261 96.775146 
152.487656 43.860508 
161.989655 38.061855 
174.609406 38.392693 
185.270065 45.601322 
174.004333 48.874851 
161.650452 49.220978 
236.903885 46.137283 
248.351181 39.629669 
260.931091 40.520718 
270.432617 46.513687 
261.292023 50.700741 
248.814865 49.887825 
175.331238 129.426422 
186.792252 124.564293 
198.176712 121.999771 
205.985458 124.796402 
215.665665 122.875771 
229.357605 125.868073 
243.445374 130.356140 
230.532928 146.825134 
216.972794 153.710373 
205.723267 154.847839 
196.379425 152.936661 
185.557068 146.056519 
180.314590 131.116241 
197.576431 129.566833 
206.193481 130.774170 
216.699738 130.049622 
238.850418 132.326172 
216.998795 140.037796 
205.977844 141.362122 
197.029221 138.789185 
