68 2
128.098007 111.221558 
128.549454 127.100166 
130.095871 142.731934 
133.603531 158.332611 
138.990021 172.841385 
148.772278 185.263275 
161.599762 194.907059 
176.579376 201.983292 
193.844391 202.591583 
211.110489 199.765411 
226.587372 192.118912 
240.816711 182.973312 
251.635193 170.463730 
257.760376 154.646255 
260.181213 138.440292 
261.292603 121.143486 
261.175903 104.311562 
135.933807 85.852715 
141.828781 74.572845 
152.788162 68.203812 
166.011063 66.515053 
177.659348 69.925728 
203.216522 67.597641 
215.382370 62.975262 
228.649414 63.835049 
240.655029 69.436600 
247.961105 79.377708 
189.682022 88.413536 
189.580872 98.400719 
189.439529 108.346725 
189.123291 118.563507 
176.976944 129.467407 
183.302673 130.095108 
189.615723 131.152649 
197.042816 129.653305 
204.381744 128.944473 
149.306839 96.073944 
155.409256 89.689583 
164.177338 88.775284 
172.017914 94.030792 
164.707947 96.197792 
156.183456 97.401321 
210.687439 91.476547 
218.077942 84.808685 
227.214142 85.219391 
234.063553 90.780968 
227.613281 92.709457 
218.863770 92.703018 
167.594528 158.530212 
173.643127 148.021027 
182.021072 142.625916 
188.985489 143.734283 
196.862717 142.503967 
207.724304 147.892334 
217.153748 156.408722 
208.570251 163.994308 
198.601547 167.477509 
190.399811 168.374512 
183.032043 168.080429 
174.526016 164.958237 
172.075378 156.803894 
182.509521 150.505600 
189.405502 150.812286 
196.858429 150.652512 
211.937149 155.687897 
197.466766 157.041595 
189.910980 158.004150 
183.024490 157.779556 
