68 2
155.787979 71.236954 
157.321838 82.311752 
159.528595 92.588661 
161.966705 102.722618 
165.787903 112.073318 
171.615082 120.502960 
179.982117 127.160248 
188.813370 131.967072 
198.536606 132.824799 
207.633850 130.280869 
215.537292 124.693085 
222.102051 118.002075 
226.932373 109.697296 
229.543732 100.252113 
231.166748 90.910934 
232.962341 80.941582 
234.179260 70.766853 
162.322205 64.968079 
167.708527 60.651009 
174.838440 59.790386 
181.855957 60.982552 
188.360336 63.301590 
201.665894 62.842049 
208.624084 60.520393 
215.697174 59.682590 
222.391006 60.909092 
227.649826 64.679474 
195.865555 69.414612 
196.118347 76.059311 
196.385193 82.711739 
196.639053 89.745163 
188.310898 94.451599 
192.232376 95.990654 
196.352539 97.392799 
200.401245 96.078506 
203.967773 94.497520 
169.916428 71.767303 
174.273880 69.181099 
179.851166 69.248314 
184.533997 72.433685 
179.692200 73.800743 
174.198776 74.005653 
205.957352 72.342804 
210.930969 69.026604 
216.216812 69.087440 
220.518234 71.531380 
216.761261 73.698143 
211.445953 73.777390 
181.114990 108.460869 
186.656830 105.351433 
191.965546 103.821274 
196.059998 104.711517 
200.515228 103.783356 
205.670227 105.442108 
210.567169 108.394775 
205.857132 113.299934 
200.733246 115.544243 
196.097198 116.144424 
191.568665 115.853447 
186.198059 113.725822 
183.610077 108.319435 
191.853943 106.390015 
195.944672 106.605659 
200.485123 106.310951 
207.869690 108.368057 
200.498444 110.620056 
195.995850 111.513199 
191.737579 111.168701 
