68 2
123.314034 119.289146 
123.318954 137.513809 
125.102402 155.304062 
128.001160 172.821182 
132.762878 190.318680 
139.496017 206.565720 
149.597519 221.311264 
162.539612 233.207626 
178.654083 237.812668 
194.476379 235.369064 
207.297791 225.217651 
217.379669 211.133560 
224.182556 195.427872 
229.520645 178.776688 
233.437012 162.304901 
237.234787 144.746399 
239.654953 127.209068 
133.748962 104.274017 
141.160278 97.239479 
151.663910 95.667389 
162.698547 97.845108 
172.120621 103.400124 
199.223007 105.377655 
209.522156 101.637177 
219.970871 101.583061 
229.732986 105.895897 
234.689026 114.133461 
184.410934 120.400719 
183.590652 132.429489 
182.562561 144.486237 
181.654510 156.635437 
170.034286 161.372345 
175.396545 164.232300 
181.234619 166.172302 
187.191345 165.154312 
192.652191 163.312027 
146.405060 118.412231 
153.038406 114.397217 
160.978790 115.423637 
167.544113 121.116684 
160.003677 122.399605 
152.259491 121.920181 
199.588226 123.963188 
207.568192 119.710663 
215.472198 120.506157 
221.173233 125.194145 
214.924988 127.463432 
207.246002 126.497650 
159.653091 186.586136 
166.312485 182.101776 
173.680908 180.587570 
180.175568 182.456711 
187.314880 181.940491 
194.396912 184.726318 
199.686554 188.857056 
194.224899 199.287430 
187.035904 204.401047 
179.341629 205.523468 
171.921600 203.435364 
165.023254 197.563263 
163.244781 186.763550 
173.211365 184.382629 
180.136444 185.666260 
187.648193 185.537491 
196.365753 188.728806 
187.335037 195.402786 
179.528046 197.090210 
172.200958 194.562622 
