68 2
166.043747 94.290833 
166.945511 106.847527 
169.251328 119.308662 
172.552063 131.382462 
176.459641 142.911789 
182.440079 153.818375 
190.019562 163.620422 
199.689636 170.832809 
211.677734 172.887390 
223.227600 170.293823 
233.392365 163.403641 
241.915848 153.903442 
248.158798 142.744461 
252.422180 130.641663 
255.556580 119.148788 
258.148438 107.331093 
259.680389 94.791718 
174.751251 76.944801 
181.238525 71.579422 
189.717712 70.069923 
198.553268 71.255486 
206.241776 75.031487 
219.528564 75.196518 
228.179749 72.139870 
237.097244 71.544685 
245.711990 74.159081 
251.776993 79.810150 
212.597702 86.597603 
212.291534 94.863564 
211.959091 103.098633 
211.686325 111.477821 
204.057800 118.484291 
207.916016 119.701889 
211.888138 120.852730 
215.904053 119.786346 
219.629791 118.776695 
182.967285 87.146667 
188.606583 83.383698 
195.870117 83.988823 
201.039551 89.186134 
194.958878 90.550949 
188.232925 90.284088 
224.969559 89.548676 
230.722931 84.277916 
237.444611 84.332588 
242.543564 88.434486 
237.657166 90.962471 
231.332169 91.020439 
194.630280 139.518250 
200.160980 133.550842 
206.371170 129.694427 
211.166000 130.394196 
216.503113 129.748886 
222.884460 134.074524 
227.778809 139.969330 
222.848206 146.990204 
216.650085 151.155869 
210.937149 152.306686 
205.282181 151.122177 
199.509995 146.807312 
196.835510 139.626480 
205.778870 135.313904 
211.218185 134.802399 
217.250259 135.248978 
225.933273 139.955795 
216.995560 143.987106 
210.845230 145.358597 
205.223038 144.099289 
