68 2
102.728401 53.217026 
103.598740 71.268280 
105.598663 89.365494 
109.920807 105.867241 
117.502441 121.265953 
127.208580 135.499100 
138.472000 147.834290 
150.740509 157.930466 
165.528992 161.067688 
180.993454 157.786804 
195.210754 148.224228 
208.312317 136.440567 
219.975754 123.505020 
229.384659 108.384605 
233.868439 91.485199 
236.632156 73.724327 
238.591766 55.118729 
114.741425 43.859455 
123.068817 35.629375 
134.969177 33.633198 
147.814529 34.845139 
159.104828 39.623398 
180.385452 39.119465 
192.333603 34.713081 
204.852341 34.122162 
217.062622 36.444046 
224.841736 44.142113 
169.057755 55.587948 
168.006470 68.569122 
166.947678 81.347443 
165.850891 94.335220 
151.900269 94.116470 
158.283752 98.462181 
166.198532 101.405029 
174.820862 98.447838 
182.164581 94.845024 
128.782166 57.139866 
135.752960 54.758808 
143.659058 54.865280 
151.165604 57.468750 
143.545639 59.334122 
135.872269 59.609818 
187.569260 57.581039 
195.104645 55.219646 
202.631149 55.807125 
209.258408 58.030220 
202.320129 59.988621 
194.822266 59.609749 
145.711411 115.168457 
151.776123 110.336647 
159.845764 107.730156 
167.472366 108.073952 
176.215668 107.814896 
184.395355 110.478455 
191.023544 115.335030 
184.012192 126.596596 
175.732193 133.509766 
166.730331 135.081009 
158.575592 133.844788 
150.737518 127.376747 
150.365906 114.982750 
159.966995 113.111931 
167.634109 113.027557 
176.102890 113.028122 
185.448257 115.303505 
175.934570 123.934395 
166.909561 125.717285 
158.917175 123.879326 
