68 2
113.620827 97.803452 
117.009628 121.745575 
122.451332 145.156219 
128.164352 167.317841 
136.614883 188.746490 
148.706238 207.909058 
164.920486 223.385345 
182.601669 235.363342 
204.599503 237.328369 
225.111282 231.943741 
241.826935 218.026718 
256.491577 201.427399 
267.912201 182.140961 
275.057495 160.455627 
279.276184 139.270157 
282.698822 117.454376 
284.410431 94.988739 
122.098633 74.812279 
132.364380 60.662056 
150.709412 56.618946 
169.351654 60.285957 
186.910385 66.950775 
215.479568 66.727272 
232.102402 59.236206 
249.173752 54.168350 
266.693237 56.834263 
277.246216 69.491486 
200.995544 82.333458 
201.003204 96.322701 
201.251862 110.083511 
201.612488 124.674469 
182.031799 139.408279 
191.824234 142.494034 
201.998001 145.083923 
212.202393 142.138718 
221.566147 139.045959 
140.338318 90.915092 
150.847595 84.686699 
164.030945 83.933731 
175.471252 89.818443 
164.075668 93.306427 
151.202393 94.778336 
226.235352 87.948700 
238.571121 81.254646 
251.161758 81.769867 
260.453827 87.416069 
251.755539 91.445404 
239.092468 91.038239 
168.330231 174.513977 
181.404572 167.133835 
193.072037 163.673248 
202.084824 166.867569 
212.422897 164.565414 
225.817429 168.218765 
238.403320 173.376282 
226.164246 187.795227 
212.978943 195.523758 
201.371307 197.060287 
191.345474 195.437363 
180.063843 188.676086 
173.725311 175.492859 
192.900970 171.448776 
202.238037 172.836502 
213.004181 171.690140 
233.514221 174.746246 
212.913315 181.929596 
201.724945 183.897842 
192.428146 181.764404 
