68 2
106.662857 138.759872 
107.437218 151.594482 
109.811470 164.872787 
112.863045 177.551666 
117.403648 188.913757 
124.697601 198.643204 
135.551117 204.882782 
148.355835 208.705795 
162.264175 208.574722 
175.770569 205.499207 
188.306808 200.495972 
199.236191 193.721680 
206.471664 183.951874 
210.948761 172.123138 
213.392181 160.009949 
214.548477 147.794373 
214.824371 135.645294 
113.263184 121.254166 
119.687759 113.912949 
129.472031 110.584663 
140.137115 111.712692 
149.699295 116.027832 
164.912918 115.672028 
174.758362 111.430138 
185.231735 110.165596 
195.546112 112.947968 
202.751144 119.567383 
156.840057 126.547638 
156.478531 131.261230 
156.215454 135.908661 
155.987549 141.172684 
149.183044 154.618134 
153.256882 154.626740 
157.177917 154.657135 
161.283386 154.339935 
165.096252 154.239929 
123.418892 132.021362 
129.430084 127.609116 
136.817825 127.203720 
143.430862 131.580383 
137.105225 133.752975 
129.557602 134.408356 
171.513779 130.216461 
178.153900 125.530884 
185.381088 125.707016 
191.456299 129.592896 
185.841919 132.165649 
178.568817 132.205139 
142.109314 179.390457 
148.500458 170.426697 
154.863098 165.412811 
158.249649 166.253525 
162.067383 165.054306 
170.017517 169.788986 
177.916885 177.093048 
170.350388 180.807205 
163.277435 181.804947 
159.143097 182.164230 
155.312485 182.478699 
149.003967 182.192200 
145.679443 178.307648 
155.504745 172.578674 
158.850418 172.289474 
162.727051 172.211212 
174.267624 176.488495 
162.468445 174.678467 
158.413879 174.859604 
155.217789 175.442505 
