68 2
174.925735 116.889999 
176.056152 130.079254 
178.287704 142.861511 
180.907822 155.533142 
185.304321 167.236816 
191.905853 178.002640 
201.066910 187.047012 
211.447601 194.311951 
223.382736 196.006348 
235.083359 193.515900 
245.020050 186.608215 
253.062073 178.101379 
259.159943 168.005417 
262.905182 156.506531 
265.286224 144.311356 
267.928070 132.106018 
270.014740 119.623383 
182.416702 110.614014 
188.683609 104.215874 
197.542328 103.180473 
206.428360 105.253754 
214.284119 109.006325 
231.173233 108.798264 
239.755722 105.660278 
248.663956 104.750633 
257.178741 107.197830 
263.062042 113.622765 
223.054749 117.149208 
223.131805 125.145630 
223.079376 133.132553 
223.050018 141.315674 
212.719955 145.323761 
217.575745 147.041275 
222.634445 148.541504 
227.539963 147.172974 
232.245422 145.678009 
191.717361 118.276230 
196.869934 115.221649 
203.416229 115.398842 
208.883270 119.446533 
203.281235 120.468422 
196.889725 120.545952 
235.900223 120.291908 
242.095032 116.720078 
248.132492 117.065689 
252.937149 120.114708 
248.337296 122.144440 
242.145889 121.800835 
202.929291 161.276688 
210.153946 156.894623 
217.053543 155.372040 
222.082642 156.753220 
227.884903 155.790680 
234.956726 157.710526 
241.091415 162.021423 
234.768936 168.863052 
227.730743 171.957565 
221.597656 172.674881 
215.970840 171.876541 
209.245316 168.753357 
205.901306 161.243881 
216.878082 158.884399 
222.119415 159.529434 
227.915985 159.094055 
238.047333 161.790543 
227.614471 166.161591 
221.626617 167.059982 
216.247208 166.069443 
