68 2
178.652206 72.319267 
179.164383 88.204292 
180.991196 103.974632 
184.108948 119.312897 
190.236649 133.677628 
199.539658 146.158386 
210.762772 157.157776 
223.221756 165.647293 
236.964783 167.450775 
249.084305 163.886215 
258.662231 154.495987 
266.254120 143.022293 
273.055725 130.244415 
277.197968 117.285561 
280.414429 103.869209 
282.671448 89.775467 
283.491760 75.763390 
190.886429 70.064064 
199.503357 64.879326 
209.439362 63.445015 
219.977066 64.846245 
229.532791 68.254776 
248.973328 67.622299 
257.897583 64.080223 
267.192719 62.587578 
276.135162 64.046173 
281.754089 69.569550 
240.102814 77.176498 
240.128098 87.694283 
240.204758 98.149712 
240.279190 108.869316 
227.239792 113.185570 
233.090393 115.072235 
239.350311 117.139984 
245.009842 115.880928 
250.068665 114.370903 
201.895981 77.901955 
208.686707 75.094803 
216.724426 75.213699 
222.834686 79.572197 
216.129456 81.693672 
208.189972 81.796883 
252.125137 79.839752 
259.331757 75.428337 
266.820618 75.477631 
272.154236 78.581879 
267.355316 82.141533 
259.954620 82.177818 
216.979019 133.630905 
225.645813 130.512970 
233.349289 128.420624 
238.075134 130.039124 
243.102020 128.805069 
249.775284 131.887726 
256.276184 134.805817 
250.039764 142.859314 
243.652161 146.765732 
238.041931 147.780609 
232.442169 146.699890 
224.630676 142.191818 
220.614761 133.447418 
233.241638 131.962387 
238.140488 132.852890 
243.150070 132.410461 
252.681122 134.996857 
243.281982 138.477859 
237.912048 139.706802 
232.680389 138.593781 
