68 2
101.376328 58.228168 
102.066650 75.283173 
103.980705 92.679718 
108.357162 108.474274 
115.800186 123.273056 
125.172935 136.829727 
136.124008 149.307175 
147.801987 159.775925 
162.255646 163.556747 
178.012436 160.165527 
192.661118 150.296234 
205.894821 138.632370 
217.669373 125.231621 
227.186157 110.165665 
231.495087 93.587692 
233.964951 76.312645 
235.285263 58.090252 
111.095978 44.929276 
119.176758 36.817471 
130.599243 34.798645 
143.195419 35.923462 
153.644394 41.144772 
174.292313 39.731472 
186.063950 35.129875 
198.921417 34.782516 
211.482285 37.463959 
219.012207 45.434715 
163.803253 56.784012 
162.594742 69.307716 
161.382751 81.588501 
160.284836 94.019936 
147.873291 94.160095 
153.718719 98.179512 
161.068527 100.793106 
169.327194 98.097816 
176.559830 94.792366 
125.138885 58.634720 
132.051392 55.908482 
139.781250 56.016438 
147.202011 58.550991 
139.732712 60.328335 
132.289932 60.722553 
182.380432 58.607422 
189.915710 56.039063 
197.653931 56.694855 
204.342957 59.058079 
197.545273 60.923233 
189.956894 60.710407 
141.161926 113.433449 
146.853821 109.709015 
154.264801 107.239006 
161.538773 107.554909 
170.284668 107.492882 
178.855865 110.293854 
186.702454 114.545502 
179.010193 126.968353 
170.625641 134.230682 
161.537704 135.891953 
153.397079 134.415054 
146.138245 127.157684 
145.349915 113.801483 
154.201996 110.800407 
161.793442 110.864288 
170.808411 111.096313 
181.983627 114.902069 
170.990417 125.532471 
161.461121 127.416901 
153.367599 125.264198 
