68 2
171.568985 118.425484 
173.172562 132.752014 
176.091660 146.192490 
179.320618 159.677658 
184.497559 172.109512 
191.789001 183.744324 
201.130127 193.942215 
211.430481 202.212280 
223.298035 204.136749 
234.688751 200.948532 
243.971359 192.685471 
251.635803 182.529495 
257.531372 170.972900 
261.166138 158.816345 
263.131836 146.290970 
265.697540 133.383575 
267.455688 119.827797 
179.331207 117.962364 
186.242264 112.645287 
195.247726 112.208275 
204.165588 114.471245 
212.354568 117.883163 
230.002411 117.212242 
238.720947 114.015327 
247.505371 112.612213 
256.170776 114.355133 
262.006042 119.767563 
222.064758 125.299667 
222.389862 133.958603 
222.789200 142.684952 
223.175964 151.816772 
212.561432 154.937271 
217.258820 157.089996 
222.386414 158.807648 
227.392197 156.976288 
231.805145 154.933182 
189.114441 125.596855 
194.413574 122.596451 
201.464844 122.833847 
207.472900 126.956085 
201.307648 128.302261 
194.232651 128.492706 
233.672882 127.081055 
239.986191 122.899727 
246.498917 123.045547 
251.686523 125.790733 
247.026367 128.507065 
240.319092 128.481720 
203.093887 170.259933 
210.245758 167.860214 
217.442245 167.155334 
222.068985 168.514618 
227.200912 167.026077 
233.865646 167.848618 
239.498108 169.605621 
234.283905 178.410950 
227.805557 182.412506 
222.247833 183.292740 
216.985779 182.945847 
209.616394 179.490311 
205.585754 170.723907 
217.336365 171.032959 
222.182922 171.786362 
227.552429 170.762146 
236.886154 170.305466 
227.604111 175.968842 
222.103897 176.768967 
217.158401 176.344849 
