68 2
131.925140 133.591736 
133.003723 146.315613 
135.581421 159.448349 
139.228088 171.951340 
145.436874 183.358719 
154.444305 192.959671 
165.651138 200.867569 
178.504822 206.645950 
191.560623 207.478210 
202.915100 203.385559 
210.797104 194.229416 
216.766617 184.240295 
220.994766 173.477692 
223.588974 162.530533 
224.998367 151.551895 
225.135483 140.578232 
224.040955 129.827530 
145.542542 118.183472 
152.885086 113.427155 
161.608353 112.293358 
170.289612 113.561615 
177.621719 117.339180 
196.889954 116.965347 
203.248718 114.029190 
209.861847 113.183868 
216.023193 114.221611 
220.069122 118.728218 
188.522476 126.932755 
189.747406 134.018005 
191.142288 140.959518 
192.652496 148.174393 
180.921356 155.403244 
186.072525 156.900497 
191.435822 158.102966 
195.832092 156.404221 
199.700119 154.441406 
156.731873 128.061188 
161.895508 124.649017 
168.085281 124.752357 
173.611313 128.456390 
168.053406 129.940765 
161.989014 130.122131 
198.633118 128.361954 
203.602264 124.577911 
208.975342 124.658310 
213.012512 127.690170 
209.451813 129.426865 
204.114700 129.558121 
172.799194 174.136978 
181.479477 169.555588 
188.451111 167.069046 
193.085739 167.706863 
197.654541 166.182419 
202.614319 167.830078 
206.628693 170.854706 
202.735077 177.177551 
198.463745 181.005325 
193.578415 182.476730 
188.471817 182.409805 
181.446228 180.075745 
175.908997 174.160355 
188.262009 171.190292 
193.186966 170.835724 
197.913635 170.190292 
204.164352 171.115509 
197.932465 174.339783 
193.079849 176.046753 
188.146133 175.709885 
