68 2
91.400398 104.202339 
91.237030 117.377373 
92.177948 131.013809 
94.019745 144.554749 
98.544296 157.564484 
104.875397 169.323380 
113.538391 179.375656 
124.206085 186.982727 
137.571442 188.800552 
150.718414 186.622299 
161.303268 178.832214 
169.637268 168.954376 
175.988556 157.075562 
180.786484 144.215530 
183.773911 131.790085 
185.948807 119.130386 
187.258224 106.495026 
97.445679 91.127586 
103.398926 84.226700 
112.765587 82.270538 
122.415024 83.930763 
131.336761 87.719101 
147.513733 88.797554 
156.220886 85.169624 
165.817535 83.479416 
175.151154 85.373100 
180.691406 92.562859 
139.367493 97.410789 
138.874634 106.842255 
138.631516 116.213470 
138.231171 125.773766 
126.430786 129.829620 
131.741333 132.798935 
137.620850 134.801010 
144.229660 132.955338 
149.884323 130.396698 
107.996948 99.018143 
113.269859 95.597847 
119.952728 95.702934 
125.408432 99.694214 
119.606308 101.704628 
112.957184 101.853897 
151.742065 100.565643 
158.462997 96.657516 
165.021164 97.065712 
169.688721 100.540314 
165.113983 103.163559 
158.642166 102.897720 
117.732262 151.307007 
125.529434 148.325119 
132.758545 146.503159 
137.515808 147.620392 
142.943008 146.581207 
149.824524 148.250748 
156.701172 151.242050 
149.824478 154.310699 
143.135437 155.498199 
137.449875 155.679276 
132.313248 155.214981 
125.451065 153.690125 
121.227554 150.991867 
132.582993 149.755661 
137.410614 150.235779 
142.871292 149.846130 
153.138229 150.791443 
143.277130 150.132660 
137.579163 150.422394 
132.629623 149.986588 
