68 2
138.891174 132.634811 
140.361725 148.714050 
143.475616 164.186249 
146.353455 179.394577 
151.637146 193.438049 
161.804413 204.877106 
174.475372 213.778168 
188.393509 221.177673 
203.915100 223.436508 
219.011063 220.624634 
232.059250 211.880676 
243.309753 202.065689 
251.388947 189.879333 
255.190811 176.135895 
257.202332 161.381348 
259.645935 147.123764 
260.513977 132.118835 
149.577606 111.649559 
156.485413 103.941475 
166.805573 99.072502 
177.890305 99.174774 
187.902390 102.845787 
218.294540 101.609360 
228.504395 98.105148 
238.858704 98.102341 
248.259628 102.163605 
254.584122 109.603958 
203.571884 118.617104 
203.876144 127.977188 
204.111145 137.128479 
204.429276 146.351120 
193.180908 157.819824 
198.610229 159.128876 
203.978851 160.164139 
209.231750 158.896164 
214.191467 157.608139 
161.223557 125.347496 
168.212784 120.099281 
177.239319 119.705948 
185.745422 124.513359 
177.506500 126.882584 
168.723083 127.774551 
219.421906 124.369003 
227.503387 119.525230 
236.210587 119.914742 
242.680634 124.681206 
236.167297 127.112915 
227.761688 126.600258 
176.953796 180.718033 
186.250702 174.657974 
195.838318 170.779312 
203.890808 171.536591 
212.436356 170.862167 
221.457626 174.463654 
229.395294 180.086014 
221.475159 187.389297 
212.548965 191.057175 
203.871201 192.362625 
195.572540 191.425797 
186.161682 187.565338 
181.485184 180.554214 
196.152435 177.769943 
203.988800 177.182480 
213.053177 177.456726 
225.249725 180.176971 
212.862167 182.327988 
203.814880 183.826004 
195.921310 182.947647 
