68 2
122.832993 132.193069 
123.828453 148.652420 
126.752281 164.849564 
129.853745 180.285156 
135.262268 194.571487 
144.280365 207.611816 
155.992538 219.821213 
169.497986 230.029785 
184.864502 233.094376 
198.480530 229.630646 
209.899582 219.606506 
219.776703 208.082672 
227.578400 194.703598 
232.417343 179.798721 
235.889191 164.236725 
238.883331 148.970367 
240.201447 133.330139 
134.092026 120.130875 
141.213028 112.745384 
151.467148 109.283760 
162.372253 110.260422 
172.022751 114.052193 
198.480286 114.886383 
208.268860 110.711746 
218.418030 109.318024 
228.132492 112.416779 
234.586365 119.282974 
185.765686 130.081329 
186.036316 141.015793 
186.403152 151.672241 
186.685684 162.477951 
175.358948 170.575745 
180.686417 171.901184 
185.941467 173.133484 
191.076904 171.963867 
196.159180 170.768265 
144.345871 132.907166 
151.646866 128.096481 
161.218079 128.387711 
169.092148 134.407318 
160.809494 136.769119 
151.381531 136.880722 
200.588318 134.991760 
208.768417 128.851135 
217.822556 128.872513 
224.171112 133.599472 
218.115692 137.256424 
209.412140 137.205841 
162.156097 191.850906 
170.532211 186.227997 
179.688446 183.193512 
186.297836 183.976639 
193.082397 183.387772 
201.161453 186.736832 
207.857880 191.822601 
201.479126 202.409988 
193.671173 208.153183 
186.540421 209.590881 
179.184601 208.267365 
170.089005 202.697342 
165.932877 191.705597 
179.691727 188.999573 
186.328308 189.114655 
193.344269 189.265564 
204.370392 191.954315 
193.635574 198.893860 
186.419281 200.240585 
179.323578 198.857132 
