68 2
97.116150 60.768520 
96.134476 75.558022 
96.031853 91.030449 
97.132416 106.259979 
101.046974 120.938477 
108.173996 133.984650 
118.358917 144.842300 
129.853958 153.489532 
145.065735 156.258896 
160.584534 155.142471 
173.873352 148.643387 
185.252899 139.511337 
194.301819 127.982140 
200.871292 113.993179 
204.778214 99.884247 
207.551941 85.195923 
209.923279 71.182220 
105.424347 39.384758 
111.876984 32.679893 
121.600433 30.017347 
132.007782 31.219234 
141.265564 34.787842 
165.762146 35.657295 
175.265320 32.227829 
185.653214 32.024456 
194.663574 36.041458 
200.548157 43.560810 
152.531311 47.556431 
151.441742 56.354149 
150.637238 65.193459 
149.506409 74.315582 
137.210693 83.707062 
142.709274 86.328484 
148.532013 87.921265 
155.580139 87.000282 
162.170135 85.296417 
116.347153 51.965225 
122.276161 48.533306 
129.429230 48.542492 
135.466034 52.171799 
129.114807 54.328976 
122.100311 54.504375 
169.614685 54.126270 
176.824844 51.139420 
183.843933 51.950405 
188.921585 55.959854 
183.568893 57.674778 
176.653427 56.795326 
125.690216 111.069069 
133.750992 106.712646 
141.976837 104.120110 
147.987091 105.683334 
154.616257 104.915947 
163.248047 108.518158 
171.642990 113.468643 
162.890442 115.617241 
154.292984 115.317940 
147.519501 115.030762 
141.008087 114.237427 
133.183762 113.116486 
129.920822 110.453888 
141.548157 108.714714 
147.863159 109.602631 
154.691711 109.397560 
167.401642 112.548393 
154.823425 109.213150 
147.857941 109.206474 
141.332687 108.205620 
