68 2
152.766663 97.451202 
152.914551 115.245392 
154.550842 133.264404 
157.861786 150.364166 
163.613220 166.619202 
172.563782 181.102234 
184.768417 193.455261 
198.374542 202.731750 
214.287247 205.831482 
230.189774 204.116730 
245.509872 196.614944 
258.631470 186.103516 
269.143036 171.813797 
276.447021 155.995407 
281.519653 139.807083 
285.076935 122.959526 
287.540894 105.565460 
167.203613 87.377571 
176.237427 82.464569 
186.938049 82.845428 
197.811508 85.627266 
207.993103 89.864647 
233.517059 91.126442 
244.274872 88.644638 
254.956650 87.165619 
265.531586 88.561981 
273.489746 94.160866 
218.446930 105.490387 
216.960693 117.855331 
215.437027 130.241730 
213.994232 142.547348 
201.917557 144.507263 
207.907440 148.302322 
214.910904 150.817932 
222.600235 148.853363 
229.557190 146.316162 
179.512238 103.906158 
186.452042 102.190399 
193.815720 102.579803 
200.649918 105.494072 
193.620438 107.669220 
185.990402 107.521332 
238.038406 107.962929 
245.162491 106.479279 
252.307297 107.314552 
258.239288 109.533180 
252.128250 111.919701 
244.946991 111.307999 
194.705750 162.828110 
203.786774 160.792618 
210.813736 160.331848 
215.639816 162.325882 
221.639404 161.515533 
229.296906 163.545334 
237.477081 167.409836 
228.639999 172.183151 
220.631409 173.785110 
214.519363 173.262100 
208.968903 172.165161 
202.382080 169.490601 
199.044617 163.287903 
210.309128 164.227478 
215.424072 165.662125 
221.279037 165.411407 
232.975800 166.947845 
220.887329 166.603790 
214.925842 166.205170 
209.741776 164.908432 
