68 2
150.894348 124.650604 
151.284988 139.436203 
152.843567 153.671143 
153.840668 168.615280 
156.556396 182.675293 
163.472488 194.661148 
173.928665 204.344971 
187.048157 212.707458 
202.966080 215.133209 
218.121078 213.172745 
231.400085 205.961105 
241.951767 195.950592 
249.115860 183.838181 
252.878494 169.181763 
254.794785 154.587906 
257.256622 139.996353 
258.868042 125.679947 
155.811462 114.424004 
161.518478 104.177925 
172.814972 99.334480 
185.233154 100.042740 
196.789444 103.837143 
211.533966 104.658936 
223.616486 101.034378 
236.327637 100.609528 
248.150360 105.773399 
254.412491 116.035225 
204.592743 116.719940 
204.174850 125.305038 
203.707001 133.785950 
203.193954 142.897537 
192.297150 151.471115 
197.640411 153.484467 
203.051132 155.129959 
209.074036 153.774719 
214.552078 152.288376 
168.973984 119.757973 
175.282593 114.737274 
183.640030 114.807114 
190.144470 121.098495 
183.252747 123.194855 
175.082565 123.190567 
219.132187 121.712700 
226.431442 115.610107 
234.550674 115.924423 
240.610947 121.108086 
235.045685 124.251312 
227.049835 123.931969 
181.901672 176.857178 
190.238800 172.448471 
197.546127 169.545563 
202.242126 171.262878 
207.604599 169.993698 
215.518875 173.644791 
224.806702 178.547882 
215.791245 182.724686 
208.202713 183.136795 
202.384216 183.352219 
197.004440 182.883408 
189.777008 181.424347 
185.268021 177.205780 
197.354004 175.389053 
202.403778 175.849747 
208.005371 175.712982 
221.172958 178.597168 
208.039734 176.225800 
202.313828 176.519608 
197.256912 175.952087 
