68 2
162.014923 85.801964 
163.285629 96.906715 
165.481903 107.845978 
168.763702 118.388153 
173.157761 128.343399 
179.179184 137.379150 
187.356644 144.892487 
197.139206 150.171692 
208.225128 151.229172 
219.254486 148.920303 
228.366379 142.767441 
235.822510 135.079407 
241.161057 125.818687 
244.408585 115.900810 
246.337082 105.078163 
247.651855 93.884193 
248.198349 82.720375 
168.209885 70.287643 
173.792877 66.137024 
180.930527 65.463600 
187.897369 66.784607 
194.071960 69.408760 
213.554199 68.218285 
220.473694 66.030388 
227.275848 64.880310 
234.019562 65.836517 
239.010315 69.630226 
204.692352 78.280807 
204.963196 84.349068 
205.289047 90.435501 
205.631180 96.631248 
197.783310 103.901123 
201.689758 104.748558 
205.755264 105.344040 
209.832108 104.537567 
213.642685 103.569344 
176.991043 80.115631 
181.388733 76.899139 
187.274246 76.822685 
192.404297 80.208145 
187.193253 82.012909 
181.455841 82.403229 
216.478592 79.725739 
221.270370 76.346565 
226.739639 76.610542 
231.185059 79.418243 
227.169617 81.599937 
221.612976 81.502731 
191.356277 121.691978 
196.222641 116.650177 
200.940735 113.803711 
205.430359 114.678627 
210.375763 113.686554 
216.154953 116.641846 
221.543488 120.677460 
216.441833 124.932289 
211.001038 126.931557 
205.904953 127.708405 
201.084778 127.241875 
196.314270 125.458389 
193.955048 121.407211 
200.874847 118.006577 
205.581329 117.780342 
210.839905 117.751129 
219.060486 120.704750 
210.978226 120.774986 
205.738220 121.765976 
201.061478 121.283676 
