68 2
139.144485 67.081818 
140.789307 85.271828 
144.401154 102.858467 
148.035080 120.503311 
153.800446 137.414734 
163.133972 152.469666 
175.885895 164.773621 
190.794250 174.011047 
207.328094 176.520432 
223.517395 172.366592 
238.338303 162.862930 
250.603439 150.110687 
259.038513 134.740906 
263.865997 117.713287 
266.745605 100.306358 
269.244568 82.939018 
270.748810 65.185432 
148.384811 56.411633 
157.319366 48.705055 
169.463089 47.075756 
181.573120 49.856133 
192.766663 54.308853 
212.266357 53.042271 
224.815506 48.768456 
237.089539 46.277348 
249.414032 47.718266 
258.972198 53.497421 
203.280380 68.835312 
203.008560 79.750420 
202.723145 90.612572 
202.368698 101.843811 
190.080383 110.584381 
196.542175 112.807404 
203.195358 114.485489 
209.751648 112.519531 
215.914444 110.621964 
163.498337 69.232140 
171.310120 65.028099 
180.710083 65.688530 
187.967346 72.319084 
179.940155 74.031662 
170.537872 73.409576 
220.115051 72.141266 
228.119461 64.965515 
237.225479 64.656807 
244.772141 69.090553 
238.293274 73.165924 
229.173126 73.642632 
179.342926 132.765701 
188.799637 128.695633 
198.502502 126.134766 
204.137482 127.733940 
210.047791 126.412178 
220.016220 128.851990 
230.816818 132.381165 
220.997818 143.922424 
211.597275 149.166122 
204.689423 150.511124 
197.817322 149.659119 
187.915741 144.274017 
182.284790 133.668808 
198.079407 132.329803 
204.359695 132.486252 
210.661072 132.088684 
227.441330 133.392227 
210.819031 140.293594 
204.201035 141.290009 
197.698029 140.597183 
