68 2
116.332100 135.159027 
117.865440 154.341415 
121.157631 173.551651 
125.679047 192.042542 
132.614685 209.471817 
142.554703 225.160278 
155.224625 238.064209 
170.378036 247.729797 
187.902573 249.959930 
204.285217 246.368546 
218.145126 236.555771 
229.379318 223.022491 
237.217010 208.019958 
242.424667 192.333237 
246.612335 175.261429 
249.966965 158.075745 
251.993820 139.775223 
124.611412 128.620392 
135.681259 120.683441 
149.414856 120.565620 
163.017395 124.150185 
175.332764 130.758316 
201.454178 130.828400 
214.482529 125.671509 
227.806534 123.393066 
240.790146 125.168419 
248.229797 134.110764 
190.036270 143.982727 
189.851303 154.025162 
189.664795 164.233826 
189.645950 174.734024 
175.030334 183.786636 
181.726181 185.586685 
188.652802 187.092453 
194.879089 186.090775 
200.719238 184.787811 
142.161194 142.173019 
150.598022 139.267334 
159.906555 139.764755 
168.284775 144.663925 
159.433762 145.982498 
150.003967 145.884491 
207.584000 146.292618 
217.132233 141.915466 
225.914566 142.324707 
232.931747 145.572968 
226.178314 148.835403 
217.250763 148.460159 
160.396271 207.752014 
171.131348 203.894913 
180.972412 202.018616 
186.465820 203.959122 
193.017746 202.218475 
201.517456 205.184311 
209.512634 209.272171 
201.766907 216.312927 
193.658386 219.344177 
186.528366 220.268692 
180.099472 219.851166 
170.558640 216.675568 
163.946518 208.180145 
180.666199 206.719315 
186.523254 207.661209 
193.490295 206.492218 
206.068787 209.542191 
193.843521 210.735153 
186.829803 211.762680 
180.636383 211.164642 
