68 2
117.906769 97.653290 
120.705093 121.457695 
125.821129 144.654633 
131.866150 167.074600 
140.883133 187.939499 
152.426086 207.280411 
169.021042 222.344162 
186.540695 232.840607 
208.136017 234.662430 
228.615265 230.534424 
245.344864 217.229034 
260.582306 200.517349 
271.517548 181.503357 
278.815552 160.634384 
282.562439 139.696350 
285.478241 118.660126 
287.169434 97.403442 
125.480766 76.405754 
135.224411 61.220932 
153.376160 55.907108 
172.530930 59.394390 
190.318970 66.311607 
217.506332 67.471947 
235.079025 60.127842 
252.579865 56.085587 
269.942383 59.886307 
279.726868 73.568596 
203.800430 81.076721 
203.602493 94.907547 
203.645309 108.624466 
203.757751 123.400230 
185.128601 138.830856 
194.168777 141.730896 
203.890198 144.285553 
213.671860 141.579666 
222.196350 138.429550 
144.231506 89.903122 
153.570480 83.828598 
166.286758 83.086105 
177.981308 88.732666 
166.604309 92.141594 
154.082535 93.644279 
228.975800 87.866493 
240.344482 81.568565 
252.879013 82.598785 
261.942017 88.236557 
253.326599 91.734886 
240.845642 91.069191 
170.996796 177.687469 
183.769058 168.094315 
194.944046 164.151764 
203.485214 167.683685 
213.361450 165.115082 
226.443787 169.768997 
238.497375 176.636261 
226.523987 188.012772 
213.736389 193.540573 
202.719772 194.383438 
193.351257 192.895096 
182.630692 187.533295 
176.639404 176.924927 
194.939682 171.890472 
203.424301 173.750320 
213.736359 172.392014 
232.789230 177.135666 
213.932495 179.763977 
203.209091 181.124496 
194.565765 179.086731 
