68 2
130.314148 107.307060 
131.494675 125.375214 
133.909683 142.287918 
135.924118 159.591049 
140.467743 176.351547 
148.652130 191.379532 
160.018448 204.633118 
173.985046 215.925674 
191.538193 219.155136 
207.632690 215.563339 
221.131775 204.812393 
231.812668 191.613815 
239.755692 176.867905 
244.799881 160.099823 
247.808105 143.242462 
250.625793 125.644775 
252.159012 107.978706 
136.067093 98.670219 
143.149765 87.136200 
156.547012 83.046608 
170.657150 84.742111 
183.334335 90.192627 
199.772659 90.438896 
213.184692 86.146141 
226.639954 84.935211 
239.719269 89.151802 
247.087860 100.275726 
192.490784 104.544838 
192.281464 114.962372 
191.965515 125.197540 
191.513702 136.149521 
178.000732 145.467407 
184.446762 147.842148 
191.122009 149.473755 
197.707062 147.971054 
203.956482 146.205505 
151.456406 105.992256 
158.824265 100.518356 
168.400375 101.428474 
175.636032 108.899933 
167.601410 111.148079 
158.024231 110.811569 
208.539078 109.350548 
216.521362 101.923622 
225.995529 102.051781 
232.953613 107.708870 
226.600632 111.934433 
217.319885 111.894516 
166.991058 175.319473 
174.657593 168.907608 
183.747620 165.544098 
189.781677 167.264160 
196.310028 165.775879 
205.338867 170.142853 
213.259613 177.176865 
206.330719 187.813477 
197.867325 192.624466 
190.302063 193.692352 
182.869080 192.601532 
173.685196 187.243546 
170.780487 175.617462 
183.490860 171.406433 
190.179138 171.948990 
196.750916 171.694687 
209.696960 177.178650 
197.299179 182.916183 
190.189835 184.535172 
183.056717 182.666275 
