68 2
172.454041 120.298248 
174.042130 134.039612 
176.896835 147.095062 
180.196838 159.819260 
185.237366 171.532532 
192.293060 182.485443 
201.751404 192.090454 
211.749969 199.878906 
223.336349 201.554718 
234.322830 198.690430 
243.333176 190.613373 
251.327042 181.352081 
257.622650 170.694153 
261.529236 159.081467 
263.618164 146.891357 
266.164703 134.234207 
268.143188 121.139404 
179.224533 118.570313 
185.614288 113.069382 
194.348984 112.376251 
202.875549 114.525482 
210.929504 117.888374 
229.406311 117.014893 
237.969070 114.074081 
246.656662 112.792419 
254.999344 114.411484 
260.753845 119.701347 
221.020752 125.354408 
221.349091 134.025070 
221.684616 142.683548 
222.082474 151.709579 
212.175323 154.614517 
216.713074 156.372421 
221.477539 157.900772 
226.307266 156.207748 
230.722519 154.411194 
189.286972 125.771400 
194.368103 122.870033 
201.231079 123.074188 
206.719406 126.909149 
200.923981 128.299500 
194.167908 128.497421 
233.792419 126.682968 
239.695618 122.955727 
246.026505 123.048653 
250.941055 125.651451 
246.487335 128.391129 
240.115234 128.263184 
205.186798 171.363083 
210.529358 167.917511 
216.363953 166.471008 
220.752686 167.687256 
225.853455 166.322998 
231.743591 167.947861 
237.255264 171.181458 
232.038391 176.918762 
226.397125 179.823685 
221.229691 180.565887 
216.421661 180.293640 
210.686005 177.727966 
208.352646 171.108398 
216.558228 170.146759 
220.929260 170.916931 
226.029556 169.852859 
233.810272 171.177673 
226.101501 172.737000 
221.001770 173.787704 
216.565979 173.180710 
