68 2
130.881302 108.447067 
132.146301 126.526993 
135.033386 144.310364 
139.110428 161.163406 
145.420822 177.483017 
154.893021 191.588593 
166.989166 202.787643 
181.265640 211.240616 
197.762772 213.630508 
213.145767 210.294403 
226.187225 201.064514 
237.165695 188.466125 
245.257843 174.155792 
250.439728 158.652176 
253.843048 142.745590 
256.368622 126.361420 
257.511353 109.471413 
138.565674 96.164917 
146.852127 88.060760 
158.787399 86.492035 
171.070587 88.565460 
182.088699 93.309319 
210.597610 93.179901 
222.293884 89.223709 
233.912766 87.864639 
245.092606 90.228363 
252.062714 97.818947 
197.601807 107.635101 
197.434586 115.838654 
197.297668 124.035957 
197.252029 132.642929 
184.614685 144.092148 
190.631592 145.452652 
196.587509 146.506348 
202.417099 145.937195 
208.139755 145.001221 
153.318192 108.635101 
160.786026 104.483025 
169.742538 105.048653 
178.034744 110.171577 
169.685516 111.692421 
160.577942 111.824203 
214.861557 110.659813 
223.669952 105.734978 
232.117126 105.992279 
238.680557 110.022278 
232.319366 112.884308 
223.592682 112.537338 
171.670227 170.333847 
181.008545 164.141541 
190.286682 161.001770 
195.887909 162.973083 
202.252899 161.325867 
210.869492 165.099762 
219.122467 170.944305 
211.333633 177.737488 
203.316528 180.560333 
196.331024 181.481506 
189.995193 180.972992 
180.828796 177.890396 
175.385040 170.222458 
189.995117 166.621750 
195.850616 167.156433 
202.804626 166.534836 
215.688599 171.075775 
203.390106 171.809601 
196.461945 172.864517 
190.316940 172.324982 
