68 2
117.424911 42.159988 
118.690811 63.432896 
121.740814 84.629463 
125.308174 105.074051 
130.530563 125.164780 
138.500381 144.472931 
149.297775 162.217331 
161.943253 175.958176 
179.427719 179.345322 
197.557159 176.827179 
213.212723 164.940155 
228.250305 150.685822 
241.196075 134.175064 
250.855286 115.898209 
256.998901 96.834045 
261.376282 75.873871 
264.926788 54.356369 
123.315674 42.764603 
134.187714 35.218658 
149.132675 37.347664 
163.179337 42.589081 
177.546600 48.375343 
197.300171 49.388077 
212.320129 44.865238 
226.826645 40.234287 
242.359024 38.930477 
253.629044 46.435387 
185.312958 57.795307 
184.049255 72.576706 
182.745148 87.604774 
181.406296 102.744179 
165.698517 105.643890 
172.747650 109.710434 
181.019928 112.904877 
190.694138 110.567490 
199.448807 107.833069 
137.582336 55.868000 
145.849045 52.736023 
155.960617 53.378990 
163.953827 58.525478 
154.971863 60.035908 
145.263245 59.905071 
209.138489 60.409466 
218.274277 55.698093 
228.439377 56.185493 
236.244980 59.409554 
228.891953 62.876221 
219.117981 62.520638 
156.677185 134.332413 
164.787445 130.950302 
173.641861 129.395721 
179.930740 132.199402 
187.834351 130.762558 
197.546158 133.534760 
206.996231 137.431061 
197.347473 147.497955 
187.201843 151.865479 
178.771851 152.103439 
171.411072 150.392990 
163.333420 144.718842 
161.452576 134.696472 
173.350357 133.852402 
179.834259 136.047424 
187.788330 135.090927 
202.533417 137.943909 
187.496475 140.560837 
179.280365 141.153427 
172.476868 139.269455 
