68 2
118.301254 48.853901 
119.075684 67.194069 
121.519493 85.538506 
124.775742 103.634583 
129.620422 121.804024 
137.167725 138.909210 
146.603699 154.247818 
158.566650 166.820633 
175.976471 170.919357 
194.372269 169.292236 
211.087204 159.284424 
226.452499 147.094482 
239.399551 132.101273 
248.902908 114.837196 
254.304016 95.828217 
258.167847 75.779930 
261.063019 55.115620 
119.759491 35.483959 
127.424774 25.822544 
141.121277 25.486712 
154.291168 30.374790 
166.744156 36.856609 
191.498154 38.295937 
206.059555 33.021904 
220.534500 29.246508 
235.681641 30.380331 
247.063339 39.431973 
177.685181 49.562031 
175.856750 61.810818 
174.050934 74.305794 
172.358826 87.264755 
160.432800 95.569168 
166.795105 98.596489 
173.740494 100.970207 
182.369904 99.137436 
190.578171 97.559357 
132.455551 50.084187 
140.088882 45.193035 
150.741669 45.671898 
159.408310 52.436417 
150.016632 55.283188 
139.538513 55.310291 
201.713074 54.107342 
211.519836 47.983494 
222.241089 48.684437 
230.271652 54.018013 
222.657242 58.137329 
212.009293 57.477085 
150.926529 124.658363 
160.361786 121.648232 
168.477310 119.530952 
174.390930 121.990097 
181.904709 120.661339 
192.507080 123.643326 
204.206009 126.944473 
192.736618 135.934753 
181.808151 138.790924 
173.667664 138.335876 
167.157562 137.048843 
159.466187 133.553925 
155.762085 124.931084 
168.312805 125.550377 
174.229370 127.189575 
181.755035 126.501312 
199.560959 127.134003 
181.726791 127.450874 
174.162537 127.402138 
168.353149 125.997597 
