68 2
173.317764 119.464020 
174.993530 133.166428 
177.821854 146.339050 
181.197632 159.283829 
186.376190 171.298523 
193.483582 182.345673 
202.950623 191.676697 
212.854431 199.453186 
224.446533 201.227386 
235.323456 198.298660 
244.286896 190.366806 
252.040710 181.057693 
258.081329 170.070557 
261.890289 158.521072 
264.107635 146.649460 
266.605957 133.793640 
268.456207 120.645493 
179.878479 117.030914 
186.756683 111.458557 
195.733948 110.677536 
204.509872 113.121979 
212.829941 116.646133 
230.415527 115.973808 
238.753723 112.816963 
247.434250 111.221329 
255.794434 112.627106 
261.653961 117.836029 
222.391953 124.348671 
222.587219 132.907501 
222.747559 141.380585 
222.980286 150.242569 
213.242249 153.227020 
217.839828 155.000946 
222.658524 156.563202 
227.391327 154.969421 
231.677216 153.138123 
190.258087 124.534653 
195.365295 121.614067 
202.168625 121.833771 
207.718185 125.711876 
201.945358 127.169502 
195.262268 127.337555 
234.999344 125.758263 
240.828476 121.887978 
247.034348 121.928505 
251.814941 124.650421 
247.580597 127.333282 
241.346405 127.283760 
205.605042 169.930405 
211.131943 166.361328 
216.932022 165.020493 
221.526428 166.417145 
226.861252 165.046509 
232.948517 166.867569 
238.505798 170.109802 
233.291092 176.062866 
227.382355 179.009933 
221.827133 179.800369 
216.634598 179.199875 
210.853607 176.216125 
208.533386 169.807404 
216.938477 168.252258 
221.671097 168.958542 
227.205139 168.122955 
235.207901 170.248856 
227.180664 172.467316 
221.613098 173.721176 
216.796341 172.775009 
