68 2
80.113800 104.082970 
80.649796 117.384834 
82.331207 130.683350 
84.888916 143.968613 
89.877708 156.653259 
96.627167 167.987579 
105.867775 177.229462 
116.666382 183.971893 
129.893860 185.072571 
142.743790 182.190521 
153.161530 174.318130 
161.137970 164.104218 
166.987411 151.889038 
171.131027 139.067123 
173.598312 126.458580 
174.739075 113.705582 
175.263550 100.824760 
84.643539 90.485382 
90.124794 82.959908 
99.329597 80.352974 
108.884163 81.108810 
117.753105 83.880829 
133.385239 84.526924 
142.291748 80.536163 
151.946625 78.616440 
161.375610 80.431274 
167.253876 87.358223 
126.178741 94.327950 
126.182281 103.725006 
126.452934 113.147057 
126.546356 122.694122 
115.877144 127.602226 
121.067436 130.325089 
126.807182 132.053467 
132.851974 129.915298 
137.924530 127.077759 
95.799591 96.677643 
100.773285 92.726402 
107.422836 92.624123 
112.852631 96.838799 
107.227150 99.007072 
100.698410 99.387085 
139.019226 96.461212 
145.459091 92.018280 
152.088852 92.023895 
156.972137 95.546997 
152.504211 98.439644 
145.968521 98.423470 
108.529793 149.781952 
116.660332 146.939362 
123.712906 145.185608 
127.998497 146.113297 
132.757584 144.873260 
139.458282 145.716171 
146.450485 147.644485 
139.587448 149.925125 
133.002747 150.911880 
127.902222 151.216492 
123.174492 151.058411 
116.527847 150.810852 
111.876198 149.224319 
123.467438 147.735825 
128.025635 148.183167 
132.749756 147.313629 
142.964462 147.201843 
132.895401 146.371002 
127.918213 147.034286 
123.270966 146.918381 
