68 2
97.308418 104.983978 
99.169281 129.890686 
103.468674 154.180466 
109.213860 178.129715 
117.577797 200.123154 
128.346573 219.749939 
144.334152 235.260559 
162.800476 246.606613 
184.853745 249.586456 
206.534744 246.839081 
224.282944 234.914520 
239.858231 218.581039 
251.614914 199.623535 
260.519257 179.529709 
267.096649 158.846497 
271.543793 136.422562 
273.953613 112.860947 
106.200409 83.077446 
115.708633 67.999474 
133.649872 63.724678 
152.003555 67.533226 
169.693039 74.281021 
203.525070 76.113579 
221.069855 70.578896 
238.334579 67.374977 
255.289551 71.115227 
264.669983 84.809937 
185.936432 93.437065 
185.627914 107.914650 
185.204285 122.230141 
184.799515 137.202484 
165.445709 151.268158 
174.120773 155.320023 
183.526657 158.522629 
193.857391 155.816193 
202.863251 152.193283 
123.949791 99.188995 
133.680435 92.368858 
146.480896 92.003479 
157.704407 99.074242 
146.592148 102.782013 
133.857956 103.943230 
212.261490 99.970322 
224.453781 93.567940 
236.913681 94.812378 
245.863449 101.249001 
236.625381 104.911469 
224.384537 103.839684 
150.470001 192.346497 
164.147873 185.829102 
175.190399 182.522141 
183.307312 185.939133 
192.818451 183.343796 
204.277908 187.174789 
214.862167 192.674957 
203.983459 201.133316 
192.958221 204.543839 
182.765747 205.313293 
173.852707 204.314362 
163.236374 201.464096 
155.660400 192.523560 
174.463654 191.259842 
183.258911 192.402893 
193.442841 191.231201 
209.892532 193.226944 
193.545441 191.781525 
183.253464 193.020447 
174.547577 191.567337 
