70 2
107.215691 94.032051 
108.394142 114.386269 
111.535316 134.261719 
116.361412 152.897141 
125.394073 169.408630 
139.438766 182.676697 
158.133102 191.763550 
176.892227 198.203629 
196.163956 197.701904 
212.016602 192.699890 
223.200333 181.207062 
231.971680 168.916931 
237.341095 154.945618 
240.105957 139.210785 
242.025253 124.363945 
242.805206 109.102974 
242.118164 94.436348 
127.485489 78.329720 
136.544464 66.535049 
150.713821 60.933640 
166.161758 61.322002 
180.200058 66.127151 
207.550964 65.530502 
218.439316 61.708042 
229.652039 61.929764 
239.415710 66.703056 
243.326416 76.685173 
195.380127 82.421700 
196.797012 93.745026 
198.309601 104.961945 
199.843872 116.527939 
180.988022 125.303131 
189.089081 127.395302 
197.101913 129.350952 
203.572510 127.628174 
208.839630 125.342529 
144.967102 88.518707 
152.755844 83.680756 
161.438614 83.591187 
169.169968 88.226166 
161.357758 90.900925 
152.502472 91.235527 
208.421494 87.844238 
215.691101 82.689575 
223.998871 83.136398 
230.099915 87.266991 
224.337158 89.947586 
216.282349 90.025719 
169.169739 155.111450 
180.420334 149.170044 
190.055710 146.353821 
196.248520 148.393616 
202.765686 146.468872 
210.128860 149.366272 
216.284622 154.493591 
210.169952 159.283508 
203.218109 161.015335 
196.345139 161.616104 
189.510391 161.268692 
180.104065 159.486359 
173.430801 154.349930 
190.003006 151.798019 
196.329910 152.689148 
202.683624 151.484329 
212.406311 154.164169 
202.812439 152.863358 
196.206299 153.700607 
189.899857 153.337128 
152.666672 85.500000 
219.500000 85.833336 
