68 2
155.153671 89.882401 
156.706711 103.284592 
159.376770 116.138985 
163.124542 128.483063 
168.217209 140.249069 
175.428146 151.166718 
185.101624 160.505585 
196.160187 167.730042 
209.576187 169.539597 
222.795303 166.847443 
233.696808 158.928528 
242.582306 149.224686 
249.090302 138.068802 
252.782791 125.713921 
255.051941 112.435287 
256.689575 99.178688 
257.269135 85.697105 
163.327698 74.796478 
169.852997 68.759857 
179.178162 67.101166 
188.805069 68.391319 
197.155701 72.293518 
215.403366 71.187347 
223.903229 67.893333 
232.731064 66.719696 
241.641220 68.208954 
248.192322 73.434860 
206.836777 81.642021 
207.078674 88.731903 
207.480209 95.839714 
207.843643 103.177765 
198.032211 111.434868 
202.708023 112.680435 
207.597321 113.507744 
212.595657 112.647163 
217.017258 111.337341 
173.728088 84.297119 
178.979523 80.353439 
186.044998 80.168785 
192.061035 84.252121 
186.030060 86.429115 
179.122131 86.856087 
220.277069 83.860588 
225.861710 79.640610 
232.413269 79.931854 
237.581970 83.456558 
232.975037 86.076019 
226.426819 85.973763 
191.675629 134.584290 
196.670944 127.476601 
202.008560 123.456001 
207.116653 124.557823 
212.775574 123.613472 
219.556229 128.099838 
225.141815 134.458527 
219.673523 140.423737 
213.427917 142.904800 
207.524933 143.506775 
201.977081 142.847916 
196.792374 140.036118 
195.392029 134.139893 
202.353943 129.437775 
207.405106 129.353653 
213.112167 129.626038 
221.920593 134.079407 
213.052277 134.763489 
207.359940 135.587402 
202.345062 134.966476 
