68 2
96.090675 59.449986 
94.933472 85.035736 
96.314484 110.554466 
99.726059 136.599747 
105.945206 161.334000 
118.238373 183.872986 
138.845947 201.616470 
164.140060 212.734207 
193.439667 215.863693 
224.250793 212.346893 
249.926270 202.630417 
269.628784 186.472809 
282.919678 164.705475 
290.940704 140.043152 
295.088715 115.946381 
297.798035 90.693970 
298.948334 66.789276 
115.605415 19.756680 
127.945473 5.084707 
145.961609 -0.834440 
165.414764 1.174928 
182.384872 10.309855 
219.618332 9.105938 
237.542206 2.002202 
256.837494 2.186179 
274.341919 10.816536 
284.540344 26.278202 
201.000641 36.095390 
200.119354 48.464375 
199.123703 60.784615 
198.345764 73.893028 
177.339294 97.127838 
186.982147 100.547668 
196.983932 103.271263 
207.617752 101.857964 
217.508926 99.834740 
135.973938 48.006908 
147.714417 41.689224 
160.954529 41.668152 
174.530701 48.309952 
161.066833 50.843754 
147.932404 51.085613 
224.545715 49.843208 
238.720383 44.422867 
251.775803 45.469997 
262.888977 52.457985 
251.654968 54.304722 
238.575684 53.181595 
150.887161 141.482361 
168.970398 129.074890 
184.993439 122.723404 
195.599762 124.794716 
206.583694 123.003937 
223.516861 131.074753 
239.321533 142.651413 
222.394226 156.114502 
205.655334 161.749847 
193.813873 163.007111 
182.092346 161.726456 
166.537033 155.105484 
156.689636 141.577408 
184.306625 133.038116 
194.943237 133.047867 
206.673096 133.212448 
233.470215 142.921158 
206.027328 147.863403 
193.904114 149.321869 
182.887329 148.966599 
