68 2
124.158554 40.630478 
124.746620 60.168720 
127.149323 79.179565 
130.853058 97.591194 
136.612274 114.959702 
145.679520 131.400955 
157.603455 145.537048 
170.747925 156.011642 
188.584534 159.128418 
206.933777 156.660721 
223.357132 147.336777 
237.143234 134.760162 
248.079315 120.170570 
255.369202 103.263901 
259.444824 85.170097 
262.668274 66.442314 
265.159973 47.548687 
131.998703 17.381386 
140.371735 6.810448 
153.671158 3.535277 
167.670593 5.980595 
180.351990 11.691269 
207.499939 12.126439 
221.055695 7.889033 
235.049347 7.112372 
248.127762 12.419227 
256.433136 23.106432 
192.605850 28.658190 
191.897888 39.858948 
190.966248 50.951839 
189.970322 62.523960 
175.213837 73.777252 
182.210251 76.135712 
189.566559 78.437263 
197.677139 77.166595 
205.431046 76.088867 
145.733627 34.032166 
153.247864 29.167080 
163.342987 29.356041 
172.339600 34.689556 
163.110840 37.002037 
153.263885 37.373459 
215.009033 36.821114 
223.984924 32.076466 
233.852081 33.411251 
241.501923 38.956467 
233.984726 41.176872 
224.104858 40.023315 
161.527176 103.935608 
170.812103 97.644371 
180.608475 94.275230 
188.126099 96.954834 
197.104004 96.054367 
208.629288 100.847824 
219.865799 106.776375 
209.267899 119.158325 
197.454254 124.726143 
187.694641 125.148193 
178.807343 123.036934 
169.258331 115.968262 
165.881516 104.757149 
179.853622 101.125450 
188.098175 102.583511 
197.436829 103.012451 
215.763351 107.363014 
197.961426 113.261017 
188.317276 113.800209 
179.924911 111.390114 
