68 2
140.970169 114.760284 
142.475891 126.482460 
144.728821 137.835999 
147.241898 149.064804 
151.010147 159.610901 
157.656815 169.017151 
166.156067 177.146057 
175.650818 183.872421 
186.927002 186.169876 
197.802246 183.756485 
207.209717 176.901825 
215.005463 168.635773 
220.961212 159.039368 
224.157104 148.479553 
226.214127 137.599335 
227.641495 126.446533 
228.609314 114.753815 
147.280762 107.617378 
154.307114 103.358887 
162.723572 102.856010 
171.028976 104.951996 
178.702393 108.394684 
194.375595 108.739349 
201.675079 105.639153 
209.323349 103.932335 
216.849274 105.268616 
222.112213 109.571625 
187.963104 117.609238 
188.169785 125.153183 
188.340881 132.624161 
188.456924 140.113937 
179.320786 144.227371 
183.373154 145.369568 
187.548019 146.431915 
191.446854 146.116943 
195.098770 145.555740 
158.449829 115.312225 
163.487274 112.812187 
169.644363 113.548912 
174.345642 117.993980 
169.223251 119.033867 
162.939011 118.707573 
198.398026 119.468910 
202.462357 115.177841 
208.387772 115.248238 
213.036514 118.309151 
209.105057 120.755211 
203.507904 120.935600 
171.682770 158.311905 
176.816101 155.388321 
182.143005 154.050964 
186.223053 155.480438 
190.500244 154.636475 
195.968750 156.919678 
200.655304 159.500427 
195.905975 165.276230 
190.806000 167.531189 
186.261353 168.168915 
181.638840 167.197937 
176.473450 164.138931 
174.243515 158.416275 
182.014771 158.438156 
186.168396 159.119339 
190.481873 159.042908 
198.066391 159.680847 
190.683075 161.108459 
186.201233 161.703461 
181.897018 160.773819 
