68 2
89.168549 103.472351 
89.508858 121.560089 
91.109428 138.898636 
93.497101 156.224792 
97.698822 173.087753 
105.270393 188.422516 
117.427505 201.528748 
133.007538 210.977478 
150.840195 213.706146 
168.944336 211.107758 
184.857773 202.877151 
198.416534 190.799286 
207.655945 176.112457 
212.594696 159.638474 
215.456238 142.759537 
218.373260 126.194298 
220.441757 109.007645 
99.605171 91.362427 
108.705460 83.968102 
120.753944 82.199524 
132.821167 85.097557 
143.525665 90.083862 
166.889801 89.800148 
178.837585 86.240288 
190.547546 84.875381 
201.680252 87.016640 
209.546844 93.776649 
155.373871 106.096138 
154.669128 118.171478 
153.915848 130.188477 
153.109711 142.479294 
140.152588 147.980896 
146.066406 151.319916 
152.516769 154.008408 
159.377945 151.772400 
165.553162 148.978943 
114.604767 106.939667 
122.508110 103.183273 
131.705215 103.699821 
138.780624 109.722565 
130.745789 111.599167 
121.579262 110.934601 
171.569031 110.835327 
179.618713 105.444130 
188.511459 105.667046 
195.320374 110.181473 
188.904236 113.426079 
180.322937 113.144135 
126.591705 170.773941 
137.560608 167.461365 
146.300323 166.218857 
151.455917 168.162811 
157.796448 166.575958 
166.888855 168.622314 
177.545074 171.886368 
167.148010 179.136536 
158.251816 182.439514 
151.326706 183.277481 
145.040802 182.489441 
136.510818 179.057510 
130.894333 171.539169 
145.748215 172.755371 
151.475830 173.596542 
157.977829 172.842651 
173.182068 172.625885 
158.022919 173.300720 
151.389908 173.939941 
145.571060 173.259125 
