68 2
159.994812 94.803970 
161.615997 108.304596 
165.287170 121.680389 
169.637741 134.393661 
174.706726 146.392563 
182.141373 157.011536 
191.454590 166.230927 
202.520264 172.510818 
213.921631 173.256531 
224.025635 169.736771 
232.760178 161.545761 
240.229919 151.849197 
246.166779 140.594666 
249.943787 128.513611 
252.552078 116.843277 
254.391953 104.357079 
254.971268 91.402878 
169.900208 83.980453 
177.085800 78.367416 
186.330017 76.804184 
196.065994 78.228424 
204.623444 82.127518 
216.488953 81.785637 
225.286209 78.052368 
234.588943 76.422409 
243.705917 78.244049 
249.540878 83.871628 
210.601334 92.255547 
210.802383 101.410942 
211.133133 110.377525 
211.504333 119.564537 
203.433441 125.940834 
207.384842 127.155113 
211.669952 128.073730 
215.487747 127.007477 
218.954849 125.560333 
179.282654 93.436989 
184.891968 89.675499 
192.162415 89.816299 
197.718277 94.807831 
191.690369 96.628761 
184.653214 96.680977 
222.783463 93.889198 
228.150848 88.822456 
234.831055 88.627846 
239.980087 92.157364 
235.667236 95.236168 
229.154968 95.533340 
198.817825 146.479935 
203.800186 141.186661 
208.892715 137.403564 
212.104416 138.442749 
215.235672 137.410538 
219.823563 141.188644 
224.414291 145.324554 
220.004044 150.721252 
215.891479 153.953918 
212.377914 154.932724 
208.634827 154.322037 
203.862000 151.364838 
202.416885 146.038956 
209.106140 142.864166 
212.222366 143.001877 
215.283539 142.884323 
221.128723 145.210861 
215.108093 145.380035 
211.975479 146.399963 
208.831345 145.610535 
