68 2
147.178436 104.950356 
148.106720 116.508492 
149.879028 127.502495 
152.351440 138.501343 
156.179962 148.648315 
161.800339 158.133316 
169.649506 165.982147 
178.395233 173.141006 
189.114319 175.074615 
199.675858 173.224304 
209.233749 167.332382 
217.366501 159.556000 
223.845932 150.258728 
228.038437 139.342148 
230.354080 127.793617 
232.160538 115.784149 
233.242599 103.584244 
151.255066 94.148285 
156.127197 89.493652 
163.451813 88.245506 
170.838562 89.275391 
177.718811 91.455193 
194.406311 90.136589 
202.301331 87.830406 
210.178986 87.084686 
217.690918 88.688385 
223.254715 93.166290 
186.684128 99.586639 
186.990219 106.390717 
187.166794 113.138252 
187.238220 120.207657 
179.822830 125.990982 
183.601532 127.362823 
187.410461 128.530823 
191.743271 127.290474 
195.869247 126.081993 
159.325867 102.763153 
163.207016 99.616875 
168.838531 99.396339 
174.056946 102.214615 
169.082199 103.874313 
163.742218 104.396347 
200.127472 101.785683 
205.328735 98.759430 
210.905579 98.975037 
215.496658 101.828438 
211.225082 103.608307 
205.684296 103.296280 
172.284973 143.812347 
177.644821 139.853302 
183.316101 138.121033 
187.701004 139.161728 
192.759583 138.228195 
199.538986 140.124191 
205.356033 143.903488 
199.664169 149.455704 
192.969589 151.735779 
187.759674 152.241440 
183.151413 151.762802 
177.461151 149.680267 
175.192139 143.666687 
183.585144 141.838760 
187.878220 142.238647 
192.896805 141.821228 
202.231201 143.648849 
192.632050 146.358459 
187.600311 146.885513 
183.244019 146.240555 
