68 2
88.197159 104.741219 
88.441032 117.454048 
89.752892 130.292969 
92.015518 142.933395 
96.381470 155.081680 
103.275352 165.834427 
111.856804 174.982147 
123.075844 181.996124 
136.264771 183.049988 
149.377487 180.410690 
160.401260 172.741547 
169.339676 163.532990 
176.383972 152.587952 
180.490448 140.164383 
182.408066 127.434845 
183.731079 114.881676 
184.093735 101.735321 
93.560883 90.596901 
99.176483 83.923157 
108.104736 81.646515 
117.687744 82.813164 
126.618683 86.242165 
143.073685 86.515312 
151.736176 82.019455 
161.227142 80.114983 
170.830017 81.593666 
176.926102 88.188110 
135.422653 95.963707 
135.297379 105.070763 
135.345612 114.237762 
135.366013 123.541229 
123.487114 127.611053 
129.029541 130.215347 
135.222809 132.174881 
141.892883 129.614532 
147.810593 126.903351 
103.486908 98.741302 
109.093109 95.173851 
115.931831 95.148819 
121.940987 99.130058 
115.726036 100.719002 
109.047272 100.917587 
148.169006 98.628090 
154.910599 94.149506 
161.825714 94.286552 
167.066833 97.675674 
162.107010 100.127228 
155.374863 100.173546 
115.083183 149.817398 
122.643555 145.288391 
130.314407 142.296661 
135.250122 143.020386 
141.189621 141.860672 
149.046402 143.986359 
156.111877 147.895386 
149.503067 154.232773 
142.025406 157.931244 
135.708420 159.005875 
130.060516 158.464966 
122.454361 155.754074 
118.125595 149.928009 
130.421906 146.159805 
135.392090 145.948608 
141.395660 145.681259 
153.043030 148.392960 
141.769638 151.307648 
135.559647 152.707809 
130.445007 152.119797 
