68 2
170.098816 118.091850 
171.084824 130.577286 
172.635269 142.952377 
174.506561 155.776154 
178.336472 167.541992 
184.798996 177.965027 
192.944397 187.164047 
202.318329 195.420074 
214.517151 198.112823 
226.571732 196.023895 
237.267227 188.304993 
246.709641 180.268860 
254.635422 170.524338 
259.667084 159.294754 
262.881256 147.005249 
265.657013 135.191986 
267.991882 122.947723 
176.172821 106.454414 
181.929825 99.320038 
190.929840 96.379028 
200.652008 97.648102 
209.424210 101.437515 
228.496796 103.308823 
237.741272 100.970467 
246.822021 100.800415 
255.275528 104.592674 
260.849762 111.490715 
218.356216 113.746605 
217.868042 121.657295 
217.342697 129.301315 
216.878021 137.385391 
206.842392 144.736267 
211.339081 146.142471 
215.999207 147.548767 
220.954651 146.601944 
225.631287 145.791550 
185.298584 114.743668 
191.364960 111.392647 
198.876923 111.693527 
204.663605 116.448730 
198.262573 117.682655 
191.018204 117.625420 
231.321365 118.301666 
238.420105 114.452446 
245.553528 115.282852 
250.477844 119.269379 
245.072235 121.127510 
238.123810 120.295845 
196.782730 162.511353 
203.600479 158.585739 
211.079620 156.775452 
216.008728 158.106339 
221.498001 157.407349 
228.432098 160.488098 
234.494247 164.539398 
227.839081 173.259949 
220.504486 177.279160 
214.556961 178.283661 
209.093994 177.358261 
201.974777 172.886765 
199.663437 163.093475 
210.832764 161.275284 
215.877457 161.722092 
221.551987 161.577255 
231.426788 164.830643 
220.827454 170.294983 
214.853088 171.247238 
209.623459 170.020599 
