68 2
121.324501 49.413132 
120.845123 65.736862 
122.309448 81.872284 
124.797569 97.543144 
129.439423 112.885803 
135.975037 127.218475 
144.227737 141.054459 
155.163437 151.528290 
170.272522 154.417786 
185.613144 151.837250 
198.564758 142.401108 
209.218170 131.016174 
217.614685 117.448517 
223.915222 102.966888 
227.854675 88.304024 
230.666443 72.946175 
232.710770 56.820107 
128.228333 40.900753 
136.627274 36.492050 
146.315536 37.277348 
156.094177 40.200687 
164.944687 44.924946 
187.630661 45.365360 
197.282257 39.896549 
207.755844 37.231346 
218.120041 37.724998 
225.197189 44.179260 
175.700317 53.761566 
174.853607 66.948517 
174.053253 80.291428 
173.108627 93.583435 
160.046707 93.352577 
165.670959 97.515312 
172.361298 101.092224 
180.146347 97.978943 
186.598709 94.105988 
138.704224 52.326859 
145.626404 48.886665 
154.143173 49.220997 
159.923172 54.436489 
152.990082 56.859604 
144.806854 56.623821 
191.686401 56.086105 
199.342468 51.173317 
207.551620 51.219238 
212.965546 55.341446 
207.604675 59.121956 
199.661377 58.870632 
149.990692 115.253433 
158.621201 113.072044 
166.434998 111.587067 
171.470886 113.134453 
177.648132 111.944069 
185.307037 114.477989 
193.579391 117.076508 
185.045578 123.838013 
176.921341 127.394127 
170.308899 128.107208 
164.516449 126.784508 
157.211426 122.796600 
153.843781 116.221191 
166.016052 116.277374 
171.376038 116.958046 
177.327271 116.693642 
189.223770 117.789536 
177.186935 119.070892 
170.869308 120.060898 
165.573746 118.937660 
