68 2
123.444740 134.091614 
125.004059 148.999100 
127.976807 164.077988 
131.249680 178.538651 
136.504608 191.746811 
145.472839 202.965851 
157.710114 212.124695 
171.553833 219.440231 
186.919983 221.343979 
200.858215 219.158340 
212.936661 211.367126 
222.886780 201.176086 
230.228455 189.175598 
234.101868 175.192078 
236.862869 160.316574 
239.672180 145.720749 
240.587234 130.981567 
134.393066 115.759941 
141.245941 108.129951 
150.884216 104.117706 
161.574951 104.478699 
171.376648 107.914879 
198.091492 108.345718 
208.013046 104.271065 
218.401352 103.206284 
228.181473 106.694344 
234.631805 114.230194 
185.550476 123.888153 
185.991608 133.974304 
186.538559 143.736938 
186.959763 153.550491 
176.034485 163.473526 
181.251297 164.854309 
186.454407 165.897949 
191.646713 164.780777 
196.438766 163.552002 
144.515549 128.334915 
151.590790 122.971977 
160.944839 123.155479 
169.062576 129.052979 
160.726685 131.369247 
151.402390 131.825470 
200.596024 129.161865 
208.854111 122.727051 
217.751678 122.635284 
224.034729 127.660591 
218.174103 131.197647 
209.362823 131.188614 
161.888245 183.887970 
171.491135 178.942612 
180.012100 176.213791 
186.652832 176.824158 
193.736847 176.271912 
201.716293 179.059204 
209.266052 183.474258 
201.469315 188.144424 
193.688339 190.447632 
186.913025 191.336136 
180.087982 190.908173 
171.553024 188.708984 
166.211594 183.746399 
180.106262 182.314056 
186.731064 182.400314 
194.110291 182.403625 
205.568665 183.603088 
193.985443 182.610291 
186.781723 183.256271 
180.198547 182.966125 
