68 2
150.770264 109.060150 
151.575012 126.261368 
154.316574 144.093445 
158.491562 161.256668 
164.755142 177.156799 
173.791290 190.938583 
184.640366 201.920181 
197.999435 210.046707 
214.007339 212.026047 
229.648651 208.377747 
242.422745 199.577866 
253.096741 187.800385 
261.280273 174.053574 
266.774048 159.338806 
270.277100 143.485428 
272.916107 127.476944 
273.933716 110.966248 
158.692505 97.539032 
166.518005 89.925919 
177.910522 88.374237 
189.604462 90.457886 
200.087219 94.969772 
230.474258 94.509621 
241.250458 91.274109 
251.848145 90.581558 
261.715637 93.518768 
267.504669 100.984398 
215.269058 109.288445 
214.938934 116.665298 
214.682358 124.212997 
214.436996 132.240051 
202.234161 143.672775 
208.071350 145.270416 
213.855789 146.283936 
219.748215 145.658371 
225.338577 144.608582 
172.292191 109.887115 
179.896545 106.097885 
188.705139 106.599167 
196.676361 111.372749 
188.400467 112.702545 
179.516907 112.835342 
231.938400 112.321838 
240.609100 108.099892 
248.865891 108.651558 
254.919510 112.604439 
248.804611 115.031654 
240.298401 114.359291 
190.226028 170.008621 
198.821106 162.790833 
207.905228 159.400238 
213.364594 161.299286 
219.629211 159.780853 
227.733704 164.067490 
234.746796 170.815689 
227.633438 177.592911 
219.859955 180.481903 
212.924713 181.287140 
206.677795 180.680283 
197.908035 177.393005 
193.658081 169.783585 
207.456451 165.236633 
213.257050 165.738449 
220.082138 165.270142 
231.486984 170.780518 
220.007248 172.121521 
213.249771 173.230087 
207.177856 172.356995 
