70 2
115.813667 151.568970 
116.037025 176.477646 
118.623810 200.681259 
123.027550 224.552567 
130.933502 246.268738 
141.956711 265.606110 
157.050415 280.814270 
174.822098 288.863403 
196.281036 289.961334 
217.838470 288.850891 
236.334290 280.194397 
250.251923 266.775665 
262.311157 248.971497 
271.093719 229.899033 
277.825531 210.903595 
283.513519 190.352432 
287.541138 169.259979 
126.300591 132.113953 
137.493790 117.794525 
156.261658 116.145546 
174.553696 121.893105 
191.880539 130.404541 
220.284286 133.690414 
237.950134 128.382874 
255.097443 124.892426 
271.389954 128.597198 
279.196686 142.579025 
205.726822 147.533051 
204.587677 162.725555 
203.626892 177.735031 
202.495148 193.532074 
180.926651 202.090942 
189.535309 207.083008 
199.095474 211.573669 
209.886169 209.179916 
218.846054 205.588333 
144.589233 149.257736 
154.951431 145.724136 
165.996521 145.942215 
176.968994 150.267700 
165.740707 152.207870 
154.510330 152.562332 
227.423798 153.871597 
238.931229 150.679657 
250.101868 152.764359 
258.769897 157.056091 
249.508270 158.666077 
238.569992 157.094040 
162.586731 239.096756 
176.076996 233.799561 
188.248352 232.125458 
195.086960 236.050079 
204.272598 233.632492 
216.704041 236.898819 
228.552078 242.721222 
216.338394 252.434875 
203.637405 255.674698 
193.729767 255.004089 
185.438690 253.934601 
174.166931 250.488419 
166.850739 239.706924 
187.037323 238.552948 
194.621735 240.683533 
204.314804 239.646408 
224.064636 243.640076 
204.843292 243.545822 
195.204102 243.345108 
187.260696 242.222092 
159.500000 147.125000 
240.250000 152.000000 
