68 2
108.864906 142.915878 
109.791100 156.601456 
112.338707 170.044830 
115.752022 183.151093 
120.763077 194.773605 
127.980522 205.039093 
138.949341 211.816925 
151.831268 215.685806 
165.947800 215.590515 
179.822723 212.311142 
192.329834 206.779434 
202.937424 198.857239 
209.789871 188.474548 
213.916199 176.695908 
216.632721 164.689026 
217.776154 152.354782 
218.206894 139.912323 
116.426529 125.632462 
122.573036 118.090973 
132.039444 114.811066 
142.383865 115.838852 
151.700150 119.788544 
168.026917 118.745605 
177.308289 114.681000 
187.325180 112.882530 
197.152527 114.792778 
204.070877 120.700371 
159.628891 129.636826 
159.283875 134.450729 
158.975693 139.201614 
158.880569 144.629959 
152.580200 158.113297 
156.324127 158.557800 
160.125732 158.846375 
164.306625 158.315811 
168.109894 157.416519 
127.361519 136.848343 
132.650024 132.723633 
139.433716 131.825989 
145.691330 134.831604 
139.921326 137.304794 
133.050568 138.412186 
174.966339 132.564774 
181.163910 128.985779 
187.861694 129.362305 
193.289337 132.729004 
188.011200 134.814804 
181.367661 134.576828 
146.115524 184.704590 
152.602829 176.718475 
158.366806 172.348175 
161.646301 173.186295 
165.287659 171.712646 
172.764145 175.237213 
181.450607 181.589432 
173.719284 185.137344 
166.946976 185.562195 
162.872131 185.869705 
159.059601 186.448822 
153.081360 186.950882 
149.533966 183.300476 
158.924210 178.885849 
162.412003 178.688644 
166.101379 178.115692 
177.762756 180.849121 
166.120300 179.216980 
162.113083 179.477951 
158.704697 180.212784 
