68 2
107.250885 92.600082 
108.171043 113.148277 
111.455101 133.122559 
115.124176 152.038239 
121.554497 169.244186 
131.284042 184.825348 
142.752884 199.404663 
156.052032 211.049805 
173.141327 213.504044 
190.034454 210.081940 
202.689255 197.551895 
213.104675 182.618713 
222.178925 166.994843 
229.616516 149.865723 
234.617264 132.457367 
238.251404 113.764175 
240.022980 94.747742 
113.857819 83.951317 
122.253716 74.891632 
135.145218 73.208107 
148.095169 76.438812 
159.857086 81.640282 
186.401184 81.988060 
199.384705 77.874847 
212.075272 76.489265 
224.572083 77.793289 
232.490891 85.994278 
173.628906 95.639740 
172.980423 108.816322 
172.400360 121.912323 
171.826614 135.425339 
155.747437 140.765686 
163.712631 144.292572 
172.187042 147.172913 
181.248322 144.450638 
189.368073 141.633118 
128.998337 93.999420 
137.059601 89.123535 
147.499451 89.658417 
155.412857 96.962059 
146.651138 99.386520 
136.355972 99.020683 
191.806915 97.686043 
200.656860 90.651459 
210.624939 90.634323 
218.324539 95.615761 
211.758804 100.145210 
201.874695 100.235359 
147.350342 168.949081 
157.611389 164.477295 
167.055939 162.263779 
172.706589 164.707214 
179.762085 162.470718 
189.690613 165.119446 
199.663315 169.038681 
190.465439 180.247314 
180.943527 185.225983 
172.983368 185.985489 
166.102005 185.185974 
156.596512 180.350967 
151.123810 169.733566 
166.864044 166.961258 
172.723297 167.956131 
180.073441 166.937073 
195.389587 170.102005 
180.364059 174.468307 
172.667923 175.673553 
166.708527 174.620499 
