68 2
161.652176 88.702446 
163.019913 100.257362 
165.298721 111.997002 
168.195862 123.273125 
172.786484 133.881409 
179.747696 143.171677 
188.995865 150.898865 
199.393005 156.108994 
210.730484 157.133301 
221.846130 154.856995 
230.739151 148.290939 
237.756561 139.979630 
243.163391 130.326889 
245.830154 119.500648 
247.245987 108.472481 
248.538269 97.436317 
248.722244 86.378120 
168.911835 78.104797 
175.095642 73.735313 
183.025177 73.290916 
190.430969 75.007973 
197.226151 77.928101 
215.536789 77.061241 
222.791245 74.647881 
229.993240 73.362709 
237.195038 73.883141 
242.495224 77.747276 
207.903381 85.771065 
208.370926 92.963730 
208.846619 100.112373 
209.384308 107.510757 
199.999207 113.781479 
204.437332 115.034821 
208.929230 116.099487 
213.261032 115.035454 
217.157379 113.890045 
177.969223 87.469048 
182.830460 84.362915 
189.213409 84.561798 
194.760544 88.436478 
189.098907 89.936920 
182.804031 90.193527 
218.735184 88.061218 
223.872818 83.993805 
229.895370 84.072296 
234.648056 86.837685 
230.617249 89.309288 
224.652786 89.492973 
192.550400 130.407425 
199.218613 127.503693 
204.514954 125.274277 
209.051239 126.354424 
213.907028 125.052246 
219.323044 127.087349 
224.673889 129.275955 
219.601379 133.032104 
214.586075 135.290512 
209.614395 136.016785 
204.747345 135.663956 
199.148529 133.919006 
195.420486 130.540939 
204.504745 129.302612 
209.163696 129.239960 
214.367615 128.866394 
222.095764 129.503784 
214.342590 128.978043 
209.345276 130.021606 
204.652969 129.580963 
