68 2
113.952446 110.901054 
114.707642 123.076675 
116.730835 134.752182 
120.059708 145.830566 
125.045113 155.744949 
131.570251 164.318008 
140.242401 171.119385 
150.667679 176.001816 
163.062943 177.084503 
174.853226 174.490234 
184.997803 168.739548 
193.577698 161.114151 
200.030167 151.961166 
204.481750 141.685486 
207.025452 130.285751 
208.322891 119.104645 
208.805176 107.818535 
121.623009 89.361168 
126.840157 83.204758 
134.272766 80.198189 
142.876389 80.059113 
150.909607 81.936447 
167.597046 81.406494 
175.805771 79.320534 
184.289627 79.319405 
192.208435 82.031075 
198.601471 87.091400 
158.813507 92.180557 
158.703674 96.488472 
158.478119 100.773232 
158.444641 105.529427 
151.620605 117.221054 
155.360153 117.632042 
159.078094 117.838707 
163.077713 117.411781 
166.927277 116.836266 
130.460587 99.542061 
135.327499 95.788277 
141.492188 95.066750 
147.150269 97.968826 
141.857224 99.748566 
135.941818 100.582855 
172.231689 97.321625 
177.936813 93.994232 
183.938980 94.256142 
188.897110 97.493164 
183.936951 99.147232 
178.055252 98.909828 
143.667374 141.851547 
148.518539 132.864944 
154.757111 127.523109 
159.817642 127.765678 
164.973602 127.554146 
171.573151 132.706161 
176.101074 141.095123 
171.430618 146.335434 
165.335724 148.926910 
160.023849 149.708435 
154.790710 149.230560 
148.887283 147.038269 
147.128738 141.008255 
155.016998 133.355789 
160.094452 132.244812 
165.472397 133.307190 
173.122864 140.552856 
165.320221 143.466309 
159.818359 144.366730 
154.721725 143.690735 
