68 2
103.658417 116.932770 
103.764664 129.295319 
105.313385 141.926865 
108.539093 154.422791 
113.490265 166.490997 
119.817368 177.717712 
127.866173 187.967712 
136.971497 196.173706 
149.078598 197.751038 
161.205765 195.097534 
171.213806 186.614975 
179.144318 176.442780 
185.852615 164.557755 
190.771744 151.901230 
193.356476 138.688873 
194.182816 124.909859 
194.316025 111.874573 
107.692711 103.796249 
112.845299 98.342125 
120.340302 96.623787 
128.267517 97.510406 
135.836655 100.128593 
157.110016 99.197113 
164.232620 95.434441 
172.053711 93.645233 
179.626343 94.997223 
184.438660 100.720940 
146.334045 108.873749 
146.628189 119.113495 
147.001999 129.343048 
147.215790 139.770340 
137.550964 142.628540 
142.129715 145.375412 
147.498016 147.108643 
153.012634 144.489777 
157.575531 141.304596 
117.011299 110.068817 
121.215607 106.406342 
127.456352 106.182076 
132.600204 110.118393 
127.430733 112.342117 
121.524101 112.713776 
159.874680 109.261482 
164.789764 104.923706 
170.980087 104.923943 
175.416138 108.258026 
171.594955 110.924095 
165.646423 111.069298 
130.843079 162.570419 
138.197693 161.029022 
144.360092 159.579498 
148.444870 160.334671 
152.927032 159.414185 
158.871887 159.877411 
165.351379 159.817810 
159.177277 164.468155 
153.228195 166.952484 
148.275467 167.933990 
143.857529 167.525696 
137.698166 165.958679 
133.792633 162.663345 
144.218430 162.326599 
148.575974 162.711731 
153.214325 162.182236 
162.546555 160.467346 
153.050964 161.149750 
148.103973 162.139465 
143.868896 161.728500 
