68 2
87.866745 111.933769 
89.450874 135.467117 
92.767166 158.521408 
96.904045 182.123413 
104.029633 204.488464 
114.783119 224.716858 
130.642868 241.630127 
148.947479 253.993484 
172.437851 257.677429 
195.566040 254.214569 
214.943741 241.895477 
230.992401 225.204987 
243.649521 205.735657 
251.004471 184.865784 
255.750977 163.049500 
260.132477 140.756287 
262.403320 117.619125 
97.566238 93.890640 
110.017120 81.250099 
128.768082 78.404915 
147.369293 82.012932 
164.828186 88.588524 
193.677124 89.008278 
209.928146 83.208626 
226.433823 79.969940 
242.966980 81.385361 
254.992599 91.086861 
179.160385 101.567528 
178.679398 113.713509 
178.127777 125.880386 
177.609711 139.055893 
158.710098 154.746719 
167.842575 157.581009 
177.416336 159.668243 
187.121323 157.626022 
195.709488 154.376892 
116.598717 110.918915 
127.492950 108.184723 
139.075745 106.761467 
150.234146 108.123062 
139.269440 111.537155 
127.811363 113.119553 
205.452469 108.214966 
217.618835 107.058098 
228.912247 107.984612 
238.433655 110.204277 
228.889084 112.685547 
217.622910 111.311737 
143.967499 197.776382 
157.262695 191.118118 
169.099319 186.802185 
176.886536 189.586807 
185.956772 186.628830 
197.092560 190.275833 
208.680420 196.224014 
196.897705 206.599030 
186.103119 211.196503 
176.407303 212.343185 
167.840759 211.842743 
156.213547 208.390701 
150.639130 198.021179 
169.205536 196.806473 
176.857651 197.807114 
185.947052 196.287903 
202.193161 196.640152 
186.028870 196.731354 
176.730148 198.246796 
168.806747 197.671661 
