68 2
159.250778 91.813072 
160.018250 105.437050 
162.711609 118.921021 
166.366730 131.930862 
171.398743 144.201172 
179.307281 155.123886 
188.809647 164.774246 
199.695114 171.732437 
210.989319 172.904678 
221.239746 169.240906 
229.946320 160.908279 
237.862610 151.443314 
244.062469 140.213745 
247.917786 128.148499 
250.676514 116.419106 
252.838943 103.971840 
253.701492 91.158974 
168.855713 82.937927 
176.054794 77.493996 
185.390808 75.907501 
195.127548 77.680069 
203.314972 82.208733 
214.650040 82.115906 
223.712265 78.337273 
233.193222 76.885933 
242.401154 79.203209 
248.195129 85.023949 
208.946426 92.326836 
209.000870 101.431381 
209.082565 110.453369 
209.194656 119.714302 
200.406067 125.354332 
204.600159 126.632111 
208.815628 127.859375 
212.805786 126.754974 
216.356628 125.365723 
177.765533 92.185722 
183.502502 88.754501 
190.508728 89.244370 
195.790833 94.604774 
189.796356 95.922585 
182.923920 95.602760 
220.872864 94.366272 
226.551666 89.203987 
233.099228 89.096611 
238.094803 92.612503 
233.671448 95.562149 
227.351898 95.811348 
193.275665 144.553299 
199.040970 139.653671 
205.070862 136.468628 
208.395157 137.510361 
211.901062 136.545883 
217.571243 139.852966 
222.894333 143.881363 
217.749664 150.582764 
212.630890 154.319763 
208.844757 155.203766 
204.768326 154.482483 
199.094635 150.907501 
196.915710 144.477905 
205.204956 141.265244 
208.459534 141.530060 
211.854172 141.265915 
219.732635 143.890106 
212.040848 146.857727 
208.540985 147.789871 
205.103546 146.993073 
