68 2
176.020523 81.678001 
176.828598 97.069092 
179.048492 112.820900 
182.441589 128.276306 
188.040573 143.158264 
197.037827 155.758789 
208.616669 166.401749 
220.901382 174.551056 
234.900452 176.190552 
247.647491 172.788147 
257.556061 163.267532 
265.878967 151.858139 
272.424530 139.182297 
276.347290 125.604332 
278.937439 111.668098 
280.754028 97.020485 
281.208374 83.172081 
187.619415 78.869537 
195.364914 73.487099 
204.987930 71.595016 
215.263367 72.496399 
224.538925 75.607063 
245.040253 74.614044 
254.390213 71.008354 
264.121948 69.483727 
273.461243 71.393051 
279.315704 77.587746 
235.306366 86.164581 
235.398788 96.215179 
235.593964 106.278389 
235.701874 116.612617 
222.473679 121.780273 
228.686691 123.825439 
235.298721 125.799698 
241.488449 124.051529 
247.089111 122.417549 
198.822937 88.110344 
205.263977 86.066818 
212.667084 86.165100 
218.766403 89.363541 
212.255341 91.014114 
204.875015 91.175468 
248.857498 88.908966 
256.014465 85.355179 
262.937988 85.294937 
268.662720 87.380203 
263.436951 90.408081 
256.424622 90.519928 
212.746796 141.831131 
221.522507 139.569321 
229.250839 137.945618 
234.324326 139.332336 
239.842453 138.183777 
246.938202 140.097900 
254.449982 141.859268 
247.332443 148.404953 
240.738663 151.500839 
234.795303 152.356262 
228.967346 151.547348 
221.041733 147.979691 
216.318542 142.088181 
229.145752 141.919785 
234.436279 142.638367 
240.084091 141.908035 
251.128174 142.301163 
240.291336 143.693680 
234.520920 144.745621 
229.140198 143.902771 
