68 2
131.583923 66.737373 
132.839417 90.600708 
136.234604 114.017265 
141.093918 136.092316 
149.253967 156.854065 
160.619034 176.234680 
175.925064 193.067810 
193.011002 206.896835 
214.267120 210.293549 
233.952637 206.298004 
249.374130 191.105331 
262.037292 174.842987 
272.994781 157.098145 
281.224670 137.550583 
286.171600 117.765411 
289.799561 97.025612 
291.564423 75.877861 
144.255692 53.399490 
155.177383 40.845886 
172.697098 38.910351 
189.877838 43.739754 
205.855606 50.902718 
237.224365 53.280956 
252.610672 48.366394 
267.505615 45.025219 
282.265015 47.882202 
289.792877 60.226665 
221.165344 67.873405 
221.142014 80.920761 
221.110901 93.954132 
221.280640 107.910278 
201.355209 119.648773 
209.909576 122.757660 
218.871490 125.696739 
228.135910 123.582260 
236.392258 120.770599 
160.644363 68.523224 
170.468613 61.960747 
183.038254 62.238506 
193.427841 70.345497 
182.383545 73.158630 
170.083496 73.648438 
242.429199 71.782661 
253.234756 64.900185 
265.115265 65.672989 
273.360504 72.257355 
265.538513 76.395607 
253.940430 75.529572 
182.520920 154.157394 
195.143250 145.792465 
208.815430 142.697937 
216.781433 145.358170 
226.416946 143.298157 
238.116135 147.055008 
247.202713 155.311798 
237.698303 170.964981 
225.746078 177.218445 
215.197952 177.957550 
205.927383 177.080902 
192.929642 170.960007 
188.089737 154.630508 
208.816254 149.988831 
216.754517 151.148712 
226.520874 150.028381 
242.148468 155.895416 
226.039444 163.860672 
215.809021 165.206345 
207.362061 163.735260 
