68 2
108.282867 134.420471 
109.632599 159.418411 
112.963173 184.004791 
117.913101 207.765747 
126.512070 229.668427 
137.143173 249.351700 
150.225677 265.880493 
166.171768 278.218292 
186.872650 281.961487 
207.256454 278.413940 
224.904846 264.889679 
239.473984 247.248428 
251.631424 227.663574 
259.998688 207.233810 
265.776184 186.032898 
270.636841 163.403351 
274.300446 139.888794 
118.736366 119.439278 
129.218018 107.839325 
145.843674 106.279022 
161.952148 111.012421 
177.286331 118.454712 
210.881851 120.540001 
226.618423 115.658775 
241.724091 111.688339 
256.603394 113.482597 
265.785980 124.668549 
194.058350 134.680603 
193.439178 149.617081 
192.656433 164.528061 
191.997253 179.968063 
173.133301 188.817902 
181.166046 192.993896 
190.218338 196.246872 
199.960632 193.870895 
208.548767 190.487000 
135.495270 138.553894 
145.526703 137.278534 
155.584824 136.606583 
166.433060 137.302917 
156.119812 138.150314 
146.112244 139.274414 
218.033234 139.574646 
228.529404 140.036392 
238.528732 141.390182 
247.597931 142.903488 
238.375107 143.036530 
228.492401 141.692978 
158.347687 224.922745 
170.045425 219.313507 
180.275650 216.605637 
188.091782 219.365463 
197.315170 217.405289 
207.325897 220.479294 
216.386261 226.366852 
207.049286 236.491562 
197.280609 241.481613 
187.410889 242.219971 
178.414383 240.932159 
168.660492 236.735184 
163.531906 225.438538 
179.859436 224.552795 
188.335144 226.249374 
197.807480 225.004745 
211.382675 226.929749 
197.994934 227.827209 
188.290207 229.239670 
179.510620 227.468231 
