68 2
118.836235 74.191208 
120.078667 86.286316 
121.744644 98.158371 
123.843292 109.923622 
127.655098 120.858727 
134.138519 129.907700 
142.797958 137.546722 
153.063248 143.346237 
165.370544 144.868576 
177.419434 142.756088 
187.715469 136.642654 
196.218475 129.479050 
202.255127 120.472519 
205.547897 109.872559 
207.514023 98.402191 
209.147018 87.074760 
210.409058 75.607971 
125.712677 60.323532 
130.385147 53.123974 
138.231949 49.814537 
146.723450 50.730869 
154.291870 53.818924 
177.086319 54.759918 
184.919861 52.444035 
192.647156 52.401180 
199.600677 55.719681 
203.702454 61.750183 
165.834320 65.772102 
165.896393 72.580910 
165.914368 79.205040 
165.954773 86.159935 
156.963074 94.414673 
161.259048 95.379967 
165.702286 96.314484 
170.078842 95.608032 
174.283981 95.013557 
135.321411 69.194771 
140.753860 66.179237 
147.163956 66.062981 
152.702606 69.395325 
146.862167 70.646736 
140.730148 70.883636 
178.433456 70.301773 
184.578949 67.526611 
190.625656 68.015564 
195.290726 71.154922 
190.424133 72.485237 
184.411072 71.780304 
147.317459 113.724419 
154.286926 108.354958 
160.983047 105.864174 
165.712311 106.881790 
170.539429 105.994499 
176.615677 109.043854 
182.519684 114.123871 
176.548965 120.483887 
170.515244 123.369125 
165.242691 124.218872 
160.167557 123.631821 
153.471268 121.024033 
150.783524 113.840561 
160.960342 110.489044 
165.691818 110.631439 
170.689255 110.410095 
179.201263 114.165054 
170.477203 116.978706 
165.295364 117.795685 
160.311188 117.090767 
