68 2
157.957794 70.557007 
159.330780 81.207184 
161.664703 91.560547 
164.270645 101.745224 
168.468185 111.035347 
175.375656 119.236694 
184.386642 125.613388 
194.254944 130.375748 
204.699768 131.106705 
214.289917 128.227463 
222.016693 121.768433 
228.292236 114.086441 
232.455490 105.164215 
234.533585 95.572807 
236.021454 86.408485 
237.113358 76.752556 
237.574036 66.882843 
166.112137 60.547348 
171.526062 56.698959 
178.487534 55.745674 
185.466293 56.866879 
191.877289 59.304497 
206.721252 58.707012 
213.377655 56.451435 
219.911804 55.410927 
226.219467 56.253586 
231.193420 59.831375 
200.331894 66.128288 
201.090988 72.753807 
201.963135 79.397446 
202.872986 86.313759 
193.765244 91.318222 
197.905792 92.902481 
202.179993 94.181931 
206.100769 92.661812 
209.631836 90.819946 
173.809174 68.691689 
178.189835 65.863686 
183.663452 65.972878 
188.477859 69.115898 
183.475861 70.573120 
178.095551 70.806015 
210.123795 68.850494 
214.787537 65.404877 
220.129913 65.619057 
224.495789 68.016426 
220.589172 70.009499 
215.297470 70.144806 
185.373871 105.935059 
192.049911 102.911652 
198.207840 101.163589 
202.513214 102.157120 
206.910339 100.976913 
212.174240 102.395485 
216.957321 104.757370 
212.519318 109.701691 
207.453354 111.865143 
202.752274 112.559845 
198.022324 112.293022 
191.867493 110.669510 
187.744812 106.073708 
197.981888 104.966110 
202.499084 105.135803 
207.139099 104.618248 
214.759094 105.074333 
207.229095 106.636543 
202.550034 107.471107 
197.974823 107.216957 
