70 2
153.918060 57.631817 
152.785187 69.552078 
153.022079 81.604210 
154.047379 94.184555 
156.423065 106.454498 
160.853943 117.920288 
167.003235 128.359161 
175.807205 136.796600 
188.687943 139.922592 
203.133957 139.078415 
216.029099 132.946976 
227.139175 124.121613 
236.516083 113.149696 
243.129501 99.859779 
246.589523 86.075966 
248.100830 71.973068 
248.761993 58.029255 
156.657974 40.891178 
160.598602 34.348305 
168.189148 32.008121 
176.059631 32.479973 
183.225769 35.467220 
199.159683 36.195065 
208.229218 31.881222 
218.130615 30.173296 
227.694931 32.517490 
234.133087 39.778698 
190.866898 46.323929 
189.733765 53.958805 
188.616699 61.502522 
187.443604 69.389618 
178.609924 77.808586 
183.353165 80.210678 
188.802856 81.796524 
195.125168 80.156967 
201.205750 78.257362 
163.907013 50.302933 
168.529587 46.376602 
174.763123 46.478218 
180.129669 50.160873 
174.462830 52.375866 
168.454453 52.747334 
207.187302 50.219803 
213.582138 46.020473 
220.337387 46.031471 
225.338394 49.770546 
220.492203 52.627083 
213.857254 52.452946 
172.223465 101.753296 
178.427658 98.243431 
184.354797 96.152893 
188.787292 97.311783 
194.175262 96.058243 
201.596008 97.973656 
209.519730 101.895454 
201.931152 104.712448 
194.911819 105.217079 
189.336884 105.460541 
184.493027 105.145607 
178.397766 104.257217 
175.149521 101.360382 
184.358337 100.416924 
189.049683 100.965485 
194.590729 100.310326 
206.365540 101.397476 
194.850113 99.934586 
189.107529 100.128021 
184.267975 99.721321 
172.000000 47.250000 
216.000000 48.250000 
