68 2
124.611542 102.290970 
125.517685 119.381973 
127.540512 136.880920 
132.044250 153.336090 
139.729446 168.308914 
150.885590 181.624557 
163.150421 192.994080 
176.615753 202.200150 
191.867050 205.124161 
207.474945 202.160278 
221.542053 193.135086 
234.075119 181.965927 
245.001297 168.523712 
253.184814 153.867416 
258.228302 137.446838 
261.026581 120.154625 
262.511749 102.091934 
138.640396 92.938789 
147.598267 85.844574 
159.563812 84.056114 
172.202316 85.429886 
182.778122 90.112289 
202.749237 89.489037 
214.736206 85.431488 
227.252213 84.639503 
239.317245 87.181450 
248.009415 94.377670 
191.940216 104.708687 
191.278915 116.847618 
190.619202 128.753769 
190.103149 140.848816 
176.627426 142.726318 
183.042786 146.256180 
190.770340 148.556183 
198.641464 145.894440 
205.429230 142.827164 
151.846359 106.986359 
159.239227 104.783966 
167.018219 104.566048 
174.495773 106.994164 
167.008163 108.752319 
159.255859 109.355804 
210.080460 107.242790 
218.313614 104.780304 
225.812317 105.442421 
232.639816 107.351044 
225.803665 109.429756 
218.114304 109.299194 
168.807724 159.173798 
177.696838 156.536179 
185.975082 155.123154 
192.174591 156.415405 
199.642136 155.461578 
208.005554 157.340179 
216.432922 160.470886 
207.694473 171.004822 
199.075165 175.638672 
191.396393 176.338058 
184.503403 175.312393 
176.682831 170.094604 
173.606186 159.431519 
185.893463 159.153503 
192.005920 160.035110 
199.259064 159.463242 
211.522278 160.536316 
199.218353 165.860413 
191.680649 166.543213 
185.309036 165.177597 
