68 2
142.663391 117.020020 
143.511490 128.500168 
145.500519 140.362411 
147.953110 151.338242 
151.885880 161.695450 
158.810715 170.859314 
167.467178 178.348312 
177.236130 183.999268 
188.188599 185.391937 
198.396347 182.832962 
207.362961 176.531937 
214.888489 168.909729 
220.747482 160.124527 
224.035583 150.233887 
226.287155 140.064880 
228.182617 129.336578 
229.647034 118.533356 
151.753922 108.641304 
157.776230 103.542290 
165.804672 102.156494 
173.763336 103.525047 
180.714920 107.281525 
197.351044 107.968552 
204.055374 104.483551 
211.354492 103.163376 
218.525604 104.670746 
222.865341 109.660194 
189.541611 118.585831 
189.429428 125.824005 
189.337280 132.864578 
189.255615 140.183075 
179.514343 144.465485 
183.887329 145.674194 
188.334595 146.836731 
192.624176 146.220428 
196.377960 145.502594 
161.479401 117.553741 
166.382874 115.231918 
171.998108 115.876236 
176.379532 119.790932 
171.395386 120.746567 
165.743881 120.383804 
198.678070 120.850288 
203.627045 117.045303 
209.211853 117.177750 
213.355652 119.518677 
209.475281 121.869293 
204.071915 122.084419 
171.973938 157.794403 
178.061218 155.512772 
183.210281 154.576553 
186.703262 155.889923 
190.882462 155.062897 
195.737656 156.511200 
200.818970 158.195740 
195.739563 163.411636 
190.899841 165.771439 
186.486618 166.400558 
182.448044 165.636154 
177.589691 162.974152 
174.580383 157.993774 
183.086334 158.084610 
186.715088 158.873993 
190.896835 158.386169 
197.953964 158.648743 
190.795685 160.095062 
186.529999 160.936981 
182.827667 160.056473 
