68 2
114.290009 113.356995 
116.097969 124.294785 
118.202919 134.795959 
120.601913 145.193405 
123.921684 154.722870 
129.871368 162.991745 
139.076508 168.417007 
149.113495 172.876404 
160.226700 174.034607 
171.541626 172.478195 
181.688385 167.966904 
190.188843 161.718552 
195.477264 152.883179 
198.458618 142.226532 
200.245468 131.560883 
201.719833 120.630333 
202.955521 109.412003 
121.037094 92.298927 
126.635780 87.314224 
134.239960 85.227264 
142.038330 85.693390 
148.859680 88.465057 
169.098450 88.171768 
176.325912 84.896271 
184.224701 84.108238 
191.833328 86.473053 
196.565750 92.399170 
159.415131 103.377312 
159.419510 109.520271 
159.434326 115.387314 
159.339172 121.388199 
151.011581 127.643402 
155.055557 128.634109 
159.002060 129.095810 
162.988419 128.873611 
166.761703 128.266205 
131.554947 104.366035 
135.852997 100.836273 
141.497650 101.289909 
145.903656 105.582153 
141.268555 107.298370 
135.805161 107.107063 
171.179443 106.093071 
175.424835 101.878181 
180.726151 101.810440 
185.060165 105.294685 
181.192169 107.616417 
175.890350 107.823631 
144.372421 145.337646 
148.600937 139.737274 
153.866531 136.784485 
158.714661 137.490829 
163.990768 137.367950 
169.696838 141.041916 
174.455887 146.224915 
169.788895 150.862122 
164.429596 153.297546 
158.878845 153.948456 
153.646469 152.958771 
148.598328 150.095886 
146.948380 145.093567 
153.763458 140.858337 
158.734222 140.799957 
164.187912 141.320999 
171.705261 145.848633 
164.544495 148.036072 
158.971848 148.628540 
153.761215 147.533340 
