68 2
154.440582 98.992401 
155.181198 112.314919 
156.649902 125.651474 
159.144547 138.407120 
163.041626 150.389664 
169.796326 161.223618 
180.615662 169.644547 
193.525360 175.789856 
208.908127 177.448685 
224.402817 175.343964 
237.387909 169.388565 
248.450607 160.687836 
255.849823 149.695709 
259.931061 137.212357 
261.609863 123.853203 
262.533264 110.982704 
262.613220 98.063148 
161.650925 81.603516 
168.118515 74.110687 
177.918213 71.253471 
187.990448 71.937675 
196.780579 75.606567 
218.408569 75.118164 
227.943115 72.132774 
237.750320 72.431808 
246.788712 75.853813 
252.292450 82.948364 
208.256287 85.799652 
208.215561 92.153885 
208.171982 98.387001 
208.255112 104.972046 
198.077454 116.118843 
202.936981 117.065887 
208.010635 117.951866 
213.332489 117.080231 
218.245667 116.317520 
173.205154 90.225502 
178.696915 85.910103 
185.648254 85.846359 
192.042572 90.274933 
185.607697 91.700043 
178.483917 91.994286 
223.315002 90.325928 
230.008865 86.341393 
236.656311 87.049751 
241.664719 91.015175 
236.703720 92.685944 
229.904221 92.174232 
189.229095 139.975891 
195.778732 132.008728 
202.521561 128.014954 
207.546936 129.285553 
213.298294 128.129715 
220.762985 132.335770 
227.828964 139.197021 
220.859344 144.367538 
213.960648 146.729248 
207.968887 147.268478 
202.533844 147.005798 
196.001572 144.916565 
193.434052 138.916504 
202.717880 133.753265 
207.631378 133.814392 
213.337326 133.807220 
223.870895 138.534943 
213.710831 138.635941 
207.954865 139.308640 
202.883362 138.800964 
