68 2
153.107773 123.299995 
153.618927 137.171646 
155.356506 150.554825 
157.931702 163.538651 
162.155167 176.032654 
169.294159 187.730606 
179.270508 198.192490 
190.664047 206.135254 
203.211151 207.999435 
214.464569 205.839127 
223.395493 198.568420 
230.598114 189.038437 
236.458038 178.274353 
240.615448 166.941101 
244.013000 155.401474 
247.081726 143.099792 
249.083923 130.591110 
166.853409 119.759712 
175.022446 115.359283 
184.292084 115.243828 
193.210373 117.547226 
201.434265 120.886314 
219.519150 121.747955 
227.364197 119.217194 
234.991043 118.173065 
242.194855 119.276329 
246.300156 124.261734 
211.009262 129.675537 
211.304657 138.583771 
211.673294 147.509827 
212.031403 156.524567 
199.877029 160.011963 
204.675476 162.004745 
209.617889 163.603714 
214.210602 162.236511 
218.163208 160.286835 
177.348740 129.178894 
183.419434 126.393150 
190.351425 126.850449 
195.045502 131.174347 
189.525131 132.578232 
182.748352 132.194305 
221.679855 132.363129 
227.441742 128.813965 
233.415466 128.906052 
237.548798 131.816147 
233.610077 134.439392 
227.769455 134.205612 
187.556610 175.735870 
196.014618 174.233017 
203.063644 173.366699 
207.095612 174.788513 
211.804749 173.846710 
216.557373 175.122742 
221.280090 177.263321 
216.365479 182.564484 
211.235703 185.184509 
206.508881 185.592072 
201.801575 185.020859 
195.048523 182.460709 
190.737122 176.186584 
202.468079 176.226089 
206.793396 177.091949 
211.702072 176.406311 
218.541153 177.430725 
211.658096 179.639709 
206.733597 180.556427 
202.238449 179.682785 
