68 2
121.752701 61.951763 
122.085922 78.433228 
123.624687 95.025726 
126.725922 111.779938 
133.394287 127.620514 
142.032349 141.646667 
153.112747 153.553177 
167.314026 162.176025 
184.073227 163.825500 
200.675201 160.365799 
213.888702 150.267914 
224.330017 137.307022 
232.801163 122.479370 
238.456573 106.918152 
241.537521 90.971298 
242.874786 74.966217 
242.926056 59.276264 
129.663681 45.206985 
136.502441 34.787430 
148.465561 31.029697 
161.096985 32.058392 
172.908142 36.092850 
191.942642 36.617329 
202.792313 31.774162 
214.665924 29.751726 
226.194534 31.725718 
232.974121 40.766548 
183.465851 49.354996 
183.651978 60.812447 
184.125565 72.295570 
184.376236 84.049850 
168.637878 90.459930 
175.589966 93.531792 
183.272766 95.560013 
191.270706 92.956093 
198.236481 89.707993 
143.510040 52.896301 
149.968735 47.761612 
158.393463 47.796360 
165.419357 52.977280 
158.184662 55.432014 
150.023285 55.719040 
198.454193 53.025688 
205.876541 47.440384 
214.405258 47.575127 
220.753998 52.361713 
214.860901 55.661793 
206.735947 55.531616 
158.163422 121.866264 
168.189392 115.820328 
177.512146 112.017487 
183.647110 113.224335 
190.380768 111.808769 
198.769424 114.471176 
206.894257 118.990318 
199.086212 123.393105 
191.312668 125.872437 
184.112000 126.526733 
177.350266 126.122070 
168.636856 124.644424 
162.045837 120.912773 
177.164200 116.438721 
183.588379 116.948380 
190.286911 116.193169 
202.973343 118.237320 
191.012589 118.213463 
183.967789 119.504013 
177.464325 119.008575 
