68 2
131.197464 116.896187 
131.967285 137.356018 
133.821396 157.109055 
135.445633 177.260681 
140.627670 195.908997 
151.247192 211.748932 
164.981354 224.956345 
181.335510 235.314590 
200.994141 237.736816 
219.596771 235.195251 
235.339355 224.292374 
248.001816 209.934143 
257.582642 193.830704 
262.664063 175.223343 
265.198242 156.252396 
267.786774 136.870651 
269.500732 117.669228 
138.691162 104.077278 
147.405533 92.296402 
161.616760 86.759178 
177.181702 88.100441 
191.506485 93.678902 
210.770081 93.223915 
225.358963 88.568436 
240.209793 87.825668 
254.246017 93.518585 
262.266235 104.976501 
202.226013 110.311172 
201.718384 122.410469 
201.304367 134.291504 
200.731995 146.635681 
186.013062 156.632477 
193.188370 159.104553 
200.347351 161.456543 
208.178101 159.548767 
215.278625 157.407166 
155.340332 116.329208 
163.791107 112.226418 
173.475128 111.867538 
181.989777 116.786362 
173.266205 119.474419 
163.601181 119.713486 
219.743362 117.223358 
229.622742 112.788040 
239.291641 113.103363 
246.753906 117.383110 
239.409042 120.884506 
229.839951 120.289726 
170.860657 188.166321 
182.634232 183.816193 
192.153687 180.583679 
199.110657 182.930939 
206.811813 180.888580 
216.992981 184.844101 
228.963943 190.021912 
217.272629 196.521622 
207.425385 197.548950 
199.083527 197.752594 
191.521530 197.007950 
181.973862 194.849243 
175.211365 188.731857 
191.819885 187.230377 
199.148712 187.818268 
207.503006 187.247986 
224.462509 190.326141 
207.683167 188.449844 
199.331482 189.212463 
191.922180 188.410339 
