68 2
172.294754 78.221367 
173.349701 93.332001 
175.704895 108.292267 
178.451355 122.612099 
183.706970 136.753799 
192.285751 149.165634 
203.415909 160.453232 
215.888260 169.802231 
230.235458 171.922607 
243.065018 168.537048 
253.067810 158.466888 
261.587891 146.956070 
268.623901 133.931122 
272.589081 119.915443 
274.744507 105.624420 
276.124878 91.355530 
276.933136 77.467392 
181.350784 75.480911 
188.592880 69.044243 
198.682465 67.173782 
209.282043 68.271942 
218.940201 71.713730 
239.246933 70.647041 
248.998428 66.739777 
259.012360 64.989136 
268.676727 66.363708 
274.521729 73.109779 
229.694412 82.558800 
230.027176 93.427940 
230.419998 104.247856 
230.860245 115.284561 
216.911682 118.180939 
223.563980 120.443672 
230.485107 122.808441 
236.985352 120.631729 
242.799728 118.798531 
192.530457 83.957588 
198.886581 81.475677 
206.770844 81.393539 
213.159348 85.022705 
206.572220 87.021324 
198.795166 87.307289 
243.569443 84.017944 
250.843964 79.944084 
258.271301 79.962509 
264.063324 82.536530 
258.863953 85.811783 
251.489441 86.075981 
205.551758 133.843735 
215.593811 133.873306 
224.217758 133.371536 
229.685471 134.726074 
236.061844 133.671600 
244.565613 134.523224 
252.755447 134.255676 
245.065567 143.096024 
237.184006 147.682968 
230.509216 148.599655 
224.367447 147.623901 
215.515198 142.677979 
209.140076 134.645081 
224.288742 137.638931 
229.801971 138.443329 
236.362656 137.761642 
249.190369 135.261169 
236.759872 139.368378 
230.169601 140.342087 
224.435181 139.243835 
