68 2
108.654633 140.042419 
109.005569 153.420914 
111.430603 166.857117 
114.779854 179.851364 
119.688477 191.607651 
127.028305 201.951019 
137.596100 208.876541 
150.163025 213.327499 
163.916611 213.444061 
177.291000 210.137466 
189.387070 204.299973 
200.424301 196.642654 
207.722626 186.728683 
212.503738 174.804428 
215.269943 162.498047 
216.554626 149.965271 
216.805984 137.188110 
116.620567 122.921021 
123.220978 116.150719 
132.728271 113.493835 
143.145676 114.783150 
152.402222 119.059517 
167.643280 119.195396 
177.100555 114.657990 
187.181427 112.803604 
197.113495 114.560410 
204.455200 120.314606 
159.616806 128.844910 
159.245621 133.621933 
158.915848 138.410797 
158.712906 143.738144 
151.614059 157.378967 
155.687332 157.617538 
159.677292 157.837814 
163.902893 157.364578 
167.796448 156.830490 
126.935097 134.632584 
132.780746 130.566467 
139.947098 130.026306 
146.432373 133.872162 
140.246460 136.069275 
132.961624 136.695618 
173.964355 132.470230 
180.397888 128.197144 
187.431519 128.301880 
193.528900 131.790649 
187.993149 134.350006 
180.910126 134.408936 
143.747009 182.056580 
150.008896 173.732880 
156.544266 168.868759 
160.253067 169.882980 
164.326019 168.616547 
171.915726 173.167221 
180.283005 180.186066 
172.670319 184.598175 
165.647522 185.819260 
161.122787 186.408661 
156.889008 186.636475 
150.409058 185.932022 
147.100983 181.164886 
156.995605 175.275253 
160.747025 174.848083 
164.928436 174.826141 
176.668121 179.617035 
165.030899 178.658798 
160.573914 179.023865 
156.914825 179.388016 
