68 2
119.752525 59.714565 
121.500282 73.370613 
124.406601 86.570908 
127.739098 99.315323 
132.886490 111.180511 
140.487976 121.528534 
150.451111 129.893646 
161.195251 136.414917 
173.579865 137.797516 
184.812286 134.310928 
194.268036 126.934692 
202.640457 118.258461 
209.211258 106.931328 
213.167084 94.393799 
215.249664 82.166618 
216.316833 69.047775 
216.660538 55.710190 
128.159744 52.275433 
134.298248 46.688416 
142.514145 45.457123 
151.101501 45.927582 
159.554260 47.785690 
174.674103 45.311867 
183.295212 42.849766 
191.770447 41.539680 
199.995422 42.076279 
206.181519 46.834599 
167.765488 55.604675 
168.208389 63.718925 
168.612091 71.974243 
169.067871 80.537766 
159.293304 86.628471 
164.077316 88.125008 
169.172455 89.144981 
174.289001 87.725868 
178.969055 86.041870 
137.824005 59.244682 
142.984253 56.003132 
149.436172 55.524231 
155.152313 58.846943 
149.743225 60.657913 
143.309021 61.283482 
180.293945 57.456245 
185.719055 53.263706 
192.101746 53.028889 
197.460510 55.851231 
192.797668 58.530090 
186.509811 58.789898 
154.940445 106.710289 
159.766617 102.081635 
164.925171 99.721001 
168.860641 100.722519 
173.759933 99.630196 
179.599991 102.078438 
185.234406 105.962975 
179.862839 110.541870 
174.421066 113.169746 
169.445862 114.108978 
165.115540 113.555557 
160.101868 111.190033 
157.779343 106.385506 
164.881027 102.874634 
169.098434 103.075294 
174.041565 102.718040 
182.461212 105.860779 
174.125549 106.855247 
169.236572 108.002899 
164.924942 107.334755 
