68 2
110.951889 174.629501 
114.456841 194.565277 
119.520157 214.464569 
124.222504 234.378555 
131.463547 252.508606 
144.933334 266.577789 
163.518692 275.477234 
184.604202 280.457947 
208.370087 279.047943 
232.303192 274.607727 
252.435928 264.607056 
267.980042 252.034256 
277.653259 235.698837 
280.429962 215.873169 
280.548859 195.575867 
281.048126 176.893234 
280.612030 158.676178 
121.057465 131.038452 
129.161514 117.310944 
141.537262 107.374664 
157.178635 103.790054 
172.445480 106.432816 
212.561722 102.197021 
228.358185 97.420860 
244.424255 98.164032 
258.637299 105.900360 
268.117157 117.623276 
196.529007 128.424438 
197.160065 136.596344 
197.637726 144.683655 
198.385178 153.338089 
186.636215 178.555344 
193.453857 178.208084 
200.239853 178.276306 
207.029465 177.932907 
213.846375 177.990433 
139.608658 147.458038 
148.537628 139.176849 
160.820236 136.805969 
173.187531 141.284363 
162.025909 145.222000 
150.452209 147.669479 
220.056747 137.682098 
231.774796 131.724991 
243.632217 132.120056 
253.439621 138.417175 
243.905304 140.345352 
232.095001 140.144653 
167.111435 224.073120 
177.803848 204.033920 
191.989288 193.804779 
202.854599 193.650803 
213.995682 192.711288 
228.537109 201.790176 
239.432556 218.160782 
229.679581 227.560928 
216.841736 231.694641 
205.718506 232.921692 
195.137665 233.246445 
180.584900 230.743484 
174.951996 221.210480 
194.286179 207.263031 
203.737656 206.290253 
214.346100 206.605057 
231.870392 216.696564 
215.241867 216.745178 
204.346008 217.137192 
194.779266 218.014297 
