68 2
150.026276 71.393585 
150.774307 85.516632 
152.935806 99.826935 
156.226807 113.774277 
162.246567 126.502533 
170.748199 137.813782 
180.585999 147.510391 
191.899216 155.007385 
205.253113 155.765305 
217.518982 152.809875 
226.989380 143.781845 
234.917053 132.997971 
241.506516 121.038788 
245.766602 107.623932 
247.383301 93.887749 
248.122253 80.084435 
248.012390 66.562927 
158.308899 61.062160 
164.546005 54.520706 
174.188217 52.327103 
184.001160 53.712025 
192.953064 57.253250 
209.916367 57.108597 
218.058319 52.036964 
227.077820 48.916164 
236.315750 49.599003 
242.373993 55.757248 
202.391556 67.091331 
203.337418 77.733665 
204.405212 88.226021 
205.384308 98.826767 
193.165466 102.964043 
198.898315 105.117432 
205.051666 106.602318 
211.012344 103.922157 
216.173416 100.955009 
169.192688 69.152496 
174.994812 65.868767 
182.184891 65.538445 
188.239716 69.179825 
182.189240 71.409416 
175.001724 71.904129 
214.698410 67.654144 
220.993378 63.152493 
227.616241 62.764938 
232.781921 65.309036 
228.174805 68.521088 
221.670609 68.909920 
184.550720 121.024323 
192.981003 118.270859 
200.430527 116.345947 
205.384308 117.134605 
210.515076 115.512856 
216.741516 116.123398 
223.000229 117.300224 
217.071823 121.569489 
211.129974 124.090485 
205.655289 125.101456 
200.456726 125.229042 
193.016083 124.119125 
187.733673 120.771919 
200.352676 120.079376 
205.615936 120.465225 
210.847488 119.244751 
220.096222 117.636284 
210.873611 118.409760 
205.346329 119.321114 
200.278702 119.440201 
