68 2
165.760208 101.482376 
167.744034 114.922905 
170.251434 127.860039 
173.630753 140.601257 
179.086731 152.039154 
187.410904 162.309525 
198.428116 169.399368 
210.372421 175.246887 
223.338013 176.164001 
235.596436 173.766891 
246.549698 167.391846 
255.571808 158.362686 
261.218536 147.336960 
265.186646 135.201172 
267.334747 122.466278 
268.560669 109.645844 
269.181335 96.282387 
175.485153 82.237755 
181.997360 76.065254 
191.324768 73.317635 
201.131592 74.174164 
210.330750 76.935966 
231.767334 76.314888 
240.382324 72.785355 
249.600906 72.023186 
258.250122 74.913406 
263.427124 81.507263 
221.993011 92.753098 
222.149017 100.685333 
222.358948 108.493851 
222.420731 116.174911 
212.208008 123.114044 
217.248077 124.104454 
222.084030 124.812134 
226.648438 124.312408 
231.132706 123.657890 
187.959045 93.399841 
193.140747 89.568565 
200.088135 89.886543 
206.065063 94.791557 
199.907761 96.889839 
193.033997 96.809761 
234.568085 94.482735 
239.684814 89.461304 
246.386932 89.475174 
251.507355 93.463165 
246.661453 96.541893 
240.217178 96.682556 
204.202271 143.130234 
209.460388 137.284470 
216.104187 134.258713 
221.565704 135.268341 
227.518219 134.762817 
234.201935 138.677811 
239.901154 144.064392 
234.369446 150.660233 
228.016922 153.705032 
221.549179 154.510269 
215.354507 153.336243 
209.015167 149.701630 
207.041977 143.183594 
215.904266 138.279694 
221.678223 138.488281 
227.849258 138.734406 
236.902313 144.250534 
227.916229 147.946854 
221.544083 148.656235 
215.471283 147.427261 
