68 2
150.197784 103.829239 
151.200409 116.801338 
152.904602 129.610352 
155.630783 142.086609 
160.809616 153.333954 
168.309540 163.395065 
178.099472 171.245529 
188.676224 177.443604 
200.654587 178.600128 
211.819229 175.893616 
221.274765 168.533554 
229.210907 160.118591 
235.440506 150.358917 
239.264862 139.504684 
241.372345 127.740318 
243.400253 115.591797 
244.607315 103.155006 
159.081177 95.015068 
164.679764 87.849251 
173.770538 84.599854 
183.667603 84.895721 
192.363739 88.288483 
210.786163 87.152885 
218.772430 83.880302 
227.364975 83.881996 
234.932434 86.746429 
239.304657 92.972015 
201.719696 99.041862 
201.866516 106.444633 
201.935516 113.574135 
202.171844 121.099663 
192.175568 127.262070 
196.897964 128.306046 
201.627258 129.234528 
206.239349 128.590485 
210.395203 127.697510 
170.636032 101.423431 
175.964050 98.323196 
182.222641 98.168663 
187.580093 101.323921 
182.235901 103.161652 
176.098694 103.534882 
212.208282 100.683876 
217.498550 97.136566 
223.504913 97.511261 
228.040939 100.289803 
223.668381 102.555878 
217.794144 102.478455 
187.386658 146.880203 
192.220840 142.581680 
197.432861 140.047394 
201.328934 140.984604 
205.724915 140.103256 
210.354431 142.856995 
214.337616 147.160706 
210.128311 153.241440 
205.678528 156.188828 
201.120880 157.226685 
196.616287 156.754517 
191.544006 153.903976 
190.232193 146.819183 
197.669846 143.619629 
201.500137 143.864441 
205.623917 143.583160 
211.401093 147.198059 
205.504669 149.939392 
201.214661 150.919342 
197.321671 150.282516 
