68 2
143.160095 101.893883 
144.455399 118.129044 
147.850464 134.413101 
151.374451 150.423859 
157.486008 165.031540 
167.729340 177.502151 
181.225357 187.325607 
196.213089 194.754013 
211.104019 196.454559 
225.126358 192.811279 
237.646454 183.846970 
248.131073 173.831482 
256.381470 161.261703 
260.738464 147.201248 
263.746948 132.601028 
266.278442 117.772736 
267.015503 102.302414 
154.100449 85.718330 
164.674545 80.118858 
176.505203 79.647743 
188.161804 81.449371 
198.815857 85.222404 
220.729309 84.315216 
231.135086 80.627205 
241.507706 79.269806 
251.466415 80.361832 
259.018921 85.540466 
209.817581 94.987076 
210.125565 103.588470 
210.549210 112.345314 
211.032410 121.449371 
198.962006 132.974548 
204.703308 133.760300 
210.499390 134.856110 
215.671768 133.919800 
220.682144 133.194687 
167.868027 96.697906 
175.458069 91.719414 
184.860367 92.176537 
192.505844 98.583344 
184.315781 100.473701 
174.954025 100.589127 
224.898773 98.623604 
232.417664 91.103714 
241.797928 91.208412 
248.531906 96.373489 
242.665665 100.162460 
233.530487 100.411552 
185.313217 156.536804 
195.493896 150.261795 
205.109604 146.410416 
210.575287 147.733719 
216.672180 146.213806 
224.984436 149.923660 
232.461731 155.010742 
225.100937 164.750198 
217.138275 168.967529 
210.485260 170.067200 
204.166946 169.680115 
194.488998 166.304611 
189.334412 156.601105 
205.053238 151.149780 
210.553055 150.972794 
216.765610 150.829285 
228.296951 155.624695 
216.828293 160.998093 
210.422409 162.156326 
204.655640 161.874573 
