68 2
95.387886 85.202171 
98.348740 108.112663 
103.650406 130.633575 
110.208023 152.080246 
119.245987 171.470001 
131.135284 188.959595 
145.859497 204.147766 
162.283340 215.825577 
182.116562 218.115585 
200.286423 213.044983 
215.475388 199.631897 
228.744461 184.115768 
238.953613 166.242447 
245.926483 146.689850 
250.646561 126.620766 
254.610245 105.337334 
257.254761 83.875458 
103.082237 69.048637 
112.672760 56.197186 
129.611206 52.428005 
146.798630 56.271534 
162.676407 62.203384 
192.828262 62.035427 
209.134033 56.227207 
225.392654 52.069706 
241.481094 55.070724 
251.373962 66.855087 
178.186096 77.246872 
178.584381 92.598076 
178.965210 107.715355 
179.441589 123.375938 
161.335587 132.767090 
169.981888 135.835571 
179.320862 138.235840 
187.780228 135.721878 
195.524994 132.587219 
120.664398 81.373810 
130.090302 74.845856 
142.764114 74.491669 
153.635986 82.196495 
142.624390 85.696747 
130.024612 86.570320 
201.795303 81.895836 
211.946442 73.915741 
223.901093 74.261124 
232.837296 80.077148 
225.132690 84.962730 
213.244904 84.917366 
150.606903 166.346069 
161.365967 158.198914 
171.203369 155.025635 
178.460541 157.946228 
186.330246 155.650024 
196.335114 158.779816 
205.595688 164.563873 
196.939713 175.001465 
187.518097 179.762161 
178.949097 180.846542 
171.068558 179.610626 
161.507675 175.366302 
156.387268 166.508057 
171.220581 161.902466 
178.563187 164.036133 
186.558029 162.257446 
200.718567 165.130844 
187.331497 167.383698 
178.803391 168.481277 
171.296555 167.182205 
