68 2
102.349579 93.170738 
103.316292 108.204742 
106.383186 122.757408 
110.243195 137.359695 
115.289566 151.014771 
122.933647 163.317688 
132.707718 174.786392 
144.651367 183.416214 
158.138428 185.247498 
171.002243 182.352753 
181.537155 173.594650 
190.907913 162.922607 
197.929932 150.233475 
202.655823 136.631470 
206.222458 123.132111 
209.277374 108.882729 
210.721542 94.887749 
113.433868 82.514412 
121.188583 75.523750 
131.786072 73.025780 
142.895325 74.426010 
152.407974 79.227669 
168.544128 79.264236 
178.816849 75.759377 
189.368561 74.990807 
199.327499 78.110870 
205.324265 85.564522 
160.366028 92.602493 
160.075623 103.716766 
159.885925 114.607300 
159.811172 125.886787 
149.460068 130.569763 
154.039536 132.602722 
159.099258 134.410934 
164.023849 133.251648 
168.334030 131.776886 
124.519585 91.864967 
131.158936 88.051971 
139.136963 88.801422 
144.953690 94.730347 
138.207458 96.009537 
130.474121 95.528023 
173.721832 95.092659 
180.285187 89.428261 
187.732483 89.400627 
193.418762 93.694977 
188.312592 96.713966 
181.087830 96.790665 
141.856506 153.715607 
148.508820 148.266144 
154.762817 144.785126 
158.537048 146.150314 
162.598373 145.414795 
168.447113 149.922546 
173.492371 154.408554 
167.857025 161.361740 
162.448303 164.553162 
157.950760 165.111069 
153.446732 164.038071 
147.922028 160.218704 
145.818420 153.618729 
154.733582 150.846176 
158.446564 151.444748 
162.473572 151.541641 
169.841843 154.352463 
162.161377 154.687912 
158.075043 155.376648 
154.240067 154.312317 
