68 2
144.149963 114.539307 
145.473648 126.082237 
147.473755 137.210876 
150.160583 148.462082 
154.588089 159.051514 
161.127457 168.365524 
169.072464 176.830200 
178.130417 183.237167 
188.799606 185.228027 
198.974533 182.428650 
207.875992 175.539124 
215.286240 167.511520 
220.914429 157.994873 
224.546997 147.357056 
226.907700 136.938202 
228.406036 126.082260 
229.222000 114.880890 
150.218445 105.938042 
156.834000 101.339386 
165.469421 100.792740 
173.706711 102.766685 
180.759613 106.650208 
194.717529 106.714600 
201.948669 103.318192 
209.597168 101.976479 
217.002121 103.425446 
222.209351 107.675957 
189.149536 115.065933 
189.286774 122.551353 
189.350739 129.726089 
189.378906 137.062012 
180.339584 141.977829 
184.491974 142.704636 
188.671982 143.535919 
192.468109 143.261719 
196.266922 143.064957 
161.041229 113.888115 
165.713074 111.378242 
171.469986 111.919769 
175.948074 116.118195 
171.189285 116.961075 
165.480469 116.724525 
199.117310 117.393150 
203.112930 113.517052 
208.672348 113.598457 
213.119934 116.456024 
209.234985 118.642914 
204.003586 118.722900 
174.638702 157.414612 
178.641418 153.302261 
183.543030 151.403076 
187.405106 152.490662 
191.444839 151.814407 
196.268188 154.526169 
200.318436 158.677048 
196.268417 165.638489 
191.811813 168.756531 
187.563354 169.409271 
183.152740 168.442322 
178.409119 164.740173 
177.462509 157.278824 
183.610504 155.395935 
187.414734 156.031525 
191.191574 155.922256 
197.593414 158.560852 
191.509827 161.841202 
187.539459 162.664154 
183.448074 161.650330 
