68 2
122.003662 107.049774 
123.261559 123.674057 
125.691856 140.180954 
129.773514 155.376404 
136.895203 169.445877 
147.753403 181.597244 
160.626816 191.082001 
173.675461 198.487473 
187.530151 200.330551 
201.678406 197.128937 
214.069870 188.053955 
225.797684 178.292389 
235.598312 166.591827 
242.207840 153.141678 
245.428055 138.674057 
247.000320 123.302559 
247.997284 107.359810 
135.343979 96.607254 
143.236191 89.440605 
154.347855 86.983795 
166.455841 87.868958 
176.958069 92.267548 
194.509460 91.357544 
205.483749 88.420433 
216.865128 87.935822 
227.810410 90.791962 
235.170578 97.412163 
184.698761 106.689713 
184.196228 117.360023 
183.766983 127.912094 
183.487671 138.599182 
171.658005 142.616776 
177.297531 145.056885 
183.806686 146.687637 
190.637878 145.168274 
196.845413 143.547089 
148.264481 108.641266 
154.751144 106.817764 
161.534393 106.652214 
167.861679 108.444267 
161.469849 110.385765 
154.566406 110.841934 
201.144913 108.596939 
208.102036 107.027718 
214.781799 107.750854 
220.718552 109.322556 
214.722229 111.263741 
207.843948 110.967690 
164.867599 161.792740 
172.698196 158.347198 
180.486603 156.881897 
185.658417 158.311996 
192.117157 157.352234 
200.059830 159.503235 
207.416061 163.309555 
200.057236 172.276535 
192.104324 175.696136 
185.304367 175.836731 
179.406860 175.091400 
171.913879 170.564987 
169.267838 161.088440 
180.552689 159.990326 
185.660614 161.124878 
191.817520 160.493484 
202.623993 162.660187 
191.939255 166.993622 
185.563110 167.431351 
180.277039 166.391373 
