68 2
133.434540 86.147400 
134.128754 100.536926 
136.505341 114.240753 
140.126892 127.785698 
145.509949 140.775330 
153.005524 152.177948 
163.422211 162.247177 
175.200836 169.941574 
188.337891 172.362122 
201.201462 169.913773 
212.449493 162.117310 
222.021896 152.478546 
229.322342 140.600098 
234.196182 127.941124 
237.654404 114.817436 
239.928040 101.406227 
240.543427 87.858994 
142.967712 70.345703 
150.283066 64.710663 
159.612701 63.503220 
169.177216 65.087471 
177.569000 68.905609 
199.736160 69.260811 
208.640839 66.778557 
217.642960 66.517792 
226.221024 68.706871 
231.886017 74.501976 
188.596375 80.327148 
188.611267 87.714798 
188.698166 95.067825 
188.882751 102.778610 
178.143600 111.597366 
183.071915 113.074310 
188.046600 114.338554 
193.397385 113.621056 
198.327820 112.526642 
153.612228 81.767639 
159.570908 77.927711 
167.082016 78.161224 
173.583206 82.801132 
166.960770 84.446739 
159.468689 84.538948 
202.120178 84.108948 
208.852951 79.862335 
216.113220 80.358223 
221.706726 84.351524 
216.393082 86.852081 
209.167236 86.483337 
171.787781 135.461945 
176.780533 128.155441 
182.682678 124.062408 
187.210999 125.143646 
192.346191 124.527008 
198.313065 129.064270 
202.642761 136.427917 
197.950989 144.415573 
192.309067 147.703766 
186.929291 148.359360 
181.917435 147.609665 
176.410583 143.797668 
175.473267 134.962814 
182.793884 129.501480 
187.263199 129.505341 
192.453140 129.881058 
199.435226 135.880554 
192.475113 138.469528 
187.175064 139.404617 
182.603485 138.285355 
