68 2
170.272552 78.350807 
170.994278 88.276154 
172.495102 98.365669 
175.191193 108.031105 
179.300049 117.150093 
184.861755 125.344345 
192.160858 132.599472 
200.847168 137.771790 
210.369675 139.184494 
219.876434 137.328857 
227.921799 131.828934 
234.643066 124.644135 
240.064133 116.047417 
243.557297 106.557404 
245.341492 96.564835 
246.455078 86.427010 
246.734756 76.204971 
176.316666 67.029915 
181.571228 63.691196 
187.793579 63.685207 
193.788345 65.198975 
199.016724 67.914703 
216.028976 67.243744 
222.218338 64.887970 
228.465652 63.661552 
234.772736 64.035202 
239.509354 67.458275 
208.667435 74.612640 
208.785675 80.686981 
208.967789 86.839226 
209.176819 93.188385 
201.328888 98.544540 
204.965164 99.974823 
208.816574 100.950958 
212.758606 99.973450 
216.265350 98.777641 
183.635712 76.178383 
187.869263 73.357269 
193.277756 73.546127 
197.889282 76.857208 
193.088638 78.109673 
187.763336 78.345718 
218.618057 76.745529 
223.265549 73.369324 
228.580994 73.481979 
232.780380 75.993286 
229.186661 78.141533 
223.900696 78.222412 
195.158646 112.551300 
200.549881 110.060341 
205.099442 108.341255 
208.783676 109.266312 
213.191650 108.184021 
218.108719 109.968483 
222.849854 112.200203 
218.261642 116.298149 
213.524567 118.490425 
208.980408 119.119072 
204.884445 118.582870 
200.272919 116.495033 
197.333115 112.787445 
204.898926 111.558105 
208.809601 111.684341 
213.458191 111.375999 
220.694626 112.459770 
213.460693 112.989471 
208.785660 113.817902 
204.856262 113.312592 
