68 2
95.797691 107.570534 
96.043976 121.048027 
97.064499 134.847305 
99.272064 148.391235 
104.328873 161.228729 
111.332710 172.855591 
120.425011 182.689148 
131.121872 190.056091 
144.227631 191.685211 
157.109161 189.414108 
166.956573 181.166046 
174.967499 171.032227 
181.344162 158.852509 
185.773514 146.012650 
188.300705 133.822479 
190.058701 121.065224 
191.080002 108.103737 
102.580765 94.225060 
108.973915 87.767731 
118.319122 85.740883 
128.049133 86.841248 
136.907303 90.521866 
152.945831 90.534248 
161.541733 86.765320 
170.839417 84.970390 
179.817245 86.678986 
185.046387 93.617935 
145.657257 99.919510 
145.634720 109.658005 
145.768173 119.445053 
145.719391 129.330109 
133.730255 133.055313 
139.020203 135.999329 
144.787476 138.080078 
151.022903 136.089722 
156.172073 133.339355 
113.836929 102.104210 
118.937119 98.593170 
125.391640 98.491356 
130.647202 102.266129 
125.319321 104.526085 
118.909805 104.803917 
158.005157 102.457314 
164.299728 98.395470 
170.816269 98.591560 
175.275131 101.984062 
171.015228 104.982246 
164.554962 104.729874 
124.677193 154.630905 
132.506439 151.860168 
139.704727 150.477005 
144.315125 151.403275 
149.559357 150.412277 
156.069916 151.822174 
162.182892 154.187927 
155.936874 156.894119 
149.626083 158.037003 
144.211655 158.281219 
139.217712 157.874802 
132.426331 156.615891 
128.361160 154.028397 
139.709808 153.413376 
144.246536 153.926773 
149.321854 153.262146 
158.536102 153.518677 
149.573395 152.766571 
144.310364 153.402939 
139.705826 152.991898 
