68 2
142.170914 89.489662 
143.144318 102.250191 
144.429459 114.531601 
146.177811 126.601929 
150.339737 137.905060 
157.233337 148.227112 
165.850876 157.054306 
174.739899 164.427872 
185.227417 166.524033 
195.492203 164.693130 
204.675720 158.170029 
212.411438 150.016800 
218.499680 140.370056 
222.460968 129.732391 
225.112030 118.854370 
227.658829 107.349464 
230.032227 95.586967 
151.893112 84.841370 
157.917603 80.471146 
165.787415 80.150230 
173.557434 82.467354 
180.469009 85.776276 
197.569183 86.669418 
204.583008 84.063469 
212.012756 82.963295 
218.873932 84.553802 
223.775452 89.398155 
189.474457 94.260567 
189.528366 101.720352 
189.532089 109.113800 
189.515686 116.739433 
179.307068 119.677284 
183.628647 121.604889 
188.267456 123.261421 
192.825668 122.261093 
197.070831 120.978897 
160.121155 94.421387 
164.915146 93.830887 
170.122864 93.841782 
175.254730 95.096642 
170.194168 95.797768 
165.026596 95.767662 
200.520599 96.944969 
205.963165 96.585205 
210.785675 97.334930 
215.122208 98.556206 
210.655441 99.431694 
205.743698 98.656906 
168.173782 133.552292 
175.035507 130.597519 
181.995255 129.848862 
186.605347 131.409119 
191.892471 130.940231 
197.687943 132.661072 
202.615891 136.145554 
196.919189 142.396622 
190.795639 144.481079 
185.283478 144.442642 
180.280090 143.559906 
173.865295 140.487976 
170.939606 133.755722 
181.677750 132.761261 
186.394608 133.900513 
191.701508 133.683533 
199.889420 136.030792 
191.085480 139.106720 
185.574295 139.477783 
180.731781 138.385849 
