68 2
174.123154 90.454979 
175.387283 102.816261 
177.467178 114.717560 
180.233582 126.601997 
184.806931 137.864014 
191.167160 148.174072 
199.624466 156.904465 
208.564697 164.027710 
219.718582 165.395004 
230.173553 162.688278 
239.536514 155.057434 
247.514374 146.753571 
253.915833 136.838196 
257.695709 125.813858 
259.876282 114.568199 
262.110962 102.663345 
263.769958 90.145912 
179.049408 84.118538 
184.899857 79.695793 
192.695633 79.195175 
200.279633 81.037476 
206.990799 84.466652 
224.541077 83.375381 
232.357834 80.471138 
240.728516 79.252647 
248.512558 80.996811 
254.319580 85.655983 
216.487885 92.198044 
216.399414 99.498474 
216.358429 106.858757 
216.263367 114.500397 
207.941345 118.234779 
212.052979 120.151695 
216.466415 121.539009 
221.127060 120.075523 
225.479599 118.372955 
187.626251 93.743637 
192.598801 92.275307 
198.172974 92.040054 
203.536194 93.574036 
198.118637 94.514816 
192.635300 94.856903 
230.063660 93.692024 
235.939178 92.429665 
241.302139 92.923897 
246.279190 94.355087 
241.281036 95.632065 
235.836121 95.084160 
199.728394 132.709930 
205.906555 129.550125 
212.249222 128.480103 
216.660782 129.697479 
221.867767 128.545090 
228.752655 129.748825 
235.331131 132.759979 
229.217285 139.402740 
222.538010 142.391754 
217.172333 142.931091 
212.240784 142.460861 
205.717468 139.895615 
202.266815 132.827454 
212.286255 131.475204 
216.819977 132.110748 
222.023407 131.312698 
232.385803 132.774780 
222.175217 137.169830 
216.918457 137.936554 
212.177551 137.383606 
