68 2
141.345566 107.190521 
141.685104 124.749146 
143.551331 142.545944 
146.958313 159.790268 
153.362381 175.866364 
163.444656 189.720856 
176.718826 200.135895 
190.815552 208.300323 
207.017685 209.912842 
221.955368 206.362625 
234.242401 197.051498 
245.010040 185.161240 
252.576981 172.379929 
257.380493 158.389755 
260.635406 143.627151 
263.012268 128.636414 
264.237518 113.420059 
155.114807 93.749649 
164.799866 87.994865 
176.176010 87.581818 
187.686523 90.115013 
197.793152 95.564178 
226.417801 95.738663 
236.363632 91.947525 
246.304764 90.504074 
255.980286 91.838310 
261.534851 98.282013 
212.780380 109.155006 
212.616425 117.003838 
212.617294 124.929161 
212.637390 133.067657 
198.676941 144.554886 
204.530853 145.883911 
210.409149 147.243027 
216.045822 146.694122 
221.173477 145.696838 
169.877518 109.831207 
177.686478 107.354034 
185.627655 107.448990 
192.196716 111.513741 
185.065491 112.603935 
177.182266 112.338799 
228.236435 113.356743 
236.571671 110.050201 
243.843781 110.439453 
249.383270 113.454170 
243.788055 115.792427 
236.381165 115.169403 
183.008041 168.341324 
193.566650 164.037125 
203.022766 161.842392 
207.857300 163.909515 
213.194855 162.388306 
220.952820 165.591736 
228.726288 170.359680 
220.875702 176.272385 
213.146484 178.516907 
207.340271 179.078308 
201.488434 178.576965 
192.504089 175.328278 
186.658707 168.727295 
202.581970 167.681320 
207.764664 168.357086 
213.316574 167.726334 
225.231323 170.617966 
213.394363 170.356827 
207.802948 171.015320 
202.366226 170.476807 
