68 2
158.669769 74.907677 
158.494476 89.137421 
160.166687 103.127899 
162.895538 116.502090 
167.625443 129.620575 
174.237411 141.978195 
182.659485 152.875671 
193.450897 161.155457 
206.934616 162.878876 
219.957458 160.224182 
230.791428 152.264465 
239.625671 142.681610 
246.676239 130.726700 
252.094238 117.539566 
255.241211 103.869164 
257.454376 89.582497 
258.777710 74.938652 
164.088074 69.640518 
170.966980 64.501495 
180.340759 63.802742 
190.088379 66.070976 
198.766983 70.400345 
214.247696 69.997826 
223.399017 64.638809 
233.471008 61.168770 
243.797668 61.593369 
250.792694 67.390472 
206.991043 79.068695 
206.874329 90.379486 
206.807297 101.713669 
206.615662 113.249168 
194.550644 114.121002 
200.238251 117.352959 
206.631149 119.887711 
213.184052 116.882500 
218.713272 113.500046 
174.419678 78.383034 
180.127106 75.853256 
187.411011 76.164627 
192.999390 80.219696 
186.966248 82.481720 
179.788025 82.306610 
220.792267 79.831329 
227.230850 75.105927 
234.077850 74.576538 
239.431015 77.132805 
234.815155 81.091217 
227.958176 81.561920 
187.900162 134.031525 
195.639877 131.671112 
202.386856 129.956467 
206.647766 131.108231 
211.382156 129.800629 
218.533936 130.849487 
226.362549 132.633118 
219.318573 138.788834 
212.448639 141.907867 
207.123352 142.704407 
202.066727 142.255630 
195.242630 139.835449 
191.275940 134.291016 
202.342102 133.979172 
206.804901 134.312317 
211.297028 133.665802 
223.219193 133.292389 
211.658356 135.099838 
206.876434 135.719742 
202.385483 135.358810 
