68 2
145.371582 127.908340 
146.955490 143.229462 
149.658096 158.294800 
152.555328 173.322174 
158.438171 186.843857 
168.873672 197.512314 
181.729034 205.206024 
195.016968 212.265762 
209.709915 213.614700 
223.730225 210.930328 
236.291718 202.866348 
247.386169 193.856720 
255.470078 182.262939 
259.705627 168.490311 
261.670105 153.994461 
263.707275 139.614471 
264.462616 124.894135 
154.220917 108.645615 
160.564636 100.261024 
170.416351 95.092575 
181.588776 94.926376 
191.507782 97.808723 
221.044189 96.525711 
231.275208 92.700142 
241.889084 92.544914 
251.226395 96.952003 
257.313416 104.279007 
206.657166 113.712975 
207.121109 122.830093 
207.575638 131.753784 
208.112183 140.791428 
196.713516 151.852768 
202.267029 153.125366 
207.815857 154.269745 
213.367950 152.887985 
218.610870 151.423355 
165.772064 120.744469 
172.895966 115.561523 
181.696106 115.010269 
190.159241 119.546646 
182.211807 121.644966 
173.413116 122.674454 
222.014221 119.132774 
231.028503 114.138763 
239.520050 114.271088 
246.182785 118.616074 
239.621902 120.874756 
231.084290 120.647705 
179.940430 172.491226 
190.624557 166.736633 
201.019394 163.755112 
208.184601 164.363098 
215.997574 163.333115 
226.275253 165.615219 
236.045517 170.100647 
226.516754 179.777466 
216.640457 183.781799 
208.642151 184.878235 
201.147339 184.361069 
190.696045 180.928604 
184.287903 172.500793 
201.344208 168.967041 
208.334335 168.796127 
216.310379 168.383224 
231.917404 170.590881 
216.539917 176.718964 
208.391632 177.587967 
201.365875 177.554657 
