68 2
112.384979 139.006119 
113.121887 151.986511 
115.424164 164.515060 
118.838829 176.782684 
123.682564 188.388275 
131.141708 198.737854 
140.831680 207.086365 
152.213089 213.391769 
164.759262 214.998840 
176.076141 212.982269 
185.904053 205.866974 
193.721619 197.087708 
198.772202 185.994080 
202.265976 174.374802 
205.059952 162.722961 
207.140671 151.168762 
207.790161 139.777176 
121.825470 124.662460 
128.998688 117.283623 
139.020584 114.342110 
149.455811 115.301651 
158.600937 119.109161 
169.956406 118.953644 
178.911697 115.702721 
188.255615 115.182304 
197.137085 118.293861 
202.585892 125.103363 
164.881485 129.887619 
165.283249 138.167267 
165.644836 146.309433 
166.058197 154.671341 
156.042664 163.174332 
160.558624 164.106659 
164.959564 165.245544 
169.008774 164.325241 
172.664413 163.355743 
132.462021 132.326920 
138.301575 128.689728 
144.861572 128.867401 
150.323593 133.462051 
144.624924 134.447144 
138.108078 134.359131 
176.239960 133.574799 
181.964462 128.860092 
188.271240 128.996262 
193.216858 132.619125 
188.607666 134.474960 
182.575989 134.534134 
144.118240 183.228546 
151.511566 177.919067 
159.173843 174.676636 
163.819199 175.584946 
168.765121 174.716476 
175.713425 178.431747 
181.374268 183.966934 
175.990494 190.667175 
169.576233 194.164246 
164.442627 194.816086 
159.292542 194.277084 
151.553864 191.075165 
147.202576 183.424011 
159.319855 179.784973 
163.758972 179.630539 
168.828964 179.720078 
178.581116 183.967712 
169.171570 186.803635 
164.175842 187.425507 
159.560974 187.067505 
