68 2
108.376808 79.263779 
108.980591 100.399818 
111.633209 121.779228 
116.282509 141.929276 
122.812607 161.569412 
131.248871 179.703537 
142.845139 195.284821 
157.096970 207.934021 
176.852173 212.603912 
196.692947 210.319595 
214.808029 200.598831 
231.507294 187.439026 
245.714142 171.738159 
256.047577 153.119720 
262.465973 132.436829 
266.545563 110.206619 
269.394287 87.493835 
111.736015 57.082100 
121.163361 45.488842 
136.549454 44.026798 
151.394913 48.449268 
165.573502 55.029251 
195.193451 55.886665 
212.281830 51.195438 
228.737869 47.749691 
245.743622 50.867352 
257.047882 62.265606 
178.508118 72.536659 
177.147308 84.925346 
175.617493 97.207375 
174.071289 110.130035 
159.753326 121.995155 
166.906433 125.359650 
174.764221 128.056534 
184.283325 125.868233 
193.186584 123.399078 
126.918175 74.352211 
135.528961 68.226357 
147.637360 68.534752 
157.469299 76.208282 
147.086197 79.020317 
135.194519 79.464218 
205.965988 77.488632 
216.720581 70.788925 
228.944794 71.806793 
237.776062 78.185638 
228.941193 82.161758 
216.974991 81.124603 
148.628845 157.157486 
158.156326 153.032303 
167.361679 150.279129 
174.500427 153.132782 
183.178070 151.211166 
194.666534 154.980896 
206.757004 159.541840 
194.304871 168.544266 
183.200790 172.372803 
173.923340 173.071945 
165.866608 171.505066 
157.310791 167.427612 
152.948471 158.538132 
166.649765 158.929504 
174.630188 160.215073 
183.831589 159.367737 
201.795273 160.438736 
183.648499 160.014160 
174.435181 161.068253 
166.439865 159.117554 
