68 2
165.903702 86.191734 
167.008240 99.751732 
170.164749 112.788391 
173.955582 125.391060 
178.845245 137.392273 
186.218048 147.823135 
195.053146 157.133728 
205.833618 163.884415 
217.155991 165.268906 
227.622498 162.168701 
236.373154 154.525009 
243.821594 145.066116 
249.607559 134.010818 
253.421173 122.179688 
256.144470 110.622375 
258.264038 98.219803 
258.857300 85.380852 
173.378510 75.554214 
180.239243 70.080093 
189.201584 68.734673 
198.544464 70.479843 
206.663055 74.365692 
219.035461 74.725281 
228.078339 71.113243 
237.459534 69.644424 
246.799133 71.821671 
253.236633 77.734413 
212.877426 84.541534 
212.758713 93.560066 
212.744980 102.551971 
212.709885 111.713585 
205.608994 118.348213 
209.293564 119.283447 
213.179123 120.048355 
216.794220 119.196747 
220.147964 118.132774 
182.639572 84.872299 
188.176086 81.395195 
195.246643 81.852570 
200.649506 87.128166 
194.671066 88.585609 
187.749908 88.316376 
225.459290 86.859016 
231.075745 81.861748 
237.796463 81.661957 
242.798523 85.150703 
238.402618 88.107330 
231.998703 88.395233 
201.096939 139.190994 
205.480408 133.393143 
209.979691 129.563904 
213.531677 130.372559 
217.176941 129.783386 
222.083664 133.774384 
226.266068 138.542618 
222.342300 143.305359 
218.055725 146.533997 
214.210876 147.436462 
210.147812 146.428925 
205.854736 143.316223 
204.861557 138.601883 
210.233704 135.167007 
213.644241 135.354828 
217.209015 135.256027 
223.168381 138.058823 
217.389481 138.179901 
213.836777 139.178558 
210.268433 137.976501 
