68 2
121.196342 102.154831 
123.788734 127.596924 
129.138367 152.939590 
134.402161 176.698914 
143.311157 198.979599 
156.434906 218.771042 
172.013535 236.607101 
189.253448 250.074951 
210.524353 252.369705 
230.765274 248.059143 
246.838516 232.756592 
261.013306 215.054703 
272.760620 195.093140 
281.215942 173.153778 
286.567169 150.254181 
290.444214 126.375648 
292.229492 101.739105 
127.843292 91.808372 
139.480728 78.365280 
158.707169 76.914825 
177.591858 82.490326 
195.688782 89.223618 
221.056610 89.785019 
238.619553 82.036888 
255.640839 75.268707 
273.875702 74.494400 
286.424744 84.709862 
208.426544 100.888268 
208.601349 118.378815 
209.095840 135.769440 
209.410583 153.825760 
189.005234 161.938904 
198.705139 165.879196 
209.400757 169.474274 
220.244705 165.621765 
229.691269 161.704163 
146.237091 103.937042 
156.219284 97.851814 
169.190399 97.908043 
180.207214 105.108032 
168.819931 108.237282 
156.111053 109.025726 
235.510193 104.137749 
246.824219 96.295303 
259.367035 96.400497 
269.062195 101.695343 
260.421997 106.466972 
247.966141 106.526260 
175.553162 194.726028 
188.827820 190.593079 
200.469193 188.009155 
209.657791 191.450897 
220.453781 188.612915 
232.828934 191.029297 
244.948074 193.633728 
233.018524 205.965515 
220.576721 212.216141 
208.933105 213.194794 
198.438797 211.604233 
187.676331 205.745865 
181.119919 195.692566 
199.781952 195.505188 
209.692810 197.192932 
220.917206 195.877380 
240.000458 195.354843 
220.706924 198.522156 
209.104813 200.158417 
199.184921 198.140991 
