68 2
114.079796 144.742310 
113.728081 162.121887 
114.837265 179.306534 
117.056572 195.389359 
121.907196 210.764099 
130.293411 224.513489 
142.370743 236.296494 
156.825012 245.703293 
174.956497 249.022949 
193.685135 247.003281 
210.337433 238.846893 
223.985657 228.090790 
234.081116 214.178879 
240.445313 197.922363 
243.261444 180.587280 
244.854080 163.098083 
245.989441 146.262711 
125.416748 117.545197 
133.086349 109.162712 
144.110275 106.214371 
155.607849 107.254929 
166.558502 110.354988 
191.914337 109.630928 
203.911636 106.748383 
215.811584 106.299049 
227.610565 108.997391 
235.497253 117.564713 
178.342911 125.095039 
177.816544 134.920288 
177.061432 144.689972 
176.300888 154.966354 
163.268524 163.711578 
169.551712 165.582260 
176.009521 167.422058 
183.359421 166.318787 
190.361145 165.394043 
137.364090 133.123016 
144.424103 129.077606 
153.077560 128.501450 
160.672882 132.107544 
153.248093 134.186951 
145.214630 134.722351 
197.676590 131.801025 
206.168152 128.656479 
214.668884 129.158417 
221.618439 133.213593 
214.568298 135.063980 
206.409637 134.182281 
150.072250 196.071365 
155.835312 182.811096 
165.685577 177.186234 
174.233215 178.562225 
183.792816 178.223999 
194.340851 184.784134 
201.503860 197.625977 
193.465973 208.313385 
183.123245 213.501343 
173.381989 214.145630 
164.727371 212.804337 
155.572693 206.876999 
154.976089 195.070984 
166.089752 186.014252 
174.355316 186.130707 
184.043777 186.687088 
196.757828 196.649200 
183.712097 201.042862 
173.842834 201.723083 
165.442902 200.398651 
