68 2
98.094269 83.052895 
96.894989 108.842216 
98.136230 134.359833 
102.216499 160.006516 
108.648407 185.049347 
121.598053 207.879395 
142.392166 225.592499 
167.810577 237.620636 
196.808487 241.925110 
226.362244 238.301331 
252.087570 227.566681 
273.150116 210.965927 
286.360046 189.017883 
294.533020 163.049393 
298.924377 137.749603 
301.289551 112.492348 
301.603729 87.843712 
116.992729 53.384537 
128.513550 37.005692 
147.664246 29.743477 
168.075012 31.874800 
186.280350 39.845024 
218.655991 39.995651 
237.898575 34.066059 
258.029633 34.010071 
276.521942 42.271210 
287.670990 57.144173 
203.251007 63.299717 
202.325867 77.300308 
201.345596 91.085297 
200.521866 105.802605 
179.124283 125.710762 
189.349976 129.583176 
199.743713 132.824081 
210.211502 130.413513 
219.612518 127.528549 
138.041580 74.315582 
150.422073 67.256088 
164.354919 67.269257 
177.585617 75.300171 
163.851776 78.351913 
150.072891 78.193314 
227.519318 76.391464 
241.799210 69.578079 
255.323380 70.552658 
266.349365 77.909309 
255.101257 80.763222 
241.760681 80.082428 
152.802048 167.083344 
170.407288 155.881012 
187.688293 150.793472 
198.184402 152.915146 
209.333496 151.325989 
226.737488 158.167221 
243.281921 168.364670 
226.705658 184.374451 
209.672501 191.328720 
197.124496 192.889175 
185.448563 191.109619 
168.568176 183.324814 
158.763657 167.430313 
187.050812 159.804657 
197.693390 160.241608 
209.428101 160.261749 
237.270569 168.893738 
209.495453 178.001999 
197.326599 179.893326 
186.101303 178.334473 
