68 2
88.788452 69.616798 
88.437515 84.901939 
89.254913 100.083588 
91.287750 115.408775 
95.981651 130.332184 
103.291351 143.243713 
112.846222 154.421448 
125.099228 162.853226 
140.858185 164.623474 
155.987106 162.273560 
167.998291 154.117981 
178.117706 143.191788 
186.687653 130.930725 
192.410019 116.343712 
195.138153 101.697441 
197.018494 86.308685 
198.145737 71.998581 
94.984253 51.860748 
101.132721 43.179497 
111.449532 39.362488 
122.975983 39.956078 
133.722763 43.468815 
152.850754 44.005634 
163.316513 40.090908 
174.570740 39.352367 
184.823425 42.812901 
190.895447 51.201389 
143.601486 56.359295 
143.329880 66.053940 
143.198959 75.718735 
142.918243 85.815750 
130.205872 94.469528 
135.826645 96.968864 
142.094543 98.464836 
149.077255 97.056801 
155.273499 94.841934 
107.065872 60.631096 
113.721542 56.211109 
121.911797 56.169964 
128.569031 61.188972 
121.586456 63.540936 
113.504402 63.856541 
158.324692 61.677410 
166.307312 56.407543 
174.167023 56.505997 
179.769958 61.278591 
174.370453 64.605835 
166.523865 64.253723 
119.530830 122.353516 
128.396515 118.222740 
136.852982 115.716591 
141.917236 117.039703 
147.647354 115.696152 
155.316772 118.096275 
163.479630 121.807617 
155.429108 123.621284 
147.750778 124.171944 
141.873352 124.464386 
136.416092 124.337387 
128.233093 123.840836 
124.183609 121.181671 
136.981384 119.457710 
141.955582 120.329918 
147.466614 119.430283 
158.783432 120.671234 
147.710556 118.564911 
142.125107 119.179848 
136.986023 118.825890 
