68 2
107.954567 137.681396 
109.674934 151.627045 
113.086388 164.925537 
117.186119 177.972275 
122.093628 190.367188 
129.773941 201.127060 
139.665619 209.573776 
151.034042 215.265930 
163.439041 216.442719 
174.301239 213.616074 
183.632584 206.251755 
191.267822 197.056122 
196.050537 185.406143 
199.597229 173.229126 
202.673904 161.433289 
204.889252 148.970764 
205.307465 136.013458 
117.977592 125.299713 
124.949463 117.664429 
135.322723 114.534752 
146.045609 114.918007 
155.518524 118.492798 
166.909378 117.798187 
175.787842 114.547417 
185.287659 113.900421 
194.379211 116.729996 
200.055374 123.526939 
162.035660 129.847717 
162.627121 139.460175 
163.160431 148.778152 
163.742889 158.404770 
153.927490 165.705811 
158.421143 166.853424 
163.074432 167.778275 
167.106735 166.833694 
170.687302 165.520828 
129.295166 132.169830 
135.136658 128.850586 
141.491455 128.967712 
147.026901 133.172684 
141.485718 134.059265 
134.918182 134.120789 
173.173233 132.721039 
178.736328 128.150955 
184.771530 128.064331 
189.648895 131.322922 
185.194031 133.162079 
179.305847 133.340500 
148.122009 187.224274 
153.642014 181.910706 
159.261887 178.427292 
163.295959 179.287933 
167.400330 178.504181 
172.287430 181.974289 
176.890701 186.565216 
172.492416 192.899094 
167.805115 196.669266 
163.093292 197.619644 
158.375748 196.764130 
153.021118 193.271072 
150.937393 186.710342 
159.155289 182.295853 
163.187820 182.286285 
167.364761 182.336990 
174.476105 186.473724 
167.410019 189.817032 
163.012070 191.034500 
158.863007 190.081558 
