68 2
157.667297 100.368172 
158.024658 115.390923 
160.013916 130.287476 
163.314682 144.730331 
169.415604 157.984222 
177.953888 169.579453 
189.227493 178.653870 
201.961304 186.050842 
216.478516 188.293671 
229.578125 186.032669 
240.728409 178.571060 
249.686798 168.311462 
256.352936 156.145477 
260.303833 142.786240 
263.330750 129.006714 
265.847473 115.133575 
267.071106 100.532455 
168.176208 83.295197 
176.747513 77.494003 
187.163696 76.651535 
197.594559 78.585243 
206.987289 82.887238 
229.263077 82.852783 
238.910263 79.305099 
248.691956 78.048325 
258.271729 79.501083 
264.558807 85.991119 
219.659164 95.148705 
220.118805 101.910866 
220.625046 108.809845 
221.182541 115.862617 
208.562820 126.153442 
214.264053 127.134628 
219.826523 127.866295 
224.556091 127.314804 
229.098419 126.499649 
180.324554 96.710724 
187.242447 93.805466 
194.473770 94.082245 
201.004532 97.898560 
194.386047 98.702095 
187.259003 98.661934 
233.765350 98.451019 
240.934982 95.336594 
247.698669 95.444328 
252.858459 98.425819 
247.664200 100.190926 
240.955597 99.735901 
195.037628 148.143341 
203.329636 142.672714 
212.082809 140.117691 
218.145935 141.544891 
224.583099 140.501114 
231.672638 143.781143 
237.405975 149.822327 
231.597977 155.859253 
224.859726 159.189880 
218.027039 160.096924 
211.266708 159.337143 
202.876770 155.520203 
198.534424 148.414581 
211.808350 145.550888 
217.973175 145.701065 
224.570618 145.615829 
234.222626 149.632004 
224.940598 151.877487 
218.201736 153.042526 
211.757690 152.105576 
