68 2
144.028595 110.654556 
144.219345 127.694931 
146.077393 144.163147 
148.641418 160.135803 
154.043060 174.783463 
163.004089 187.588409 
175.977570 197.028870 
190.705154 203.540588 
206.903488 205.480957 
221.843216 203.589279 
234.190002 196.268173 
244.239532 185.843399 
251.522430 173.334900 
255.693420 158.908340 
259.182251 144.467819 
262.365356 129.751480 
263.987457 114.649445 
156.588638 93.775673 
165.463211 86.744141 
176.886902 85.157600 
188.476044 87.287994 
198.782211 92.467972 
226.615585 92.918381 
237.031845 89.522919 
247.306961 89.041946 
256.570709 91.867706 
261.723938 99.386658 
213.536026 106.172821 
213.657227 113.241997 
213.974854 120.384682 
214.318451 127.735092 
200.487762 139.237976 
206.230774 140.633041 
211.934464 141.808945 
216.849548 141.470581 
221.411621 140.583923 
170.030197 107.070908 
177.327652 104.031784 
185.182205 104.255806 
192.287643 108.566246 
185.004669 109.519211 
177.175720 109.370087 
228.277039 110.351891 
236.305283 107.483124 
243.508057 108.105957 
248.662216 111.628677 
243.307022 113.461639 
236.049881 112.543648 
185.591141 164.483444 
195.454956 158.199432 
204.568924 155.414337 
210.110168 157.119598 
216.001144 155.969833 
222.889832 159.907471 
228.605881 166.828934 
222.123810 171.540344 
215.614670 173.439545 
209.487534 173.827118 
203.328918 173.454315 
194.687546 170.871750 
189.673935 164.377258 
204.391739 161.921432 
209.935089 162.266556 
215.821457 162.095291 
225.058731 166.314987 
215.827515 165.203903 
209.892990 165.832794 
204.181122 165.366714 
