68 2
152.689880 72.854530 
154.240662 83.588280 
156.792557 93.652924 
159.523010 103.628487 
163.242874 112.867722 
168.846085 121.487587 
176.267166 128.861389 
184.760590 134.099350 
194.654083 135.387634 
203.961853 132.989578 
212.064636 127.360023 
219.011490 120.234741 
224.049454 111.363121 
226.911865 101.619164 
228.490341 91.734230 
229.986710 81.275970 
231.060135 70.532402 
157.000427 68.283516 
162.268982 63.828159 
169.587494 62.623447 
176.936890 63.795593 
183.806824 66.232849 
196.093338 65.348297 
203.053528 62.461960 
210.473877 61.147942 
217.712692 62.225437 
223.326569 66.326828 
190.593201 72.027710 
190.951065 78.632675 
191.278076 85.245010 
191.574051 92.126007 
183.828125 96.839355 
187.551697 98.425079 
191.650589 99.697968 
195.750641 98.200920 
199.464447 96.362404 
165.411804 74.386215 
169.590881 71.649673 
174.998856 71.554985 
179.635025 74.905594 
175.008926 76.220757 
169.559753 76.610641 
201.293640 74.205338 
205.984787 70.438263 
211.326767 70.298149 
215.734970 72.719200 
211.996063 75.052246 
206.699966 75.367920 
177.886490 110.357193 
183.010910 107.681641 
188.051849 106.419975 
191.753143 107.374252 
196.117401 106.231178 
201.632614 107.480492 
207.021591 109.548332 
202.260880 115.055679 
196.927811 117.422256 
192.308716 118.037827 
188.085663 117.750206 
182.849991 115.630585 
180.187073 110.427002 
188.095673 109.116882 
191.794296 109.508575 
196.341248 108.871193 
204.568436 109.905113 
196.513855 112.711670 
192.035019 113.472900 
188.197586 113.037079 
