68 2
130.844940 116.785751 
130.089706 132.981216 
130.678268 149.687454 
133.132767 166.531494 
138.018860 182.230209 
146.986801 195.558807 
160.099365 206.147217 
175.194901 212.423828 
192.127350 214.126785 
209.002487 212.518707 
225.120468 206.773926 
238.743820 197.200272 
248.245010 184.372131 
253.510925 168.754822 
255.815109 153.297943 
257.114136 137.341034 
257.918793 121.906387 
145.703079 94.049065 
153.568542 89.247353 
163.067520 87.512085 
172.742264 87.551628 
182.548965 89.754868 
208.285156 89.826332 
218.124222 87.431992 
227.957443 87.086128 
237.356628 89.218430 
244.469696 94.961823 
194.042847 105.362366 
193.476868 114.897705 
192.715393 124.692764 
191.960571 134.420822 
179.891861 144.204559 
185.838791 145.618958 
191.990311 146.918320 
198.492371 146.160263 
205.008286 145.631622 
157.991821 110.218575 
164.248779 108.287323 
170.763397 107.599648 
176.943726 108.906395 
170.739258 110.235588 
164.491959 110.818535 
213.164490 109.825012 
219.555679 108.358337 
226.450134 109.298431 
232.453964 111.644859 
226.350800 112.285164 
219.625473 111.517883 
170.318573 167.428192 
176.374451 160.120560 
183.898621 156.976028 
190.717468 158.512848 
198.185822 157.957550 
206.787964 162.107132 
214.301147 169.542114 
206.426575 174.438904 
197.741653 175.621887 
190.463440 175.487152 
183.496078 174.725250 
176.047180 172.394577 
175.855347 166.154877 
184.062683 162.834198 
190.629639 163.794220 
197.651199 163.845840 
208.254578 167.904251 
197.571960 166.207001 
190.400772 166.103775 
183.794540 165.526520 
