68 2
93.558380 104.903023 
93.689407 123.191666 
95.158234 141.226395 
97.462212 159.423721 
102.037910 177.382141 
110.540474 193.988098 
123.796455 208.694855 
140.232666 220.503311 
158.575394 224.266159 
176.345810 220.206284 
191.914093 209.277573 
205.082321 195.881165 
214.830872 180.035217 
220.195496 162.896881 
223.617111 145.596481 
226.716095 127.666901 
229.130859 109.434975 
104.837875 90.560158 
113.636337 83.500771 
125.954292 81.694618 
138.189865 84.217125 
148.860046 89.220329 
173.882813 88.622528 
185.320633 84.888649 
197.220123 83.570885 
208.155975 86.027351 
215.914169 92.757553 
161.504456 105.603813 
161.010193 117.666229 
160.419861 129.598450 
159.979843 141.854736 
146.457794 148.309830 
152.766815 151.514954 
159.387268 154.180923 
166.444366 151.656204 
173.146881 148.539825 
119.087616 108.546295 
127.121040 107.073341 
135.146912 106.947403 
143.190948 108.868118 
135.104980 110.040863 
127.266022 110.152451 
179.040253 110.209015 
187.529480 109.129341 
195.211578 109.826469 
202.469406 111.604469 
195.089767 112.786667 
187.416336 112.045189 
131.309555 172.411819 
141.849854 166.759781 
152.375641 164.482971 
159.321014 166.181030 
167.585785 164.883057 
178.136002 167.533310 
187.998016 172.675262 
178.907822 185.381912 
168.582352 191.661789 
159.759659 193.097122 
151.550705 191.786026 
140.904541 185.603378 
135.599258 173.016327 
152.267685 169.952301 
159.514969 170.635452 
167.993866 170.048492 
183.516006 173.336914 
168.346909 182.143661 
159.575729 183.824951 
151.889389 182.433792 
