68 2
129.402603 83.719116 
129.536148 96.626373 
131.174210 109.851410 
134.309921 122.686752 
138.858826 134.709549 
145.234100 146.046494 
154.752869 156.033508 
166.561234 163.515121 
180.605591 165.778137 
195.105606 163.867783 
207.590500 157.597565 
217.748642 148.623520 
224.798309 137.196426 
229.454971 124.965927 
231.995148 111.560051 
233.353165 98.442291 
233.986496 85.480446 
137.849915 67.839149 
144.683105 61.690029 
153.798691 59.695721 
163.357895 60.778328 
171.699402 64.835419 
193.135315 64.623863 
201.961761 61.958172 
210.872681 61.952095 
219.523544 64.329315 
225.357727 70.441559 
182.263870 75.973618 
182.168976 82.335266 
182.182327 88.729477 
182.332520 95.547348 
172.377640 106.055328 
177.112885 107.253647 
181.990555 108.425018 
187.278320 107.493912 
192.129990 106.491089 
148.568863 78.445709 
154.235428 74.272881 
161.246506 74.521782 
167.336716 79.283859 
160.981735 80.708206 
153.937378 80.778603 
196.915222 79.769516 
203.142792 75.458473 
209.561249 75.806236 
214.773193 79.863823 
209.928070 81.821152 
203.413330 81.528221 
162.936005 128.920395 
170.747971 123.182983 
177.202103 119.909088 
181.862473 121.251411 
187.243744 120.039703 
194.397598 123.611855 
201.096268 128.829407 
194.370529 135.401306 
187.384247 138.074829 
181.721527 138.645081 
176.570267 137.937805 
170.213470 135.438538 
166.540848 129.042160 
177.132355 125.533676 
181.916550 125.693901 
187.500687 125.491280 
197.978638 128.982483 
187.318832 130.209152 
181.767654 130.745041 
176.967728 129.966248 
