68 2
127.237457 81.370308 
127.097443 96.049324 
129.185120 110.721458 
132.852402 124.670479 
138.076645 138.186020 
144.635925 150.422272 
153.088364 161.608154 
163.223663 170.322586 
176.543182 173.364349 
190.353943 170.825546 
201.998856 162.851578 
211.790009 152.326096 
219.213562 139.866837 
224.584320 126.474396 
228.278885 112.742996 
230.641220 98.439301 
231.861572 84.213310 
136.022644 67.052063 
142.597702 61.069668 
151.377258 59.809795 
160.461960 61.536167 
168.034241 65.883163 
190.519318 65.998260 
199.738495 63.796658 
208.992126 63.680515 
217.680573 66.413155 
222.896698 72.973099 
179.036728 79.039024 
178.727127 86.842499 
178.433334 94.590004 
178.211365 102.518585 
168.153641 110.473915 
172.861847 112.241852 
177.825928 113.587830 
183.211060 112.866127 
188.032715 111.733116 
146.421448 79.801804 
152.098450 76.510384 
159.262619 76.875175 
165.150864 81.506203 
158.805847 83.057114 
151.880554 82.873642 
192.992661 82.726219 
199.545822 79.005234 
206.440613 79.606766 
211.747940 83.357300 
206.437332 85.638924 
199.496063 85.220421 
162.274994 134.403137 
166.402145 127.789429 
171.841125 124.181976 
176.474716 125.348022 
181.402847 124.935143 
187.114578 129.338364 
191.469223 135.548386 
186.444687 143.830750 
180.793915 147.888458 
175.528580 148.624359 
170.443481 147.312622 
165.640396 142.467300 
165.557846 134.287872 
171.678894 130.175171 
176.658340 130.459274 
181.796555 131.019760 
188.490662 135.495911 
181.270493 138.337097 
175.914917 139.334290 
170.997833 137.884384 
