68 2
108.134827 109.295403 
108.296890 129.575592 
110.259262 149.789963 
114.908607 169.384903 
122.771210 187.833008 
132.637848 204.107285 
145.904709 218.719345 
161.166183 230.703445 
179.204575 234.741913 
196.159775 232.053818 
209.612198 221.139343 
220.702286 207.009583 
229.033798 190.902756 
235.457977 173.714890 
239.579651 156.477005 
243.650497 137.922821 
245.358322 119.787682 
125.925865 91.225868 
135.342697 84.797691 
146.893112 83.411690 
159.077988 85.283936 
169.206726 91.010841 
202.730164 93.681549 
213.584305 89.538559 
224.704834 89.462212 
234.834900 93.908882 
240.159073 101.953308 
184.921570 112.364845 
183.987976 125.729111 
183.026169 138.940903 
182.227646 152.411514 
168.970291 158.437363 
175.035614 161.599228 
181.455948 163.985123 
187.838562 162.742081 
193.631470 160.762848 
139.737350 109.496666 
147.635498 104.763100 
157.560989 105.796913 
165.027649 112.669769 
156.542786 114.741646 
146.721085 114.235893 
201.695129 116.226768 
210.750458 110.825722 
220.129822 111.482018 
226.232742 117.376869 
219.716507 120.742065 
210.659683 119.816025 
157.234940 187.831390 
166.293076 182.625137 
173.748962 180.462646 
180.628983 182.863464 
188.294128 181.704559 
195.519958 185.295807 
201.271332 190.631912 
195.951721 197.124466 
188.575668 200.769592 
180.454880 201.490799 
172.751633 199.771912 
165.487167 195.864838 
161.225159 188.162064 
172.713196 186.077774 
180.439072 187.549835 
188.619995 187.229599 
197.919662 189.982040 
189.093262 190.481873 
180.634583 191.516266 
172.733231 189.519577 
