68 2
146.950119 94.371490 
147.194489 112.152611 
148.834045 130.310135 
152.463181 147.063110 
159.219376 163.128082 
169.341415 176.956116 
181.196915 190.051773 
193.339249 201.400574 
208.251892 205.917908 
223.840485 203.372116 
238.542908 194.335693 
252.372559 183.601974 
264.556549 169.469284 
273.623566 153.287399 
278.102966 136.207703 
280.855408 118.539444 
283.217773 99.781273 
158.773819 86.545525 
166.987396 80.165833 
178.043701 79.604858 
189.792801 81.509109 
200.794891 85.708488 
222.099670 86.644051 
233.820618 83.878593 
245.474716 82.736717 
257.204224 84.235756 
265.777496 91.022842 
209.539688 100.857689 
208.020889 113.155167 
206.559891 125.652412 
205.143433 138.132507 
194.209183 139.056961 
199.747742 142.761475 
206.512451 145.058136 
214.325012 142.758102 
221.478302 139.999512 
172.072891 100.323181 
178.788071 98.367645 
186.269669 98.527718 
192.921417 101.172722 
186.205154 103.038795 
178.689758 103.241486 
229.144592 102.523102 
236.479462 100.853325 
243.820938 101.716835 
249.953018 104.080185 
243.420380 106.148308 
236.289688 105.399704 
187.467972 156.719177 
194.621262 154.596054 
201.624573 153.057724 
207.662399 154.117081 
214.996414 153.929413 
223.907898 156.736771 
232.684753 160.464020 
223.744186 170.123703 
214.595032 174.032440 
207.181213 173.937607 
200.319748 172.666534 
193.339279 167.326920 
191.604736 157.565414 
201.228745 156.643829 
207.669800 157.211166 
215.217331 157.499695 
228.408020 160.466080 
215.267227 165.577820 
207.641754 165.668076 
200.814377 163.912918 
