68 2
128.239334 82.374184 
128.657349 96.121323 
130.426056 109.757477 
133.063126 123.200958 
137.996094 135.649780 
146.315613 146.734482 
156.725555 155.717133 
169.273544 162.224503 
183.366074 164.100525 
197.296982 162.406387 
208.521301 155.188553 
217.365753 145.784241 
223.956192 134.538208 
227.814560 121.844589 
230.341690 109.567657 
232.205978 96.881699 
232.765930 84.393402 
137.522888 63.577915 
143.330948 54.993870 
153.066284 51.040672 
163.492233 51.691692 
172.325790 56.121872 
195.318115 56.204594 
205.387756 53.780567 
215.261108 55.343201 
223.688507 60.422234 
227.719513 68.974777 
184.691803 73.108025 
185.059296 80.609077 
185.398926 88.060982 
185.996155 95.821152 
173.826202 105.718323 
179.272156 107.154495 
184.759903 108.684776 
190.009949 107.571381 
194.932877 106.807312 
148.922913 75.934280 
155.179871 72.520134 
162.422256 72.920341 
168.658722 77.395271 
162.038513 79.011719 
154.651566 78.769150 
197.482727 78.512886 
204.383408 74.676788 
211.317352 75.371063 
216.503113 79.368195 
211.238129 81.269623 
204.386185 80.913986 
161.194000 128.089066 
170.661316 122.392906 
179.077240 119.248505 
184.499390 120.642052 
190.495438 119.441322 
198.181290 123.610191 
204.308655 129.298859 
197.635391 136.587921 
190.405167 140.384827 
184.228317 141.007126 
178.309601 140.450500 
169.994324 136.801117 
164.800751 128.364243 
178.971802 126.028603 
184.376526 126.119469 
190.675110 126.162079 
201.072174 129.514664 
190.341003 131.633423 
184.140091 132.180847 
178.694351 131.728714 
