68 2
119.423325 81.239983 
120.659821 100.253082 
123.248016 119.249931 
126.814056 137.065186 
133.480362 153.616470 
142.541214 168.363602 
153.904236 181.127777 
166.495178 191.338257 
181.922195 193.392014 
197.305801 190.888412 
210.140869 180.172394 
221.355743 167.330124 
230.260437 152.462341 
236.544678 136.670639 
240.508224 119.540909 
243.459366 101.331154 
245.304474 82.415527 
127.609650 80.796104 
136.007950 73.892921 
147.560608 73.676842 
158.991760 75.587517 
170.190704 78.486580 
192.370148 77.360382 
204.705887 74.625511 
215.965790 73.197685 
227.367767 73.829987 
235.092834 80.703568 
181.483902 91.021996 
181.555542 103.239586 
181.428955 115.401909 
181.501083 127.565445 
168.791336 132.736694 
174.810928 134.278030 
181.120956 135.653793 
187.477295 134.741455 
193.438980 133.454620 
141.672806 89.742050 
149.011139 86.375198 
157.669434 86.320747 
164.370987 90.972374 
157.204651 93.100479 
148.584991 93.276489 
197.601135 91.424614 
204.916595 86.411797 
213.490723 86.636955 
220.339661 90.209885 
214.057312 93.915077 
205.646545 93.757828 
163.679825 158.268021 
168.621155 152.034073 
174.486389 148.947372 
180.228241 150.651886 
186.623215 149.222351 
193.388611 153.112335 
198.148560 159.105057 
193.048157 166.265518 
186.582657 170.182556 
179.930328 171.134186 
173.741241 170.134323 
168.062836 165.878296 
167.447098 158.170700 
174.777908 154.816193 
180.415527 155.534851 
186.863190 155.111633 
194.335495 158.887146 
186.573975 159.033005 
180.190689 160.407822 
174.382416 159.112961 
