68 2
126.943375 104.411705 
127.666573 120.544395 
130.016098 136.283997 
133.146301 151.838257 
137.527817 166.305038 
144.750381 179.706238 
154.722382 191.533524 
166.357590 200.313614 
181.480545 202.979843 
196.782532 200.759506 
210.250916 192.416687 
221.502701 181.697815 
229.609650 169.175232 
235.140060 155.649384 
238.873215 141.567352 
241.818466 126.831635 
243.710236 111.406090 
135.453766 94.029938 
142.177551 87.535225 
152.175491 86.305267 
162.049377 88.548012 
170.486313 93.132416 
195.551010 93.940544 
205.503479 91.141991 
215.574677 90.631866 
225.285736 93.016235 
231.775772 99.594452 
182.885696 104.850662 
182.622711 113.153252 
182.425110 121.439911 
182.230057 130.378128 
171.021423 139.563812 
176.092529 141.491394 
181.364319 142.986481 
187.369293 142.027100 
192.632294 140.467117 
146.348434 106.217316 
152.550400 102.163277 
160.827988 102.457367 
167.765930 107.360558 
160.143448 109.348717 
151.917648 109.542465 
198.061920 109.034630 
205.519196 105.062408 
213.393127 106.061829 
219.224808 110.370613 
213.116364 112.769722 
205.251968 111.844688 
161.100220 163.662170 
168.529114 158.209473 
175.312225 155.095123 
180.281021 156.684097 
186.260315 155.231720 
193.627960 159.038635 
200.783295 164.730225 
193.277466 170.273941 
185.743408 172.365189 
179.625916 173.004028 
174.174530 172.529419 
167.650009 170.362564 
164.915604 163.616394 
174.762177 160.404678 
180.153442 160.656311 
186.473145 160.471054 
197.283264 164.535248 
186.400146 164.184753 
180.049606 164.982147 
174.672318 164.280090 
