68 2
110.966995 109.818985 
111.837883 121.207291 
113.376350 132.377655 
116.232422 143.421249 
120.858940 153.423019 
127.687286 161.448303 
136.799362 167.418442 
147.383514 170.833008 
159.314484 171.150070 
170.776062 169.072006 
181.240295 164.718140 
189.963501 158.382965 
196.627350 150.442657 
200.889542 140.544800 
202.994522 129.480499 
204.042175 118.285980 
204.490662 107.151604 
117.505997 96.056252 
122.684517 89.565422 
130.576492 86.522675 
139.676956 86.618698 
148.082489 88.844193 
163.863052 88.105728 
172.120285 85.215500 
180.948654 84.613976 
189.124680 87.187897 
195.237610 92.947266 
156.014435 96.310776 
155.947815 100.946266 
155.816193 105.564224 
155.743607 110.552170 
148.237259 121.383598 
152.356400 121.859390 
156.358505 122.117279 
160.647995 121.632080 
164.749191 120.980728 
127.300018 103.120934 
132.090775 99.908363 
137.898010 99.162148 
143.637833 101.664886 
138.394928 103.112274 
132.550354 103.989594 
168.974060 100.832886 
174.777359 97.652435 
180.476288 97.865685 
185.114395 100.442780 
180.590408 102.055290 
174.833694 101.914581 
140.243774 141.018494 
146.827698 135.554550 
152.855545 132.214249 
156.963348 132.878311 
161.108505 132.225235 
167.864197 135.288849 
174.871964 140.130753 
167.944305 141.755936 
161.423965 141.739548 
157.096863 141.697235 
152.891571 141.643448 
147.003967 141.616440 
143.874878 139.650803 
153.189423 136.388000 
157.254517 136.562820 
161.259628 136.512833 
171.172058 139.083954 
161.151917 137.084152 
156.841385 137.042862 
152.819168 137.153824 
