68 2
160.521652 124.016426 
161.932755 136.990646 
164.951584 149.380066 
168.971085 161.475098 
173.908417 173.091492 
181.211105 183.357147 
190.239487 191.789108 
201.115128 198.309814 
212.515549 199.558746 
223.286499 197.156631 
232.645401 189.916031 
241.149475 181.440964 
247.230408 170.898315 
251.090714 158.935028 
253.837128 147.155518 
256.139923 135.181198 
257.083008 122.803169 
168.650452 110.497108 
175.315765 103.365631 
184.826706 100.218330 
195.280548 101.126244 
204.409912 104.929474 
216.121597 104.778999 
225.434799 101.613121 
235.154892 100.940430 
244.435120 104.212280 
250.404709 110.781776 
210.697861 115.720581 
210.646713 124.107422 
210.687363 132.354736 
210.694305 140.835861 
203.239105 149.682266 
207.079422 150.260574 
210.945206 150.732452 
214.472122 150.147156 
217.772369 149.651901 
179.279083 117.554253 
184.885117 113.688110 
191.906845 114.055450 
197.175751 119.311714 
191.402939 120.268692 
184.447449 120.239311 
223.073227 118.899361 
228.561905 113.671173 
235.140869 113.712990 
240.145615 117.597046 
235.726181 119.949272 
229.296249 120.141182 
198.055923 171.284515 
203.029129 165.094467 
208.339783 160.899429 
211.869812 161.764618 
215.561569 161.092987 
220.709549 165.300644 
225.073410 170.912384 
220.523056 176.035721 
215.846619 178.910522 
211.872269 179.595459 
207.780060 178.890137 
202.988007 176.387939 
201.734192 170.172394 
208.676651 165.880417 
211.770660 165.942078 
215.218643 165.971695 
221.560135 170.064117 
215.117966 171.251389 
211.700302 171.990540 
208.390533 171.389267 
