68 2
100.316681 83.323303 
98.606407 101.059853 
98.293152 119.006310 
99.490128 136.189484 
103.308662 153.052780 
110.598335 168.199921 
122.782318 181.578781 
137.105621 192.013123 
155.292908 196.040604 
173.819031 195.035294 
190.469864 187.753372 
205.184708 177.066193 
216.813782 163.225403 
224.298645 146.144211 
228.263840 129.228271 
231.784836 111.706451 
234.437805 95.080414 
113.094826 64.210678 
121.756821 55.662918 
133.974838 53.355522 
146.600433 55.226650 
158.339355 59.559780 
182.684753 60.881023 
195.467957 58.758163 
207.986435 58.623177 
219.867981 62.598118 
226.418152 72.519905 
169.227966 75.507355 
168.008606 86.232758 
166.659760 96.871712 
165.239410 107.990791 
149.530045 115.319336 
156.241409 117.809868 
163.030930 120.593765 
170.769547 119.659698 
178.145981 118.997734 
124.942490 77.820679 
132.683182 74.480438 
141.436264 74.782089 
148.673172 79.451874 
140.922928 80.788544 
132.394989 80.645386 
187.772858 82.105659 
196.171753 78.757355 
204.576965 79.886627 
211.165207 84.203903 
204.383896 85.986641 
196.106277 84.840256 
132.735840 140.477585 
141.880554 133.113953 
152.640289 130.858871 
159.781036 133.320587 
168.274734 132.897491 
178.900070 137.847107 
188.207855 145.711212 
177.806458 155.371658 
166.475021 159.000427 
157.871368 158.960739 
150.132568 157.587540 
140.088852 152.098602 
137.983597 140.411942 
152.413788 137.913010 
159.217743 139.439514 
167.247742 139.529785 
182.621597 144.731506 
167.235275 148.243149 
158.949036 148.306915 
151.807800 146.718033 
