68 2
106.593765 46.753311 
108.200470 68.182167 
112.054459 88.415390 
116.070763 108.322289 
121.911537 127.289375 
131.411697 145.186066 
144.340302 159.440445 
159.343079 171.237976 
179.458557 175.536514 
199.526917 172.981445 
218.029114 163.098679 
234.300888 149.426071 
246.969070 133.964340 
256.309692 115.606339 
262.014496 95.381493 
266.030640 73.048981 
268.969635 51.052727 
112.721519 14.985755 
122.243515 4.219896 
136.610901 1.498527 
151.526917 4.518205 
164.825394 10.997786 
194.000183 10.436116 
209.622742 4.288098 
226.076843 1.850721 
241.973358 5.835046 
253.041367 17.345436 
178.876358 28.106337 
177.926788 40.682468 
176.841843 53.182732 
175.798737 66.218071 
160.436462 80.554520 
168.313690 83.901009 
177.168289 86.687202 
186.903839 84.706665 
196.066727 81.960991 
128.108292 36.562374 
136.536118 31.427721 
147.671448 30.910519 
157.882645 35.922234 
147.979599 39.103336 
137.166260 40.167427 
206.228745 36.465469 
216.809509 31.789408 
227.587997 32.856152 
236.660721 37.888260 
227.981766 41.130981 
216.739899 40.055603 
148.921326 117.333412 
159.627075 110.085220 
168.828430 106.368568 
176.476990 109.158531 
185.663895 107.812813 
197.191345 112.293243 
210.189499 119.514160 
197.797028 126.198692 
185.773499 128.149338 
176.316711 128.126816 
168.199265 126.859459 
159.111481 123.672089 
153.682404 117.047882 
168.659195 113.015732 
176.778870 114.844551 
186.447617 114.348915 
205.807846 119.404755 
186.494019 117.621895 
176.587723 117.974571 
168.660400 116.443932 
