68 2
117.132271 80.525551 
115.117569 95.480064 
114.277954 110.561089 
114.959801 125.288483 
118.110809 138.612869 
124.692345 150.903976 
135.469238 161.867340 
147.565842 170.642075 
162.956573 174.772629 
179.332657 175.061584 
194.541214 171.817688 
209.202362 166.359116 
221.984375 157.222961 
231.658478 143.883636 
236.870331 128.406357 
240.492249 112.468933 
243.529724 96.550751 
130.255371 53.382202 
136.870880 44.385773 
146.639465 39.521641 
157.762207 38.941334 
166.659134 42.649185 
193.232300 43.554314 
205.025833 42.147366 
216.840393 45.147568 
226.953094 52.407494 
232.703094 62.637737 
177.013336 64.009872 
175.290344 73.112778 
173.467468 81.886360 
171.558502 90.806465 
160.348709 98.998672 
165.190308 100.684967 
170.092712 102.276909 
176.846298 102.243240 
183.315002 102.128052 
138.982452 67.856125 
146.189835 62.503975 
154.661865 63.118931 
160.812393 69.221153 
153.668640 70.020821 
145.618286 69.687744 
195.620911 71.201744 
203.882645 65.936188 
212.295837 67.036659 
217.869461 73.284576 
211.632187 74.440529 
203.640640 73.303757 
146.488037 122.598892 
151.350372 112.829018 
160.687286 108.281898 
168.195084 109.000832 
177.513275 110.398361 
186.680954 117.331139 
192.834473 128.523071 
184.255463 136.384247 
174.506271 140.173035 
165.718002 140.408249 
158.267090 138.832581 
150.594498 133.123718 
152.455292 121.908478 
161.275085 116.331665 
167.896500 116.783989 
176.981293 117.879425 
187.088394 126.106186 
175.806412 130.357605 
166.775314 130.667053 
159.906555 128.643692 
