68 2
149.534973 109.415512 
150.388214 121.700439 
152.228302 133.398483 
154.547729 144.980194 
158.388809 155.360565 
164.036682 164.888184 
172.225616 172.153717 
181.351563 178.499237 
192.005478 180.336823 
202.591461 178.934586 
212.517151 173.842697 
220.944443 166.694519 
226.860611 157.165695 
230.584991 146.214325 
232.842880 134.520142 
234.986542 122.495377 
236.389725 110.278938 
155.330032 101.310532 
160.643295 95.953217 
168.709244 95.353813 
176.355820 97.364151 
183.310791 100.638214 
198.716354 100.395248 
206.424423 97.095078 
214.683228 96.032402 
222.554398 98.041870 
228.593262 103.138985 
191.273865 107.659637 
191.412048 114.972015 
191.440247 122.225693 
191.348816 129.727585 
183.253220 134.898376 
187.146469 136.623642 
191.201416 137.887070 
195.701828 136.794983 
199.794327 135.424255 
163.283844 109.480980 
167.768204 106.122276 
173.889236 106.333748 
178.980438 110.324585 
173.778275 111.724213 
167.755554 111.861328 
204.011536 110.801590 
209.411560 107.094086 
215.304993 107.382660 
219.831223 110.561829 
215.599976 112.821068 
209.804016 112.487091 
175.838486 151.240662 
181.629135 147.882813 
187.095673 146.792694 
191.112854 148.157181 
195.862839 147.130997 
201.934036 148.951111 
207.612000 152.443222 
201.989029 156.635910 
195.830399 158.057449 
190.907150 158.347107 
186.483398 157.955383 
181.199127 156.462875 
178.719391 151.087616 
187.193924 150.367905 
191.139313 151.171249 
195.804794 150.674042 
204.432480 152.106796 
195.483582 152.496613 
190.741684 152.893341 
186.759308 152.289932 
