68 2
139.682251 115.500450 
140.720215 126.555855 
142.931625 137.604691 
144.991516 148.469894 
148.399963 158.998993 
154.792618 168.231888 
163.304123 175.999298 
172.932648 182.436462 
183.809753 184.641815 
194.348923 182.603516 
203.896347 176.567978 
211.798965 169.486755 
217.809143 160.572342 
221.535187 150.273926 
223.713379 139.342972 
225.591431 128.129578 
226.552032 116.763412 
147.783768 107.520782 
154.698242 103.247543 
162.795380 103.000282 
170.535324 105.044342 
177.262924 108.924240 
193.057861 108.793793 
199.672577 105.288361 
206.930923 104.130333 
213.745316 105.119911 
218.743713 108.837029 
186.093048 117.134438 
186.176620 125.387642 
186.192352 133.476883 
186.071991 141.708282 
176.721069 144.421692 
180.936340 146.114685 
185.288193 147.452240 
189.472046 146.796143 
193.002502 145.736969 
158.352722 114.749512 
163.285553 112.280357 
169.098831 112.899933 
173.072342 117.173447 
168.298279 118.047157 
162.550339 117.755402 
196.097244 118.749596 
200.264236 114.269691 
205.972702 114.223473 
210.280823 117.142281 
206.492249 119.653717 
201.191452 119.841347 
169.226181 157.327576 
174.220657 154.987335 
179.240829 153.957138 
183.043381 155.225891 
187.586945 154.779663 
192.636612 156.960571 
197.315613 158.999084 
192.427979 164.839386 
187.100998 167.177780 
182.366150 167.599304 
177.926987 166.459091 
173.331116 163.053970 
171.652008 157.624008 
178.919739 157.582932 
182.907639 158.196716 
187.352982 158.518799 
194.558319 159.439377 
187.169495 160.930176 
182.556320 161.519638 
178.498917 160.547714 
