68 2
117.275986 117.220245 
118.061295 135.900986 
120.515694 153.784470 
123.771156 171.476746 
129.069672 188.266006 
137.328903 203.358917 
148.788971 216.825272 
162.335938 227.002380 
178.997375 229.949677 
195.031189 227.470779 
207.420380 217.029373 
217.471786 204.233826 
224.304077 189.428848 
228.669601 173.171494 
231.570618 157.489517 
235.036697 140.970276 
237.085068 123.883339 
128.741745 105.074188 
136.659851 97.488876 
148.147171 96.117836 
160.190613 98.443985 
170.301804 104.406303 
194.810364 106.107086 
205.781845 101.706223 
217.111053 101.237274 
227.781174 105.120697 
232.738419 114.414688 
181.660156 120.088829 
180.963226 132.294922 
180.208649 144.491028 
179.463867 156.981262 
167.293640 162.953308 
173.005417 166.051529 
179.243500 168.395966 
185.330307 166.857697 
190.702759 164.543396 
141.306946 118.635796 
148.211380 114.145470 
157.043015 115.193657 
163.970398 121.585052 
156.116760 123.281670 
147.422791 122.887611 
196.761581 123.982948 
204.976227 118.674789 
213.415955 119.069244 
219.308105 124.292046 
213.639297 127.411148 
205.132629 126.702583 
158.119553 188.261536 
166.489807 185.038406 
173.256119 183.646194 
178.804993 186.040649 
185.254486 184.636658 
192.105530 187.121506 
198.175339 190.070099 
192.284592 196.984299 
185.396439 200.657013 
178.498627 201.376251 
172.166153 199.831909 
165.659866 196.033035 
161.780914 188.812332 
172.885635 188.422089 
178.871292 189.850769 
185.418671 189.191620 
194.700409 190.131714 
185.222214 191.842102 
178.433746 192.966461 
172.342041 191.144272 
