68 2
117.700897 128.096710 
116.649101 142.722839 
117.731255 158.061340 
119.931885 172.889938 
124.244560 187.197083 
130.209229 200.763504 
138.426483 212.612366 
148.961349 221.853928 
162.842850 224.203369 
175.852875 221.874847 
186.744507 213.367798 
195.564682 202.379517 
202.883286 189.517105 
208.296600 175.780289 
211.838882 162.054077 
214.534943 147.477402 
215.560959 133.758057 
124.425957 117.321304 
130.988708 111.514786 
140.385910 110.189209 
150.262863 111.958382 
159.235260 115.755424 
178.945068 116.779053 
187.565704 112.686348 
196.865295 110.972969 
205.901367 112.629944 
210.962601 119.455132 
168.577347 126.594009 
168.256790 137.756332 
167.983521 148.952484 
167.698166 160.489288 
155.367554 164.558670 
160.621033 167.643921 
166.336975 169.709717 
172.625641 167.786926 
177.946854 164.918335 
134.980469 125.521255 
141.150574 122.007294 
148.784668 122.381348 
154.722763 127.737877 
148.333588 129.499329 
140.629471 129.439377 
180.803146 128.964661 
187.904800 123.687416 
195.082581 123.653290 
200.183228 127.485283 
195.500290 131.137970 
188.298111 131.098633 
144.860611 185.035187 
153.511978 183.941956 
160.819504 183.137070 
165.281357 184.716400 
170.284866 183.779221 
176.341721 184.923416 
183.050873 185.683517 
176.222595 188.410828 
169.730469 190.147141 
164.420639 190.527725 
159.569855 189.978821 
152.690292 188.322922 
147.673874 185.125168 
160.361526 185.969864 
165.132446 186.857971 
170.267395 186.390488 
180.303604 185.985001 
170.070755 184.451782 
164.760666 184.961411 
160.198792 184.392487 
