68 2
152.356873 96.107025 
154.873581 108.680710 
158.611786 120.931381 
163.360489 132.831223 
168.813507 143.589142 
176.758362 152.678299 
188.179245 158.914230 
201.226639 162.485046 
214.814651 162.285614 
227.897919 158.881577 
239.835388 152.812820 
249.689636 144.347763 
256.491241 134.359924 
260.194061 122.669571 
262.068237 110.316505 
262.450989 97.561966 
261.596649 84.762009 
157.918457 73.075943 
164.672150 66.695587 
173.342316 63.563370 
183.577499 62.588013 
193.536545 64.419098 
211.998642 61.971111 
221.181305 58.541183 
230.930832 58.242783 
240.078918 60.169319 
247.824081 64.884712 
203.514221 74.716324 
203.661926 80.104012 
203.731003 85.460846 
203.872696 91.205338 
197.564301 104.461494 
201.946320 104.775024 
206.211502 104.734100 
210.796494 103.793007 
215.153000 102.637779 
171.016403 84.022285 
176.540146 79.341446 
183.976288 78.052338 
190.617081 81.258102 
184.751511 84.227882 
177.555481 85.487099 
219.744873 78.383636 
225.794861 74.049210 
232.760071 73.962257 
238.846954 77.528641 
233.619659 80.138855 
226.557281 80.292755 
192.526550 130.203903 
197.922180 121.752113 
204.011429 116.365028 
208.094528 116.840996 
212.319778 115.891449 
219.550171 120.239464 
227.387283 126.638344 
220.715622 130.962479 
214.463623 132.555725 
210.018875 133.376770 
205.696350 133.509460 
199.478210 132.782761 
195.922775 129.000626 
204.996872 122.882973 
209.046082 122.232872 
213.385757 122.496338 
223.914444 126.195885 
213.265549 125.476372 
208.771240 126.046158 
204.926743 126.270103 
