68 2
150.618118 99.555595 
152.841476 113.154160 
155.478867 126.304688 
158.929810 139.066833 
164.787048 150.410980 
173.941406 159.917557 
185.292557 166.642456 
197.669296 171.728821 
210.582321 172.570465 
223.124802 169.436462 
233.663086 162.194702 
242.232986 153.382126 
247.627167 142.558319 
250.934250 130.105637 
252.668839 117.911797 
253.754074 105.353188 
254.171249 92.788010 
161.251175 78.936928 
168.185699 72.599083 
177.634903 69.889359 
187.608505 70.738800 
196.442810 74.250679 
217.372894 73.574394 
225.556335 69.876122 
234.325256 68.841827 
242.712463 71.643127 
247.626404 78.388153 
208.101151 89.539734 
208.529190 96.544258 
209.101852 103.400238 
209.611328 110.293549 
198.540100 118.170815 
203.719147 119.298553 
208.782043 120.045708 
213.594727 119.311073 
218.073242 118.479279 
173.566269 91.789078 
179.253891 87.611664 
186.312637 88.084618 
192.053482 92.927086 
186.149857 94.656570 
179.225418 94.609650 
219.442169 92.844254 
224.577209 87.712494 
231.208878 87.667900 
236.231171 91.739922 
231.663361 94.334526 
225.230362 94.567589 
190.925034 138.551315 
196.712097 131.925598 
203.382675 128.734116 
208.928711 129.561279 
215.065674 128.689316 
221.877869 132.441574 
227.123184 138.626038 
222.367371 145.456329 
216.283371 148.981857 
209.705917 150.143311 
203.248886 149.129135 
196.655746 145.053314 
193.596848 138.394958 
203.192810 133.061600 
208.925735 132.861740 
215.420242 132.963028 
224.186066 138.568130 
216.385315 142.919785 
209.743973 144.040634 
203.501358 143.005798 
