68 2
173.671158 118.540649 
173.809814 134.376160 
175.954315 149.620987 
178.905243 164.813431 
183.335205 179.137802 
190.363419 192.200043 
199.414551 204.482117 
210.282745 214.461960 
224.325912 217.630569 
237.630203 215.225372 
249.663361 205.547440 
260.213501 194.934219 
268.502808 181.778000 
274.387421 168.019943 
279.139191 153.926239 
283.349030 139.629288 
285.898987 124.362480 
181.215546 109.617714 
189.650208 100.646736 
201.826843 97.400696 
214.377319 99.645973 
225.547302 105.176422 
239.713058 105.664116 
251.367157 102.826118 
262.830597 102.609161 
273.570251 106.990135 
279.502075 115.527328 
232.552795 118.901924 
231.920242 130.171631 
231.143661 141.230881 
230.384659 152.666656 
218.335419 158.648178 
223.421204 160.422989 
228.620193 162.158386 
233.834610 161.428909 
238.653046 160.478790 
194.059265 117.148277 
201.163635 113.341881 
209.507965 114.203369 
215.266541 120.463188 
208.576797 121.353325 
200.378967 120.821503 
245.919189 122.935600 
253.214706 117.359879 
261.291748 118.211876 
266.846619 122.730064 
261.207153 125.415665 
253.611603 124.980698 
209.006302 182.192337 
215.439117 177.949371 
222.251495 174.831970 
226.115509 176.394287 
230.989471 175.861053 
236.991806 180.433716 
242.485901 185.566437 
236.399246 193.800751 
230.049744 198.074371 
224.584061 198.658554 
219.578934 196.944138 
213.937637 191.747879 
212.434036 182.562408 
221.789444 179.748642 
225.744736 180.368347 
230.512909 180.604813 
239.494629 185.536484 
230.352539 189.039261 
225.247681 189.912140 
220.978394 188.220840 
