68 2
129.388611 115.086220 
129.812454 130.491669 
131.331879 145.505539 
134.711334 160.448792 
140.400421 174.008240 
150.307999 185.147766 
163.305695 194.307037 
177.827423 200.975250 
193.904358 202.294403 
210.255920 200.123123 
225.087662 194.252258 
238.731659 186.095856 
250.616074 174.892609 
258.677704 160.682556 
261.944763 144.899506 
263.200287 128.185013 
263.828247 111.785362 
140.314346 83.420280 
146.534241 73.389091 
156.494110 66.856606 
168.903839 64.453873 
180.143387 67.395844 
204.832245 65.597992 
217.237381 61.556656 
230.396271 62.264236 
242.263885 68.024010 
249.689728 78.488358 
191.701233 89.302086 
191.514832 98.871475 
191.323364 108.262749 
191.032394 117.813873 
178.851166 130.182037 
185.269714 130.793884 
191.637634 131.419128 
199.108124 130.420990 
206.198135 129.551422 
151.802261 99.106842 
158.753845 93.781364 
167.767761 92.696884 
175.861923 96.264694 
168.090179 99.070030 
159.297150 100.484039 
211.466965 94.747574 
219.566055 89.381035 
228.648895 89.754669 
235.694168 94.333023 
228.871552 96.415741 
220.006271 96.470566 
167.770691 155.775589 
173.859360 145.624191 
182.708511 140.442200 
190.271713 141.341812 
199.029419 140.491486 
210.023956 145.926819 
219.402649 154.715988 
209.908646 162.067230 
199.584106 165.509338 
190.757431 166.154083 
182.948181 165.132401 
174.338013 161.278503 
172.679230 153.878372 
182.891174 147.584061 
190.455063 147.801132 
199.499557 147.548279 
214.003174 153.538116 
199.823914 155.579926 
190.616394 156.297546 
182.977341 155.248138 
