68 2
173.789322 84.130867 
175.219391 100.954872 
178.015808 117.208389 
181.963959 132.829605 
188.539474 147.385040 
198.024399 160.041428 
209.647675 171.031601 
222.071716 179.485855 
235.446075 180.879761 
247.729904 176.573425 
257.513062 166.129547 
265.923431 154.059982 
272.885681 140.635681 
276.636841 126.502495 
278.819794 112.253510 
280.306824 97.353989 
280.960297 82.642975 
184.429703 82.231079 
192.087830 76.312881 
202.082001 74.264511 
212.514221 75.394035 
221.841461 78.254082 
242.977158 76.732208 
252.552567 72.794289 
262.528778 70.736069 
272.338898 72.338470 
278.465485 78.449173 
233.332352 87.946686 
233.578018 98.128281 
233.820633 108.154778 
234.066956 118.550201 
221.522797 124.495621 
227.535950 126.374374 
233.983017 128.123642 
240.157578 126.507675 
245.704269 124.671036 
195.588989 89.884224 
202.076050 86.777504 
210.094879 86.483780 
216.680084 90.434639 
209.908005 92.806656 
201.924744 93.320473 
246.993057 89.345711 
254.227158 84.573959 
261.885590 84.326767 
267.686646 87.187897 
262.672394 90.889984 
255.043427 91.204590 
213.297058 145.942001 
221.180374 142.730835 
228.334335 140.460083 
233.389221 141.955261 
239.061829 140.428223 
246.505539 143.183487 
253.816483 145.554092 
247.443222 154.490967 
240.840500 158.773422 
234.585663 160.014694 
228.451797 159.031540 
220.842667 154.327545 
217.017838 145.824722 
228.283768 143.829147 
233.489532 144.567505 
239.503311 143.851730 
250.433456 145.914688 
240.014236 150.341171 
233.914337 151.874634 
228.244934 150.571396 
