68 2
132.695496 69.437607 
133.436951 85.441742 
135.796555 101.930992 
139.128448 118.347305 
144.208603 134.069046 
153.140839 148.293350 
165.424149 159.994873 
179.405533 168.035950 
196.863510 170.320419 
214.110779 167.780197 
228.948914 159.844864 
240.633514 148.199387 
249.248962 133.834900 
254.304749 118.344566 
257.027710 102.207642 
258.690918 85.918182 
259.048004 69.692596 
140.151917 54.294399 
148.225342 47.605839 
159.309952 45.985596 
170.317902 47.931374 
180.112549 52.647877 
203.374268 51.980427 
214.115463 47.853226 
225.446594 46.407196 
236.685440 47.911873 
245.501572 53.763260 
193.107407 63.291626 
193.143860 72.750481 
193.208755 82.315460 
193.368271 92.095566 
181.517059 102.061508 
187.351181 104.051987 
193.671997 105.669960 
200.105148 103.901154 
206.130264 101.987099 
153.680481 67.133209 
160.157974 63.790825 
168.074417 63.740070 
175.392975 67.702423 
167.876312 69.504875 
159.858322 69.717979 
211.626541 67.607941 
219.171005 63.784153 
226.900696 64.108742 
233.506805 67.179855 
227.277710 69.608635 
219.422562 69.402206 
170.168076 126.384727 
179.345856 122.556938 
187.415695 119.677940 
193.260193 121.418304 
200.285828 119.326500 
209.387390 121.798599 
218.838348 124.851631 
209.777725 131.349503 
201.287598 134.141052 
194.154343 135.085327 
187.723358 134.686142 
179.404190 132.469528 
173.917542 126.900108 
187.259735 125.758926 
193.542221 125.924477 
200.917419 124.946060 
215.007828 125.451996 
201.106796 125.577339 
193.830551 126.916191 
187.607651 126.472008 
