68 2
147.404617 102.909355 
149.669891 115.855034 
152.080215 128.505157 
155.288498 140.774933 
161.132996 151.241882 
169.588455 159.606583 
180.297302 165.552948 
191.430908 169.946472 
203.451218 170.471817 
214.766525 167.642944 
224.833466 161.341507 
233.181717 153.122757 
238.829285 143.334274 
241.644150 131.572357 
242.950867 119.940781 
243.685410 107.456276 
244.078964 94.927223 
156.579666 89.961967 
161.253601 82.778061 
169.232788 79.026169 
178.164398 78.249313 
186.139542 80.364410 
206.839691 78.056961 
215.006165 75.160851 
223.516281 75.332588 
231.120712 78.750977 
235.559494 85.368561 
197.803055 91.945602 
198.287872 98.340942 
198.750656 104.598450 
199.129181 111.105225 
189.404327 118.388481 
194.351883 119.373901 
199.262421 119.966255 
204.074463 119.149017 
208.359589 118.148560 
167.495392 97.224724 
171.729660 93.575836 
177.518005 92.865967 
182.796112 95.994133 
177.848724 97.696800 
172.111908 98.465729 
209.303207 94.004692 
213.722824 89.869415 
219.676086 89.945969 
224.478134 92.724579 
220.316345 94.628044 
214.545700 94.975151 
185.636307 139.055359 
189.794250 133.471802 
194.764740 130.589905 
198.976822 131.588409 
203.657471 130.631882 
209.479691 133.325226 
214.815155 138.285370 
210.011612 142.448059 
204.732986 143.922424 
199.987976 144.382874 
195.652252 144.080780 
190.467117 142.731522 
188.764938 137.922623 
195.275070 134.142395 
199.295486 134.489990 
203.795914 134.250565 
211.432846 137.750000 
204.210129 138.447662 
199.654114 138.864426 
195.517456 138.470642 
