68 2
120.603897 70.927155 
121.805717 86.533318 
124.117203 101.735718 
127.452499 116.804321 
133.090439 131.380249 
141.626053 144.123627 
152.330353 155.025757 
164.063416 164.167694 
177.749161 166.137405 
190.571594 163.205307 
200.999130 153.942398 
210.365250 142.950516 
218.145645 130.033615 
223.552673 116.610786 
226.990662 101.898430 
228.723846 86.609406 
229.631454 70.867996 
129.757584 68.059807 
137.256302 63.638847 
146.533585 64.304520 
155.597610 65.778389 
164.778824 67.965767 
186.647629 66.649887 
195.946411 64.114410 
204.896347 62.611946 
213.921387 62.113987 
220.641479 66.439560 
175.860291 78.644127 
176.005600 88.488602 
176.105377 98.309044 
176.182556 108.250282 
164.896439 112.528770 
170.284454 114.308189 
175.916367 115.815239 
181.878281 114.323639 
187.501434 112.606430 
142.464005 78.065155 
148.449081 75.815636 
155.207672 75.797852 
160.764587 78.727623 
154.897202 80.475113 
148.232452 80.711006 
190.542175 78.817902 
196.625763 75.461517 
203.374359 75.408295 
208.550232 77.901474 
203.396545 80.772636 
196.880707 80.578461 
158.458679 133.183395 
163.651016 129.705460 
169.872894 127.561562 
175.352234 128.604782 
181.390228 127.437485 
188.114624 129.798752 
193.719025 133.361618 
188.678284 141.913391 
182.166702 146.004135 
175.874573 146.820251 
169.916794 146.038940 
163.497955 141.534973 
161.468918 133.310486 
169.807083 131.045380 
175.512497 131.234924 
181.823502 130.922104 
191.013962 133.806503 
182.110535 138.523148 
175.848190 139.697189 
169.918457 138.692719 
