68 2
134.405228 77.887115 
135.120819 95.229553 
138.139175 112.442421 
141.513947 129.541412 
147.158997 145.900223 
156.355957 160.177124 
168.950134 171.692291 
183.759094 180.436356 
200.437607 182.660431 
216.974258 179.711884 
232.198486 171.266541 
245.344513 159.219421 
254.427734 144.682266 
259.488922 128.264633 
262.059937 111.325005 
264.239105 93.990585 
265.350494 76.743179 
144.201813 64.894753 
152.877258 57.548908 
164.690033 55.963791 
176.266022 58.704666 
187.053772 62.935318 
208.224899 61.326340 
220.685532 57.271439 
232.669220 55.143959 
244.395889 57.109863 
253.375977 63.076626 
198.201691 77.222488 
197.932617 87.854614 
197.714386 98.525871 
197.414795 109.509697 
185.474121 118.716118 
191.630615 120.735542 
198.152634 122.319809 
204.496933 120.478058 
210.507263 118.591782 
158.887558 78.555984 
166.575836 74.295250 
175.646393 74.786209 
182.693344 81.241661 
174.989807 82.955444 
165.895096 82.411591 
215.456360 80.874382 
223.024338 74.376373 
231.904510 74.119896 
239.166077 78.499557 
233.002930 82.440186 
224.180740 82.698921 
173.791687 138.983490 
183.770355 135.865723 
192.969482 133.821045 
198.844818 135.519669 
205.272964 133.830048 
215.133163 136.030121 
225.754944 138.918686 
215.707123 146.488068 
206.579514 150.574951 
199.537308 151.825745 
192.807678 151.179504 
183.492950 147.449539 
177.612610 140.203629 
192.846039 140.640274 
199.190491 140.941422 
205.910172 140.364548 
221.739426 139.823807 
206.125946 142.124130 
199.156799 143.104828 
192.780701 142.555695 
