68 2
168.208923 119.576607 
169.957626 133.631531 
172.534592 146.714783 
175.724060 159.903351 
181.221375 172.149811 
188.913483 183.326340 
198.896698 192.642227 
209.048065 199.937286 
220.628357 201.491501 
231.598465 198.163269 
240.711746 189.835388 
247.986435 179.608887 
253.701904 168.125961 
257.394043 156.421982 
259.669159 144.412292 
261.594116 131.858536 
262.801910 118.939316 
176.946442 113.756645 
183.750076 108.818047 
192.376633 108.132538 
200.853058 109.765495 
208.435852 112.643280 
226.782898 111.469170 
234.667786 108.304619 
242.708145 106.755424 
250.421875 107.659698 
255.703293 112.465492 
219.304108 121.374252 
219.828583 129.422836 
220.401764 137.432236 
220.939163 145.832031 
209.835342 150.342224 
214.895615 152.190491 
220.312881 153.705383 
225.195724 151.993973 
229.508484 149.889420 
187.741974 123.635323 
192.621994 121.901031 
198.288132 121.557564 
203.637360 123.324799 
198.459579 124.683907 
192.784851 125.126152 
231.286697 122.563164 
237.112366 120.643761 
242.284607 120.913086 
246.995956 122.319199 
242.594650 124.114273 
237.193497 123.926971 
199.567596 166.469727 
207.073059 164.211273 
214.454239 162.932678 
219.430130 164.206879 
224.723434 163.025238 
231.132645 163.859467 
236.871399 165.782410 
231.300186 174.020844 
225.015488 177.657013 
219.248260 178.478577 
213.633499 177.895096 
206.362671 174.670517 
202.184998 166.793640 
214.267792 166.479172 
219.489685 167.129028 
224.995880 166.255920 
234.227859 166.356979 
224.827866 171.313126 
219.080856 172.448273 
213.665222 171.832611 
