68 2
103.624596 70.811905 
104.033295 86.037819 
105.963760 101.528229 
109.104057 116.577530 
114.413483 130.912979 
121.123970 143.643982 
130.038162 154.958435 
141.545853 163.128586 
155.132263 164.480896 
168.378876 161.279312 
179.364456 152.940002 
188.501175 142.191437 
195.805038 129.344925 
201.419739 115.620903 
204.823868 101.850960 
207.117111 87.744934 
208.363983 72.892059 
109.944702 60.683880 
117.405846 55.532837 
126.964081 55.148525 
136.876251 57.005180 
146.124161 60.771103 
168.285828 60.831951 
176.790817 55.951527 
185.985413 52.954395 
195.478851 53.295017 
202.074615 58.641567 
157.068024 71.819153 
156.882416 83.752319 
156.757874 95.727272 
156.464996 107.829590 
143.945847 108.699905 
149.284378 112.202271 
155.517029 114.995308 
162.468933 112.064568 
168.364029 108.501717 
120.918633 71.462364 
127.009048 68.081284 
134.611435 68.434921 
140.851501 72.955551 
134.014618 75.185020 
126.634331 75.129364 
172.228577 73.088303 
178.812149 68.005203 
185.957001 67.907227 
191.166473 71.342232 
186.237839 74.800621 
179.262634 74.943161 
133.779480 129.531357 
142.331406 127.221138 
150.347076 125.050430 
155.215546 126.180206 
160.683212 125.008560 
167.579422 126.965317 
174.651016 128.466736 
167.454147 135.180054 
160.332932 138.882416 
154.485947 140.081482 
148.758011 139.478943 
141.306244 136.564621 
137.139297 130.064407 
149.988480 129.232117 
155.225784 129.739197 
160.624451 129.285202 
170.880539 129.298126 
160.268250 131.305115 
154.595398 132.490555 
149.427155 132.017929 
