68 2
179.408737 118.637207 
179.363541 131.591583 
180.703079 144.689743 
182.794296 157.358963 
186.225296 169.789917 
192.651047 180.911209 
201.726578 190.115814 
212.357483 196.967148 
224.548889 199.044922 
236.499451 197.657440 
246.744553 191.120987 
255.750061 182.632492 
262.327240 172.737473 
266.586395 161.454132 
270.159546 149.990829 
273.406281 138.468567 
275.507019 126.702095 
188.548935 105.661827 
195.890930 98.579117 
206.327774 96.088310 
216.977081 98.289070 
225.843445 103.193375 
237.699112 103.735420 
246.942703 100.890167 
256.558044 100.915352 
265.266449 104.801422 
270.245483 111.767227 
231.256775 113.666664 
230.631454 122.354828 
230.085266 130.793152 
229.479843 139.510620 
218.944763 146.953186 
223.364441 148.492126 
227.749084 149.953842 
232.054688 149.218491 
235.904358 148.342957 
198.304779 113.201996 
204.193314 109.664047 
211.191589 110.558311 
216.290604 116.379181 
210.325684 117.061066 
203.253113 116.381729 
242.521103 118.309746 
248.966629 113.422989 
255.507263 113.986588 
260.222351 118.252998 
255.575409 120.351898 
249.104431 119.978462 
208.681290 166.120468 
216.555801 162.598221 
223.512466 160.633347 
226.819000 162.255676 
230.795792 161.228302 
236.736328 164.058380 
242.671631 168.041016 
236.382111 171.870605 
230.588440 173.592377 
226.428391 173.869690 
222.402222 173.364761 
216.109818 171.105499 
211.450592 166.216934 
223.332031 166.046036 
226.598938 166.730820 
230.325302 166.285568 
239.981964 167.754410 
230.425079 166.873230 
226.678619 167.232056 
223.314758 166.897736 
