68 2
80.294769 113.311432 
81.335732 125.728180 
83.375504 138.290466 
85.406639 150.912796 
89.368149 162.582596 
96.500328 172.766464 
106.000290 181.180206 
116.854980 188.295441 
129.352783 190.364792 
141.684219 188.507019 
152.170425 181.184143 
161.120117 172.464584 
167.281616 161.907120 
170.523071 149.789688 
172.432022 137.481964 
174.140900 125.610107 
174.912796 113.567291 
88.601280 103.013893 
93.724052 95.759186 
102.029510 92.524635 
110.952927 93.828331 
119.117516 97.376137 
141.407043 98.773682 
149.460754 95.857445 
157.559494 95.391205 
164.884460 98.593216 
169.486603 104.849442 
130.706039 109.351151 
130.783020 117.294640 
130.879578 125.076813 
130.997452 133.165848 
120.488525 140.315186 
125.510689 141.559784 
130.605652 142.674652 
135.256989 141.703781 
139.558685 140.910904 
98.234116 111.764458 
103.798592 109.273445 
110.169167 109.397057 
115.843475 112.582230 
109.819458 113.729187 
103.597145 113.806885 
143.255981 113.583305 
149.712708 110.962029 
155.852341 111.532722 
160.615219 114.168999 
155.634018 115.575127 
149.612778 115.048302 
109.940193 157.268616 
118.119545 153.853333 
125.355225 152.070847 
130.702087 153.194916 
136.239410 152.260559 
142.731094 154.464905 
149.194916 157.543152 
142.868744 163.661163 
136.610046 166.190353 
130.593063 167.368088 
124.817841 166.877380 
117.499725 164.246048 
113.100029 157.607101 
125.210167 155.973511 
130.723450 156.384308 
136.447784 155.911880 
146.194885 157.778778 
136.529358 160.090256 
130.586914 161.281357 
124.932983 160.479156 
