68 2
101.579376 96.897171 
100.826546 110.505249 
101.381683 123.974663 
102.859207 137.425888 
106.344063 150.647522 
111.826263 162.420105 
119.398819 172.809509 
129.392517 180.134735 
142.244034 182.297928 
155.993591 180.339127 
167.202347 173.194565 
175.699829 163.782303 
182.794250 152.960953 
187.775803 140.593170 
190.926590 128.262054 
192.962372 115.267860 
193.905365 102.410065 
108.044228 80.203651 
114.155853 74.311279 
122.478096 71.968445 
131.752701 72.777443 
139.982422 75.829742 
159.801834 76.036842 
167.486008 73.436806 
175.335098 73.173790 
182.815796 75.332611 
187.429138 81.148575 
148.737259 86.740082 
148.039322 95.066345 
147.426453 103.497612 
146.719528 112.107651 
135.395309 118.203529 
140.317169 120.933266 
145.851074 122.721962 
152.203186 121.168839 
157.779068 119.171425 
117.704315 90.346031 
123.670624 87.048759 
130.393005 87.081871 
135.793472 90.728203 
129.932159 92.294540 
123.493057 92.358444 
160.976685 91.632141 
167.905807 88.293938 
174.448975 88.714905 
178.707504 92.301178 
174.124771 94.299347 
167.699066 93.737572 
124.658867 144.368835 
131.379364 138.585632 
139.100952 135.183777 
144.761002 136.201447 
151.416916 135.606308 
159.069229 139.178040 
164.857117 145.245056 
158.618271 152.529800 
150.821625 156.184723 
143.660339 156.898010 
137.325500 155.637421 
130.116638 151.226730 
127.941338 144.529129 
138.530350 140.099579 
144.714218 139.917313 
151.621780 140.779129 
161.914032 145.511719 
151.276184 148.549911 
144.193756 149.574600 
137.982040 148.079086 
