68 2
72.330528 143.732162 
72.706047 157.330338 
74.836502 170.540695 
77.563171 183.269363 
81.466042 195.324493 
88.230133 205.854340 
97.406013 214.828995 
107.852776 222.134766 
119.710068 224.612518 
130.805298 222.935410 
140.523605 216.615662 
148.867783 208.937714 
154.926682 198.468155 
159.530945 186.864258 
163.595963 175.735382 
167.037781 163.958786 
168.566238 151.886520 
83.593719 131.944427 
91.189728 125.153214 
101.325775 123.079193 
111.608452 124.448540 
120.394814 128.743195 
132.030823 129.294983 
141.218277 126.958061 
150.538147 127.446831 
159.144287 131.033936 
164.166687 137.976990 
125.981293 140.868393 
125.682343 149.793701 
125.383339 158.470154 
125.163605 167.395355 
115.277695 174.685974 
119.300751 175.843872 
123.455353 177.106506 
127.156265 176.779388 
130.684433 176.190659 
93.007660 140.458908 
99.257721 137.065231 
106.053520 137.964172 
111.161583 143.277649 
105.208031 144.152267 
98.289398 143.594696 
136.804504 145.357681 
142.930420 140.698441 
149.473236 141.161804 
154.203949 145.293396 
149.512650 147.229111 
143.113007 146.959045 
105.284950 195.353241 
111.744164 190.365936 
118.517616 187.288177 
122.576416 188.266327 
126.924126 187.954514 
132.254211 191.961243 
136.805130 197.293045 
131.853897 204.145813 
126.103363 208.053787 
121.305473 208.721985 
116.556534 207.542023 
110.444077 203.055298 
108.299210 195.053009 
118.199135 191.177017 
122.236557 191.335114 
126.685127 191.827408 
134.318146 196.870956 
126.255020 201.176849 
121.600204 202.009109 
117.294220 200.794281 
