68 2
89.526779 76.748268 
89.503616 92.697403 
91.170967 109.261391 
94.247261 125.458199 
99.893272 140.903763 
107.035164 154.439789 
116.606361 166.391296 
128.284927 175.093018 
144.030441 176.560089 
159.966217 173.598495 
173.081726 165.237900 
183.325897 153.440552 
191.952789 139.687454 
197.914642 124.208115 
200.954163 108.221558 
202.882553 91.123909 
203.609207 74.985207 
93.288307 57.081753 
99.354652 49.585739 
109.315033 46.811718 
119.976524 47.479961 
129.974075 50.667648 
154.176483 50.601784 
164.492538 45.793091 
175.801498 44.406784 
186.635788 46.708141 
194.323349 54.390423 
142.278366 63.084629 
142.076569 74.788116 
141.889145 86.642822 
141.457565 98.717499 
128.603149 105.802406 
134.717224 108.844986 
141.575058 110.567535 
149.627060 108.433746 
156.751923 105.509766 
105.161308 66.597885 
111.709785 61.650513 
120.377228 61.606148 
127.305000 67.279808 
119.975616 69.714638 
111.355003 70.081680 
158.096329 66.910439 
166.346771 60.440273 
175.074478 60.103142 
181.633270 64.753494 
176.029877 68.902191 
167.266464 68.980621 
120.598106 134.266205 
129.010162 130.048523 
136.851013 127.585327 
142.505600 128.904739 
149.102936 127.276802 
158.014725 129.292404 
167.020813 132.484314 
158.179306 135.585556 
149.377487 137.474915 
142.476318 137.981934 
136.358566 137.821808 
128.725388 136.579376 
124.524292 133.205383 
137.011780 131.538544 
142.613327 132.072586 
149.100281 131.008789 
162.468094 131.711884 
148.931366 130.603043 
142.322540 131.529190 
136.749741 131.152527 
