68 2
105.373268 137.272736 
106.267731 151.444672 
109.081924 165.335266 
113.005035 178.918045 
117.975250 191.975769 
125.101021 203.236450 
134.763992 212.597229 
146.267883 218.762527 
159.080643 220.138489 
170.577835 217.539597 
180.633026 210.156143 
189.072433 201.320801 
195.010101 189.717102 
199.428497 177.129700 
202.988724 164.968430 
205.637390 151.878113 
206.471115 138.703720 
114.534340 124.642769 
122.008720 117.048828 
132.799210 114.230118 
143.958374 115.651215 
153.598389 120.193207 
166.119629 120.153427 
175.696213 116.486954 
185.868515 115.756500 
195.328247 118.681084 
201.044983 125.827827 
160.145645 131.356293 
160.444626 141.022293 
160.633728 150.464539 
160.863251 160.218643 
150.471664 167.847931 
155.081604 169.179916 
159.655472 170.409317 
163.807205 169.741669 
167.501358 168.596115 
125.228989 132.331940 
131.566452 128.405899 
139.008026 128.731720 
145.196335 133.961304 
138.682449 135.167984 
131.103027 135.154587 
172.162811 134.280167 
178.431137 129.113007 
185.446564 129.276016 
190.755920 133.191132 
185.842102 135.551605 
178.988831 135.581741 
143.366058 190.450546 
149.447937 185.226120 
155.632874 181.856705 
159.395966 182.680557 
163.227814 182.033325 
169.078094 185.812454 
174.376404 190.372986 
169.094543 196.482361 
163.696091 200.127579 
159.483292 200.987869 
154.979568 200.336243 
149.168884 197.139908 
146.516785 189.941116 
155.574188 185.618530 
159.290695 185.716476 
162.999634 185.761246 
171.511047 189.992157 
163.276764 193.040207 
159.513702 194.017792 
155.646011 193.424881 
