68 2
128.473938 136.329666 
130.743912 153.450760 
134.738785 170.254074 
138.611755 186.754578 
144.828156 201.564911 
155.523834 213.925934 
169.158005 224.027267 
184.071228 231.586884 
200.836044 232.901428 
216.511002 229.183701 
230.104324 219.899780 
241.431747 208.358093 
249.715759 194.859543 
253.102600 179.115753 
254.142746 162.391174 
255.871750 145.866837 
255.961258 129.057800 
138.153549 118.526695 
144.584778 110.102402 
155.047455 105.627861 
166.200272 105.676025 
176.519119 108.650200 
209.449524 106.696304 
220.195618 102.402199 
230.880859 101.091728 
241.039001 104.319733 
248.242950 111.164360 
194.166382 124.936729 
195.021545 135.928223 
195.800232 146.773956 
196.590637 157.512573 
185.541016 168.309555 
191.155304 169.735901 
196.843323 170.901443 
202.635925 169.189468 
207.986252 167.526337 
150.110779 131.492371 
157.465668 125.703766 
167.681900 125.193413 
176.760376 130.830704 
167.877609 133.691086 
157.903534 134.687622 
211.544373 129.484650 
220.506409 122.956947 
230.259033 122.533379 
237.421448 127.340981 
230.831024 131.092865 
221.231689 131.301712 
170.431396 190.419189 
181.858658 186.097916 
191.097519 183.223892 
198.384460 183.767273 
206.061005 182.492172 
215.618073 184.056152 
225.094421 186.712250 
216.571899 193.527283 
207.379425 197.376328 
199.505310 198.874161 
191.866028 198.436722 
182.016113 196.348236 
175.241135 190.751633 
191.523743 190.119766 
198.923981 189.625702 
207.138229 189.250183 
221.098175 187.579468 
207.180832 188.779190 
198.964493 190.242737 
191.629303 190.020050 
