68 2
154.437073 71.353729 
155.471817 82.596169 
157.547531 93.089729 
159.883560 103.383141 
163.315460 112.921562 
168.625351 121.926567 
175.913589 129.628174 
184.227448 135.458755 
193.959915 136.960098 
203.332932 135.232758 
211.397629 130.173233 
218.284119 123.240448 
223.666168 114.430000 
227.066788 104.573868 
229.280197 94.379036 
231.489670 83.736977 
233.284592 72.808510 
160.165176 67.223206 
166.008728 63.574272 
173.275085 63.346088 
180.154984 65.008743 
186.695023 67.425491 
200.210724 67.516853 
207.107300 65.204643 
214.247864 64.136185 
221.418640 65.202789 
226.811249 69.245811 
193.789032 74.082832 
193.840042 81.056412 
193.879761 88.005280 
193.878967 95.170563 
185.507065 98.717117 
189.348007 100.529999 
193.424637 101.961845 
197.543701 100.625687 
201.306488 98.941818 
167.909988 74.388397 
172.172226 72.088814 
177.655472 72.293671 
181.999344 75.776932 
177.344376 76.999458 
171.862473 76.952339 
204.349167 76.557892 
209.097717 73.056015 
214.396454 73.218002 
218.613205 75.615395 
214.860077 77.852066 
209.575134 77.913177 
178.568909 111.160255 
183.912354 109.305252 
189.297409 108.383003 
193.186829 109.493149 
197.425110 108.585358 
202.689957 109.854591 
207.754395 111.535248 
203.005310 116.997803 
197.753128 119.347412 
193.268982 119.848419 
188.861877 119.400848 
183.401718 117.099190 
180.840714 111.565353 
189.076096 111.068527 
193.094757 111.596069 
197.557938 111.165337 
205.451126 111.928131 
197.667511 114.883598 
193.200745 115.478554 
189.039169 114.917900 
