68 2
159.706848 120.746147 
160.895233 138.487228 
163.388657 155.841751 
166.951965 172.394897 
172.474258 187.930664 
180.936996 202.363800 
191.535614 214.762390 
204.207703 224.667786 
220.387268 226.837708 
236.018738 223.433884 
249.234924 213.823654 
261.084198 201.766281 
270.154297 187.480179 
275.719116 171.774582 
278.922333 155.214310 
281.942963 138.132019 
284.544067 120.370186 
164.665237 115.508545 
172.847580 107.940796 
184.378342 106.980766 
196.320007 109.985649 
207.282684 115.456108 
231.192383 115.345161 
243.229767 109.993195 
255.825027 106.985283 
268.746063 108.309662 
277.522339 116.273346 
219.922989 126.744629 
219.684265 135.948608 
219.305420 145.328552 
218.952515 155.125488 
207.467377 164.022522 
213.007095 165.331924 
218.744019 166.501816 
224.735657 165.570297 
230.590927 164.670074 
178.879578 126.920219 
186.346985 124.154999 
194.831757 124.603546 
202.431244 128.990921 
194.336502 130.235901 
185.855453 130.151215 
238.463547 129.956406 
247.319061 125.979774 
255.635880 126.001274 
262.411865 129.066620 
255.921524 132.007690 
247.502716 131.736221 
194.718002 184.573608 
204.018021 181.114960 
212.868652 179.437134 
217.884949 181.333191 
223.993210 179.869843 
233.231308 182.496994 
242.808350 185.666992 
233.496582 195.045471 
224.211563 199.001526 
217.463989 199.896454 
211.640564 198.948318 
203.169922 194.759155 
198.317093 185.174896 
212.596848 184.217789 
217.767685 185.093979 
223.994217 184.418182 
238.961838 186.377777 
224.177429 190.197754 
217.683121 191.155151 
212.250443 190.250290 
