68 2
139.915237 120.851471 
141.986389 138.596344 
145.973694 155.514175 
149.810364 171.993195 
156.201263 187.279587 
166.501953 200.588699 
179.973938 210.967041 
195.619934 219.063950 
211.329910 220.924805 
226.677231 216.433777 
240.120712 206.834290 
251.648163 195.919861 
260.278870 181.927963 
264.822632 166.275894 
267.793762 150.720795 
270.712524 134.807587 
272.181396 118.183853 
151.633728 102.949913 
161.632751 96.080772 
174.155731 94.483025 
186.728729 95.501030 
198.024139 99.293579 
222.011230 97.837395 
233.717255 94.168304 
245.251007 93.308258 
256.184235 95.278259 
263.829742 101.848747 
209.652023 110.397514 
209.786438 118.843018 
209.994568 127.497406 
210.240173 136.663895 
197.977539 149.490906 
203.938644 150.148666 
209.957336 151.068436 
215.593887 150.257095 
221.144348 149.720520 
165.470596 113.520248 
173.545471 107.750351 
183.676575 107.931427 
191.796799 114.442223 
183.349594 116.918854 
173.369522 117.215889 
225.437378 114.068466 
233.700195 106.242332 
244.003174 106.571991 
251.310547 112.459686 
244.649734 116.219933 
234.601288 116.355606 
183.351715 176.996216 
193.279541 168.923218 
203.636719 164.112595 
210.337296 165.023132 
217.402832 164.052902 
226.443192 169.107101 
233.698380 176.605118 
226.182114 187.429260 
217.197205 192.632294 
209.465622 194.208878 
201.978561 193.461243 
191.501221 188.393982 
186.943008 176.590607 
203.350159 170.046738 
210.434875 169.601013 
217.787216 169.996109 
229.806213 176.729126 
217.286179 183.992371 
209.454285 185.506088 
202.148605 184.793854 
