68 2
147.252686 110.654839 
148.657578 127.070801 
151.702011 143.134689 
155.793198 158.826172 
162.079422 173.803085 
171.110458 186.391983 
182.429749 196.282913 
195.183899 204.079437 
210.464188 205.816971 
224.713913 202.562256 
236.190186 193.441544 
246.028564 182.078445 
253.911789 169.253586 
258.982788 155.146240 
261.947540 140.346237 
264.258972 125.279839 
265.463959 109.694984 
154.159729 98.187004 
162.074570 90.638596 
173.232941 89.309357 
184.485901 91.317451 
194.810272 95.895546 
219.916565 95.956352 
230.893860 91.753265 
241.923203 89.650040 
252.801239 90.851097 
259.820068 97.887695 
209.048477 109.304123 
209.021713 116.601563 
209.094254 123.900551 
209.211349 131.665512 
197.614700 142.526001 
203.220642 143.758957 
208.986176 144.700241 
214.311203 143.773453 
219.536118 142.691284 
168.325073 110.055458 
175.622040 106.781929 
183.885178 106.938278 
191.363281 111.230553 
183.766647 112.649574 
175.539490 112.879005 
225.403122 111.838608 
233.790833 107.861908 
241.633408 107.955841 
247.703186 111.145363 
241.742264 113.790802 
233.699158 113.404030 
185.286209 165.438538 
194.149246 160.012527 
203.170837 157.470886 
208.543991 159.116745 
214.364105 157.499557 
222.802231 160.241516 
230.707489 164.765579 
223.157745 172.167282 
215.215195 175.618912 
208.843582 176.660736 
202.814621 176.249435 
193.904938 173.204407 
188.111542 165.561600 
202.834717 162.321716 
208.613831 162.754898 
214.913330 161.999420 
227.675262 165.303970 
215.162628 168.217163 
208.741348 169.386597 
202.726379 168.800125 
