68 2
130.511826 105.938217 
131.308456 124.543037 
134.111847 143.135376 
136.800537 161.297394 
142.022491 178.850281 
151.093323 194.737793 
163.126160 209.365494 
177.016541 221.416626 
194.647522 224.069214 
210.970001 220.803848 
224.295593 209.306229 
235.014572 194.798645 
243.096619 178.817505 
248.324005 161.909882 
251.391602 144.210190 
253.833069 125.297211 
254.749542 107.002296 
136.674332 105.738808 
144.047729 95.082375 
157.133606 92.403358 
170.643661 94.798943 
183.654175 99.145103 
202.214798 99.099808 
215.398224 94.826729 
228.633850 92.942245 
241.705643 96.123772 
248.842117 105.580437 
193.498016 112.563454 
193.408524 124.960556 
193.301666 137.502350 
193.018188 150.544373 
179.675507 156.701141 
186.108749 159.083374 
192.923859 161.150452 
199.929932 159.301483 
206.310028 157.763672 
151.104568 112.355499 
158.377625 107.074074 
168.650375 107.665298 
175.745422 115.436615 
167.547485 117.750381 
157.516647 117.368027 
210.780441 115.387779 
219.138672 107.535339 
229.009766 107.341766 
236.322510 112.681969 
230.009033 117.830757 
220.497116 117.844589 
168.307129 182.347565 
177.040802 180.755875 
185.795013 178.666321 
190.985321 180.653992 
196.800385 178.988693 
205.937805 181.869705 
216.186310 184.225128 
206.740402 193.067169 
198.122849 196.521317 
191.718979 197.202393 
185.299438 196.240356 
176.816055 191.782043 
172.020081 183.585403 
185.395554 185.213257 
191.221725 185.991806 
197.078568 185.437637 
212.221191 185.272598 
197.348862 185.555099 
191.512177 186.580612 
185.518005 185.425964 
