68 2
166.441544 89.778412 
166.565460 102.484482 
168.663269 115.214775 
171.501251 127.662964 
175.537781 139.280899 
182.133560 149.430878 
191.009766 157.671066 
201.499725 163.048355 
212.664291 164.281235 
223.064880 162.449310 
233.354065 157.050919 
241.706482 149.193237 
248.626007 139.104568 
253.336533 127.831894 
256.437744 116.279419 
258.848267 104.136780 
260.213013 91.704124 
175.221725 76.545380 
182.268860 71.186897 
191.127594 69.329475 
200.154892 70.571510 
208.054428 74.820389 
219.858704 75.353485 
228.705460 71.682419 
238.068787 71.106163 
247.036484 73.750259 
253.167801 79.563965 
213.945496 84.702385 
213.639862 93.582840 
213.437195 102.507240 
213.109482 111.645485 
204.692459 118.409943 
208.669983 119.760345 
212.861816 121.047592 
216.974197 119.999771 
220.640518 118.848351 
183.918167 85.552544 
189.853851 82.643173 
196.421005 83.013535 
201.869629 87.839539 
195.736298 89.100571 
189.108826 88.850716 
225.665649 88.336143 
231.802170 83.822563 
238.378555 83.864525 
243.291443 87.260185 
238.642883 89.977020 
232.286972 89.919228 
194.477112 135.748840 
202.244583 133.338898 
208.622375 131.264420 
211.851593 132.369629 
215.519211 131.367294 
221.676071 133.996964 
228.431717 136.412704 
221.513184 139.497543 
215.449921 141.091003 
211.585388 141.530045 
207.746887 141.188660 
201.593567 139.240860 
196.989990 135.642273 
208.516769 135.703140 
211.830307 135.909271 
215.630417 135.493958 
225.566483 136.329773 
215.283752 135.338867 
211.544113 135.756790 
208.166580 135.517990 
