68 2
120.700020 137.153809 
122.696381 152.391861 
126.220055 167.315857 
129.960007 181.741928 
135.768799 194.836975 
145.624603 205.921310 
158.532761 214.693237 
172.505829 221.660522 
188.222656 223.007248 
202.306915 220.468582 
214.001572 212.013107 
223.701691 201.720154 
230.598328 189.591476 
233.710388 175.428070 
235.860901 160.468567 
238.101044 145.874207 
238.623810 131.205017 
131.943787 118.954620 
138.848083 110.767502 
148.929993 106.443291 
159.843323 106.756035 
170.019241 110.051659 
196.322403 109.511879 
206.263535 105.319038 
216.522049 103.943893 
226.304749 107.212440 
232.819962 114.433975 
184.389648 124.905792 
185.137085 134.974792 
186.043045 144.829483 
186.902725 154.840073 
175.846405 165.159027 
181.207230 166.327454 
186.478973 167.299469 
191.460968 166.148209 
196.190735 165.000427 
142.946365 130.573578 
150.015350 125.142372 
159.484024 125.039581 
167.752380 130.882874 
159.465088 133.326630 
150.111832 133.945206 
199.185318 130.040359 
207.314743 123.563751 
216.205719 123.288193 
222.529129 128.024750 
216.777740 131.689743 
208.019714 131.917206 
162.070007 185.699539 
172.121994 180.816833 
181.089172 177.970337 
187.346436 178.658371 
194.124817 177.634384 
202.474457 179.978378 
210.420746 183.891266 
202.616730 188.729721 
194.876678 191.517212 
188.293884 192.579620 
181.831238 192.512878 
172.587112 190.635071 
166.494019 185.389572 
181.620895 184.381653 
187.705795 184.380676 
194.587982 183.925110 
206.384949 184.026657 
194.416473 183.610138 
187.750916 184.384506 
181.643723 184.287582 
