68 2
85.231476 95.095940 
85.291618 113.888634 
87.341339 131.750107 
90.136864 149.327225 
94.301888 166.901917 
102.047295 182.994446 
115.532944 195.903702 
132.202454 204.703369 
149.882431 207.836517 
167.178375 206.042236 
183.080505 198.485809 
196.401749 186.657089 
205.080795 171.378555 
210.279633 154.018936 
214.198105 137.193253 
217.308685 119.742783 
218.618805 101.847443 
99.392235 79.299911 
109.399017 72.631737 
121.800385 71.367645 
133.673904 74.150894 
144.323654 79.266418 
167.277069 79.298035 
179.052872 75.994629 
190.768524 74.808311 
202.161575 77.225372 
209.773132 83.964401 
155.673248 94.674576 
154.994812 105.851593 
154.309174 117.012016 
153.622498 128.472351 
140.039474 136.711578 
146.094437 139.864899 
152.539368 142.289688 
159.059647 140.339066 
164.825577 137.833206 
113.442459 95.492851 
121.644043 91.763618 
130.678925 92.582367 
138.084885 98.943405 
129.761887 100.464020 
120.712753 99.643433 
170.878479 100.539642 
179.157654 94.921005 
187.974228 95.210480 
194.754135 100.100830 
188.405045 103.183731 
179.608780 102.958183 
125.462227 162.006378 
135.595154 155.707382 
145.609177 153.122482 
151.562561 154.817932 
158.133606 153.787415 
167.508591 157.395233 
176.734116 163.529556 
168.011368 174.363647 
158.435211 179.449432 
151.106506 180.451157 
144.252304 179.312088 
134.358551 173.751984 
129.335266 162.430878 
145.187653 158.480362 
151.369949 158.802200 
158.309265 158.936035 
172.933792 163.872589 
158.415115 170.734146 
151.359024 171.789612 
144.909744 170.635788 
