68 2
170.419693 91.344795 
172.188416 103.749260 
174.988541 115.758339 
178.211853 127.620026 
183.068558 138.575134 
189.677490 148.632690 
198.738266 157.091736 
208.831055 163.387772 
220.146393 163.965256 
230.830017 160.710693 
239.800125 152.896622 
247.172791 144.169250 
252.666229 134.430725 
255.573029 123.645058 
257.037384 112.316620 
258.912415 100.470734 
259.964752 88.388184 
177.131683 86.418663 
183.007614 81.092499 
190.934586 79.927132 
198.856918 81.396843 
206.262527 84.258430 
224.514481 82.529755 
231.910583 79.517914 
239.423477 78.075333 
246.806366 79.420929 
251.768906 83.974274 
216.298096 91.533424 
216.733093 99.073822 
217.173615 106.541885 
217.710526 114.380074 
209.004211 118.967110 
213.223434 120.218803 
217.578445 121.179253 
222.014786 119.820717 
225.993134 118.049126 
186.591980 93.672516 
191.245331 90.811790 
197.194199 90.682846 
202.255478 93.921494 
197.265228 95.348907 
191.328537 95.797279 
228.304031 92.740158 
233.659882 89.240273 
239.188538 89.172745 
243.726624 91.533920 
239.821915 94.072357 
234.210968 94.116676 
202.291611 135.549347 
207.749802 132.081024 
213.409729 130.258972 
217.400528 131.294266 
222.206360 129.839951 
227.666809 131.406815 
232.750244 134.608917 
228.224930 139.886200 
222.857437 142.589767 
217.944656 143.509781 
213.465820 143.341064 
207.710373 141.376373 
205.248932 135.394150 
213.770615 134.487656 
217.764969 134.732895 
222.541306 133.864960 
229.591583 134.819229 
222.342087 135.944458 
217.532303 137.088379 
213.516541 136.634628 
