68 2
145.460587 129.719650 
144.760040 143.467087 
145.970367 157.747665 
150.809708 171.331467 
157.805389 184.476135 
166.135849 197.460663 
173.722412 210.229523 
181.698288 222.204071 
194.001038 226.763275 
209.173782 225.035675 
224.854156 216.952362 
239.499405 206.158875 
251.723114 192.868805 
259.826324 176.686630 
263.602905 159.194244 
265.473969 141.400085 
266.242615 122.962021 
143.966187 114.884750 
149.629944 110.599449 
157.868729 111.560181 
166.441711 114.608170 
174.199875 119.435562 
192.284485 119.008598 
204.919067 113.663185 
217.874924 111.855209 
230.707001 113.966377 
241.077316 119.982529 
182.781860 130.770416 
181.339417 144.145691 
179.513260 157.292206 
177.944489 170.562119 
169.083618 170.160919 
174.545883 175.141357 
181.983429 178.547546 
190.719482 174.761261 
198.644379 170.814804 
152.789398 128.305237 
159.000748 125.817139 
166.726242 127.028595 
174.327957 131.717865 
166.194565 131.762466 
158.470886 131.442032 
203.272263 133.107315 
211.119370 128.694519 
219.224899 128.789734 
227.125153 131.640121 
220.120560 133.929031 
211.886230 134.259659 
165.831482 176.477844 
173.413269 177.626617 
181.104370 180.159119 
186.666199 182.570969 
195.513443 180.330826 
210.149719 178.598831 
226.277542 177.616241 
212.402817 193.086914 
198.061462 199.852448 
188.621613 200.615143 
181.825089 198.741486 
173.728516 191.246613 
169.027496 178.779404 
180.965424 182.297714 
186.833191 184.082474 
195.998596 182.465973 
222.726135 178.976181 
197.441360 193.155045 
188.176300 193.529465 
181.718674 191.574173 
