68 2
95.467285 98.727768 
95.165558 112.489487 
96.449608 126.325165 
98.861717 140.707092 
103.567490 153.769775 
109.658066 165.841568 
118.214569 176.602493 
128.842072 184.439240 
142.948181 186.496994 
157.198624 183.023163 
168.027588 174.052109 
176.154541 162.495056 
182.113342 149.803360 
186.429672 136.711441 
189.081192 123.922203 
190.634949 110.774284 
191.245605 97.467712 
101.008438 82.697693 
106.471283 76.001862 
115.422729 73.222137 
125.012100 73.889977 
133.916519 76.792107 
152.447006 76.959084 
160.728119 73.381561 
169.681961 72.427444 
178.111603 74.606621 
183.254074 81.303101 
142.897125 87.349586 
142.779282 96.063492 
142.870575 104.899681 
142.883575 114.019707 
131.472473 120.438339 
136.472717 123.290855 
142.099930 125.181763 
148.678925 123.040810 
154.426010 120.419762 
111.871628 90.875160 
117.200073 87.093628 
123.833168 86.934525 
129.151321 90.837059 
123.511505 93.007233 
116.958549 93.355225 
155.779938 90.591782 
162.397232 86.513306 
168.999954 86.777397 
173.427887 90.562531 
168.818558 93.161736 
162.457779 92.863182 
122.467880 146.510178 
130.267014 142.380493 
137.790665 139.942627 
142.708038 141.200058 
148.472717 139.966736 
155.760818 141.972488 
161.990906 145.392654 
155.677612 151.391769 
148.487946 154.166611 
142.132462 154.963928 
136.229095 154.265518 
128.893906 151.686752 
125.467934 146.670959 
137.225891 145.121094 
142.726624 145.390427 
148.629272 145.184509 
159.004318 145.841385 
148.542206 146.699814 
142.307434 147.611679 
136.741440 146.930893 
