68 2
111.115219 101.071503 
111.922249 119.885185 
114.259750 138.865021 
117.417305 157.619080 
123.157066 175.157822 
132.004395 190.920593 
145.111252 202.085632 
161.102264 209.502533 
180.211670 211.392151 
199.635818 208.845764 
216.281723 200.527313 
229.590881 188.229172 
238.702850 173.459702 
243.976837 157.325272 
247.461014 141.141922 
250.539932 124.491669 
252.610672 107.029549 
120.206146 80.330116 
129.196625 69.433815 
143.921524 66.286591 
158.518402 69.457703 
172.128906 74.882294 
199.286316 75.192497 
212.129181 71.002007 
224.813507 69.016144 
236.996201 71.852623 
244.537170 81.659958 
184.957169 87.846321 
184.367584 95.716446 
183.886612 103.591881 
183.285248 111.994972 
169.736053 127.012207 
176.206833 128.814453 
183.166504 129.963348 
190.291931 129.008987 
196.643829 127.071503 
136.206390 95.110085 
144.368942 92.995575 
152.697739 92.025566 
161.090103 92.317108 
152.812714 93.855843 
144.646805 94.907883 
206.787079 92.998871 
215.266296 93.364799 
223.246109 94.626343 
229.914520 96.745888 
223.018326 96.622299 
214.944000 95.178062 
157.014709 162.449203 
167.319870 154.786911 
177.114868 150.663376 
183.450562 152.361389 
190.370850 150.850021 
199.412384 154.554306 
208.136398 161.207703 
199.019852 168.768829 
189.758530 171.818420 
182.509583 172.446396 
175.736496 172.238708 
166.510559 169.700714 
162.455429 161.660004 
177.333496 158.927139 
183.346741 159.718140 
190.163467 158.765961 
202.450943 160.988831 
189.965515 160.177628 
182.878372 161.004837 
176.688904 160.693436 
