68 2
115.756660 69.985489 
117.259659 86.073257 
120.374107 101.505844 
124.139122 116.588554 
129.850296 130.812637 
138.371475 143.735977 
149.866898 154.486298 
162.198486 162.613678 
176.991470 164.613861 
191.162796 162.008362 
203.151550 154.164810 
212.932343 143.058563 
219.485458 129.335022 
223.772644 114.355942 
226.164703 99.425995 
227.895966 83.529457 
228.721466 67.823936 
125.141533 66.653801 
132.193665 60.585903 
142.032532 59.726589 
151.829941 60.881618 
161.262726 63.361042 
179.764145 61.379944 
190.094040 57.982315 
200.258545 56.025066 
210.438843 56.403652 
217.647217 62.647015 
171.403412 72.001350 
172.036758 82.771675 
172.531769 93.573959 
173.137070 104.574463 
161.294693 109.192413 
166.975250 111.618141 
173.322144 113.344879 
179.649292 111.148521 
185.166550 108.449493 
136.167297 73.669922 
142.710663 70.301216 
150.506134 70.097557 
156.902023 74.139015 
150.347000 76.165863 
142.547745 76.761940 
185.418137 73.270744 
192.381958 68.272400 
200.099854 67.958534 
206.318314 71.150681 
200.865570 74.709892 
193.208176 74.987152 
156.300644 131.891144 
162.462982 126.835503 
167.954346 124.435577 
172.486649 125.688751 
178.169037 124.386368 
184.999817 127.089127 
191.310303 131.267197 
185.162674 135.298126 
178.557831 138.159500 
172.751144 138.942413 
167.627823 138.084167 
162.267242 135.663040 
159.607849 131.432922 
167.838882 128.384232 
172.605789 128.723343 
178.691376 128.176331 
188.186035 131.215363 
178.503448 130.765381 
172.621231 132.087433 
167.701279 131.001099 
