68 2
141.587875 74.888275 
143.018234 92.004715 
145.824326 108.689651 
149.135605 125.359604 
154.711273 141.157837 
163.818420 154.723267 
176.067688 165.592163 
190.200989 173.116882 
205.304733 175.118225 
220.134979 171.344284 
233.833557 162.535583 
245.096466 150.882996 
252.645920 136.810547 
256.771362 121.223907 
259.368530 105.355713 
261.606567 89.337303 
262.854095 72.987839 
151.059982 63.944687 
159.803131 57.500618 
170.881210 56.416618 
182.085419 59.077766 
192.030457 63.025528 
210.927124 61.529079 
222.082520 58.046799 
232.964279 56.130634 
243.857285 57.568832 
252.249756 62.689426 
201.755737 75.896904 
201.536346 85.455536 
201.318542 95.107048 
201.108704 104.980980 
190.272400 114.261635 
195.874451 116.259483 
201.772202 117.567574 
207.477219 116.058556 
212.821838 114.315079 
164.754471 76.267639 
172.092422 72.457596 
180.477539 73.063225 
187.216171 78.885796 
179.901154 80.390411 
171.415253 79.834267 
217.366898 78.805206 
224.423126 72.699593 
232.537979 72.657227 
239.410950 76.704498 
233.492081 80.111954 
225.284058 80.354004 
180.327209 134.759567 
189.422684 131.050156 
198.015503 128.605881 
202.977295 130.190308 
208.053329 128.880234 
216.528778 131.176727 
225.865906 134.181671 
217.566956 144.038513 
209.648865 148.725998 
203.569077 149.988647 
197.607040 149.192566 
188.785568 144.842941 
183.534180 135.803894 
197.794449 133.728241 
203.211609 133.989609 
208.791443 133.791183 
222.808395 135.145798 
209.084900 141.323303 
203.171814 142.419693 
197.567734 141.616272 
