68 2
141.830658 84.284096 
142.981995 100.074829 
145.512482 115.571289 
148.769943 130.205994 
153.428833 144.805038 
161.317459 157.824677 
170.987839 168.879395 
182.672989 177.910080 
197.651505 180.232010 
212.458710 177.245438 
224.532883 168.156784 
235.019745 157.479034 
242.913361 144.723602 
247.703445 130.667877 
250.536865 115.911812 
252.908203 101.019508 
253.496552 85.810379 
150.607925 78.483002 
157.741638 69.931671 
168.991852 67.483795 
180.719208 69.431290 
191.396866 73.528183 
210.833176 72.345642 
221.058517 68.681511 
231.452332 67.880882 
241.219559 71.307297 
247.065323 79.183754 
200.670135 85.441772 
200.313339 94.605225 
200.017807 103.812462 
199.744873 113.472511 
187.618591 120.053505 
193.369843 122.173920 
199.211685 123.869370 
205.086060 122.377983 
210.728210 121.115723 
162.558380 85.980125 
169.047195 82.131020 
177.114761 82.277657 
183.960159 87.287552 
176.853027 89.321136 
168.849762 89.463165 
215.042114 87.766159 
222.186340 82.799294 
229.786591 83.208946 
235.332092 87.273193 
230.201691 90.235306 
222.483582 90.074806 
178.229324 144.041458 
187.007736 138.443619 
194.528946 135.454132 
199.237518 137.266022 
204.886841 135.925247 
212.195419 139.712143 
218.534546 144.945938 
212.211807 151.796692 
204.881287 154.247742 
198.627930 154.885239 
193.113098 154.220413 
185.830246 151.490128 
181.557205 144.010147 
194.215408 140.801910 
199.140472 141.211014 
204.990829 141.193085 
215.408752 145.057022 
204.820358 146.874954 
198.711411 147.507156 
193.757492 146.634674 
