68 2
133.851135 95.666756 
135.033600 107.958092 
137.020905 119.538788 
138.976959 131.076096 
142.862762 141.777573 
148.734268 152.036346 
156.715454 161.013474 
165.865265 168.183243 
176.509201 170.088196 
187.257462 168.577164 
196.494202 162.415955 
204.460556 154.199310 
210.753494 144.102448 
214.970642 133.220856 
217.450500 121.983246 
220.089828 110.390587 
222.185608 98.279495 
139.564560 92.240448 
145.823807 88.063881 
154.020889 88.135490 
161.699326 90.560501 
169.009216 93.697273 
187.138123 93.982269 
195.014526 91.473267 
202.839523 90.118317 
210.589569 91.303764 
216.128723 95.812714 
178.365784 101.149185 
178.468765 109.598602 
178.568787 118.118393 
178.722366 126.900826 
169.280518 128.532578 
173.400223 130.769638 
177.801407 132.314346 
182.465759 130.886490 
186.653366 128.933044 
148.523438 100.110420 
153.495667 97.814522 
159.873596 98.179008 
164.916855 101.886391 
159.614120 103.241241 
153.210190 103.190216 
190.292603 103.014725 
195.898163 99.842484 
201.660217 100.076141 
206.208435 102.605743 
202.015442 104.999916 
196.082245 104.744843 
160.992188 140.807800 
167.799973 140.760284 
173.212921 140.697266 
177.287323 142.091232 
182.214569 141.076645 
187.292053 141.613068 
192.386932 141.956955 
186.950348 145.855896 
181.683502 147.136551 
176.756607 147.239426 
172.527863 146.626068 
167.238190 144.910156 
163.938339 141.587891 
173.014908 143.278870 
177.217117 144.257462 
182.299500 143.623749 
189.566284 142.389603 
181.998611 142.249832 
176.977905 142.549530 
172.900696 141.784073 
