68 2
160.298309 93.021698 
161.715912 106.024521 
165.021286 118.671227 
169.024017 130.893433 
174.025345 142.534668 
180.941971 153.054749 
189.855331 162.050766 
201.107483 168.122147 
212.632355 169.159988 
222.962921 165.981628 
232.335861 158.965302 
240.216614 150.152420 
245.978760 138.910675 
249.675674 127.156830 
252.176346 115.629921 
253.939636 103.600494 
254.601639 90.955338 
170.083740 79.617477 
177.308243 73.888275 
186.681915 72.250816 
196.316818 73.552284 
204.756973 77.729515 
216.304825 77.678810 
224.818161 73.934776 
233.948669 72.683342 
242.872131 74.843796 
248.756729 80.529366 
210.201721 87.484055 
210.355438 96.158150 
210.627197 104.788887 
210.865524 113.672752 
202.999924 120.526276 
206.880371 121.552505 
210.968704 122.316856 
214.720200 121.451996 
218.168701 120.360054 
179.659988 89.463707 
185.138550 85.883240 
192.031860 86.065514 
197.449524 90.811592 
191.679871 92.537102 
184.960266 92.660118 
222.036270 90.354042 
227.415344 85.474258 
233.880997 85.284904 
238.702820 88.737312 
234.527588 91.517479 
228.333252 91.813141 
198.212128 141.442886 
202.652435 135.597183 
207.541611 131.441650 
211.092087 132.042221 
214.655136 131.490784 
219.252548 135.649643 
223.195480 140.714691 
219.053131 145.408997 
214.977234 148.760864 
211.216110 149.835922 
207.146561 149.096619 
202.666031 146.054245 
202.096497 140.709000 
207.824112 136.840347 
211.172256 136.727066 
214.480316 136.851624 
219.601990 140.206818 
214.284821 140.750366 
210.910675 141.959610 
207.441406 141.036209 
