68 2
122.709038 103.199585 
122.733124 118.982452 
124.420204 135.249054 
128.397858 150.486633 
135.035568 164.530334 
144.669052 176.843430 
156.506073 186.865051 
169.083069 195.089447 
183.186539 197.418381 
197.915268 194.785019 
211.131912 187.316223 
223.387070 177.941772 
233.627792 165.609833 
240.932343 151.400345 
244.565430 136.224548 
246.427704 120.335953 
247.111298 104.161423 
135.913895 90.317696 
143.345703 83.910652 
153.520355 81.719910 
164.240082 82.562599 
173.537094 86.274841 
192.976913 86.276672 
202.973557 82.737068 
214.023010 81.913712 
224.998184 84.884109 
232.664093 91.448944 
182.475800 101.289604 
181.608154 111.381989 
180.720917 121.385590 
179.911560 131.339661 
168.558136 135.378036 
174.216125 137.456482 
180.519730 138.844452 
187.539124 137.632996 
194.279190 136.131424 
147.058929 104.318253 
153.376984 102.168205 
160.113815 101.903854 
166.284424 103.726639 
160.077591 105.296089 
153.452698 105.868050 
199.993195 103.727608 
206.753021 102.265778 
213.192734 102.929825 
219.259949 104.653427 
213.064041 106.097633 
206.634018 105.726257 
162.769592 154.609802 
167.614227 148.204727 
174.401184 144.049149 
181.567657 144.650742 
189.562653 144.305786 
197.323212 148.887314 
204.017502 156.044846 
197.061996 165.406387 
189.749023 170.428009 
181.780609 171.421539 
174.270157 169.933624 
167.727295 163.964706 
167.953369 154.086334 
174.986633 148.869308 
181.885452 149.127350 
189.659164 149.418030 
198.619202 155.258224 
189.893127 161.527130 
181.866531 162.687607 
174.710602 160.750305 
