68 2
110.114899 143.310730 
110.877419 156.626221 
113.459625 170.031937 
117.173553 182.705643 
121.982559 193.918762 
128.857956 204.214188 
138.950150 211.977280 
151.230240 217.365265 
165.235733 218.169006 
179.162598 215.227112 
191.158630 208.870911 
201.496979 200.546417 
208.435608 189.833191 
213.015930 177.838150 
215.770706 165.988724 
216.957687 153.345718 
217.016815 140.382843 
119.893097 123.690323 
126.518341 117.820831 
135.539795 115.692993 
145.151428 116.862091 
154.091736 120.557358 
170.512955 120.283554 
179.430237 116.260933 
188.864944 114.395264 
197.824005 115.702148 
204.421066 121.134033 
161.597900 132.129669 
161.345749 137.215225 
161.229889 142.366043 
161.250000 147.956070 
154.008728 159.457092 
158.080170 159.780350 
162.093567 159.927689 
166.563232 159.280670 
170.798203 158.263153 
130.800491 137.237137 
135.969635 132.956238 
142.553833 132.316910 
148.622803 135.417664 
143.075851 137.622177 
136.654312 138.595795 
175.578232 133.819061 
180.973419 129.999634 
187.288757 130.038116 
192.299026 133.428665 
187.707581 135.744476 
181.594284 135.622620 
148.714493 184.543503 
153.010895 176.060303 
158.380066 170.877213 
162.733215 171.034714 
167.352188 170.609329 
173.380920 175.145264 
179.436798 182.309235 
173.769989 186.975342 
168.644928 189.070313 
163.956360 189.817734 
159.506516 189.770523 
154.109924 188.356125 
152.363693 183.226196 
159.148819 176.796555 
163.325607 175.961456 
168.089172 176.226883 
175.521744 181.559219 
168.192474 182.508163 
163.434875 183.092346 
159.357452 182.985138 
