68 2
135.540543 62.872898 
137.428772 76.877106 
140.285507 90.213783 
143.167831 103.008331 
148.101852 115.042999 
155.225098 125.770416 
164.812607 134.950729 
174.938324 142.383865 
187.031311 143.430588 
198.760025 140.287750 
207.952805 132.126892 
215.991348 123.055229 
222.293304 111.954681 
225.690002 99.995239 
227.017517 87.753082 
229.070557 75.267136 
230.312439 62.406269 
142.799606 61.444283 
149.350845 56.041325 
158.146027 55.192101 
166.919876 56.752388 
175.286377 59.255535 
193.055954 59.157307 
201.572540 56.216805 
210.069794 54.607601 
218.369308 55.775974 
224.376633 60.766846 
184.986908 67.254944 
185.497070 76.484901 
186.019806 85.739128 
186.557922 95.200546 
175.429504 97.307869 
180.454727 99.610252 
185.870789 101.479874 
191.252670 99.283722 
195.951324 96.682030 
152.910217 69.091591 
158.055954 66.540092 
164.399872 66.211685 
169.957764 69.209747 
164.438812 70.756065 
158.092178 71.322845 
197.707352 68.668373 
203.430481 65.553680 
209.359619 65.670578 
214.248978 67.852943 
209.914001 70.093521 
203.912064 70.025879 
167.291367 112.776535 
174.664322 110.598686 
181.290344 110.121918 
185.744202 111.712196 
190.823242 110.120171 
197.018890 110.467461 
203.083893 112.060883 
197.373810 116.994751 
191.020691 119.142563 
185.644623 119.479828 
180.823517 119.217804 
174.306335 117.334503 
170.386887 112.718605 
181.230957 113.473000 
185.821243 114.688477 
191.003906 113.519218 
199.845123 112.396118 
190.830017 113.572662 
185.504898 114.158730 
180.909653 113.727921 
