68 2
127.803925 111.273277 
127.195938 127.752167 
127.522079 144.397308 
129.249298 160.794830 
132.812424 176.871521 
140.850861 190.957474 
152.211212 203.016495 
166.106873 211.444382 
182.922607 213.853470 
200.030304 211.947342 
216.439560 205.152206 
231.110840 195.983887 
242.700500 183.321045 
249.662170 167.857864 
252.581924 151.322021 
254.416824 133.695740 
255.851151 116.458443 
137.553497 97.551697 
145.097092 91.726913 
154.835831 89.929588 
165.048065 90.695580 
175.227112 93.421982 
199.738739 92.929710 
210.338730 89.838272 
220.838318 88.453835 
231.405304 89.775688 
239.797577 95.505219 
186.214050 107.136490 
185.119171 118.316879 
183.936508 129.704712 
182.674866 141.184479 
170.917053 147.663437 
176.837540 149.772156 
183.327927 151.430115 
190.607315 150.206787 
197.535492 149.131165 
149.943573 111.179291 
156.643402 109.631371 
163.419632 109.098145 
169.609421 110.668022 
163.338608 111.537285 
156.697403 112.119781 
205.987869 111.504730 
213.270721 109.675987 
220.708679 110.183258 
227.241333 112.216614 
220.764572 113.286621 
213.601837 112.902534 
160.877731 166.160660 
167.414841 163.182449 
175.217560 161.543839 
181.862610 163.637344 
189.150864 162.881210 
199.395264 165.795685 
209.422104 169.684250 
199.076111 177.501450 
188.543808 180.143967 
181.037537 180.057388 
174.134659 178.896896 
166.559662 174.618729 
165.901794 166.048279 
175.185822 167.013840 
181.747040 168.493439 
188.649918 168.261322 
203.449219 169.262650 
188.361664 170.895523 
181.265076 170.873688 
174.724060 169.936478 
