68 2
126.766930 166.405289 
128.161636 181.897522 
130.001816 197.294922 
131.034317 212.641861 
134.134323 227.772186 
142.023987 240.278839 
153.680420 250.309540 
168.110062 257.518555 
185.865204 258.672394 
202.537872 256.686920 
216.159531 248.672913 
226.471085 237.871368 
233.586700 224.620285 
237.023956 209.693741 
238.725662 194.536133 
240.404602 179.804626 
241.456406 165.636429 
131.809189 151.843689 
138.982513 140.979797 
151.690369 136.440994 
165.036804 136.750381 
177.448914 140.355896 
192.660797 139.318665 
205.491394 135.999451 
218.288025 136.095932 
230.220840 140.340668 
237.317444 149.369324 
186.077057 152.113586 
186.137360 161.295929 
186.164703 170.144638 
186.120926 179.591644 
173.772034 191.692459 
179.795685 193.034683 
186.048904 194.490051 
191.987228 193.442642 
197.392197 192.492325 
147.294632 158.351730 
154.462830 153.800293 
162.901764 153.581116 
169.832382 159.030502 
162.696640 160.961884 
154.171494 161.098358 
200.962860 158.397400 
208.688217 152.424088 
216.732239 152.560913 
223.375519 157.059174 
217.302811 159.909088 
209.348038 160.081207 
161.460083 217.789474 
170.616241 212.486099 
179.003143 209.247086 
184.737701 210.860352 
191.172729 209.248825 
199.544968 212.894104 
208.666443 218.346008 
199.613586 221.818893 
191.956726 222.702255 
185.334961 223.186386 
179.153259 222.884872 
170.665314 221.419388 
165.445190 217.069397 
179.108521 215.242340 
184.788895 215.671005 
191.291489 215.023422 
204.550262 217.542679 
191.364120 215.217529 
185.017532 215.856125 
179.134888 215.465240 
