68 2
117.215607 146.538818 
118.166626 166.794739 
121.208511 185.966812 
124.333092 205.585159 
129.943085 223.871719 
140.162292 240.358368 
154.534149 254.060928 
171.624451 265.045288 
190.238647 268.925903 
207.609360 266.098267 
223.706482 257.539764 
238.693634 246.237366 
250.096710 230.365723 
257.596558 212.376572 
262.397797 193.426376 
266.311432 173.618469 
268.894806 152.749481 
129.552048 130.678406 
140.232849 122.369293 
154.602737 120.068398 
169.402328 121.812027 
182.444763 126.777328 
208.684052 127.056885 
222.845047 123.053574 
236.872772 122.469452 
250.515625 126.082924 
259.796753 134.721222 
194.997604 139.105652 
194.810379 149.676453 
194.615829 160.524078 
194.400223 171.635132 
179.274277 184.728897 
186.397705 186.377609 
193.583527 187.787033 
200.034973 186.892883 
206.421631 185.979553 
145.233536 140.738235 
154.339539 135.282883 
165.667831 135.621857 
174.183258 143.404510 
164.790817 144.975296 
153.823334 144.818817 
214.916626 144.586868 
224.769775 136.878006 
235.741882 137.718475 
243.889465 144.304642 
235.636398 147.153564 
224.999496 146.562683 
162.508514 216.512375 
172.953659 207.810852 
185.039490 202.819244 
192.523834 204.277374 
199.778961 203.189255 
209.717941 208.727097 
218.214294 217.209305 
209.731995 230.353729 
199.635986 236.162903 
191.323914 237.643097 
182.931824 236.264786 
171.343887 230.269882 
166.283752 216.096222 
184.437485 209.013916 
192.404404 208.963013 
199.961960 209.404358 
214.837158 217.126785 
199.917831 226.413498 
191.647781 228.106766 
183.397827 226.575668 
