68 2
144.600662 101.671097 
145.937088 114.923126 
147.816452 127.586151 
149.756622 140.072067 
153.864075 151.119476 
161.901871 160.305603 
172.182175 166.873734 
182.653458 171.952820 
194.593933 173.391479 
206.622192 171.427704 
217.372757 165.076797 
227.157593 157.952805 
234.487518 148.624710 
239.071457 137.118820 
241.454803 125.750839 
242.905655 113.271706 
243.970734 100.593300 
153.131744 84.459808 
158.842041 77.452919 
167.927139 74.773560 
177.373352 75.647003 
185.811295 78.763382 
206.148956 78.821335 
214.684982 75.501366 
223.561981 74.659538 
231.961105 77.527397 
236.737854 84.835342 
195.902420 95.147568 
195.854904 102.121315 
195.835617 108.775215 
195.724121 115.669800 
185.877518 123.372528 
190.668396 124.226875 
195.278992 124.921631 
199.901596 124.661026 
204.215164 124.373131 
164.812195 98.466522 
170.285156 95.523224 
176.317795 95.605911 
181.631287 98.899551 
176.270081 100.508575 
170.229401 100.607574 
206.966644 99.138954 
212.501587 95.338501 
218.748703 95.764778 
223.794815 98.746429 
218.828598 100.921196 
212.686234 100.887001 
178.045166 142.304291 
183.992020 136.859039 
189.879395 134.157379 
194.314056 135.430237 
199.094101 134.986176 
205.546524 138.653671 
211.478760 143.893250 
205.059601 149.817032 
198.688934 152.165771 
193.403412 152.428162 
188.662155 151.637924 
183.110382 148.467255 
180.941666 142.040146 
189.806427 138.151611 
194.274246 138.344208 
199.296051 138.708740 
208.460434 143.671478 
198.920959 146.102722 
193.685669 146.460266 
189.160217 145.555847 
