68 2
168.910690 97.881569 
168.552017 113.094254 
169.831161 127.878891 
172.391891 142.515808 
177.092926 156.502670 
184.484055 168.734116 
194.675491 178.652023 
206.336853 186.998428 
220.440430 190.384415 
233.870529 188.416290 
245.248505 181.614075 
255.347092 172.453903 
263.465790 161.440826 
269.172699 148.498627 
273.193573 134.797241 
276.778687 120.908585 
279.033691 106.147842 
176.087646 82.956665 
183.445663 75.941200 
193.965149 74.991730 
204.518539 77.241142 
213.782394 81.595657 
238.011536 83.433159 
248.685974 80.558525 
259.227051 80.240852 
269.310577 82.498390 
275.320679 89.876831 
226.074203 95.835526 
225.695038 102.264633 
225.447083 108.790688 
225.131485 115.664185 
213.285263 125.682388 
218.433685 127.244904 
223.556747 128.574402 
228.696701 128.223526 
233.701797 127.669785 
188.033752 94.568031 
194.651901 91.385422 
202.116211 92.013214 
208.442627 96.890778 
201.643097 97.993988 
194.119125 97.666367 
241.572617 99.657753 
249.622910 95.701012 
257.042603 96.530151 
262.339630 100.471527 
256.618774 102.527130 
249.116760 101.714561 
201.330078 149.189774 
209.094406 145.050903 
217.354889 142.977783 
221.933807 144.591476 
227.178329 143.847244 
234.860535 147.393753 
241.304367 152.705811 
234.242569 158.567566 
226.783630 161.342346 
221.194595 161.749725 
215.729233 161.154251 
208.142197 157.506332 
204.416077 149.339172 
216.936920 148.184387 
221.745193 148.668777 
227.144257 148.630676 
237.869308 152.385025 
227.009216 153.921036 
221.640564 154.548767 
216.599533 153.630234 
