68 2
147.984772 112.346733 
149.531372 130.090179 
152.837509 147.553635 
157.266144 164.826797 
164.172623 180.043243 
174.273911 193.500320 
187.154327 204.007156 
201.844055 211.583893 
218.404678 212.714828 
233.709335 208.739197 
245.715256 198.747650 
255.148682 186.129913 
262.200714 172.090515 
265.951538 157.557663 
268.022522 142.199402 
269.699615 126.828720 
270.204132 110.970284 
160.529984 99.261703 
169.853195 92.637543 
181.578659 91.537735 
193.192001 93.865746 
203.657883 99.049438 
231.162979 98.838593 
241.633408 94.582779 
252.046707 92.633392 
261.951843 94.051071 
267.713165 101.405739 
219.322769 112.404572 
219.787506 120.643417 
220.432724 128.656555 
221.251175 137.113022 
207.220093 147.873398 
213.380646 149.300888 
219.677383 150.411835 
225.091446 149.407104 
230.156677 148.098648 
175.174011 113.636269 
182.664703 110.415298 
190.859024 110.555016 
198.440247 114.679672 
190.703888 116.161362 
182.487808 116.309586 
234.622910 115.313148 
242.466034 111.807106 
250.029892 112.048904 
255.811630 115.157471 
250.319641 117.545601 
242.623123 117.148102 
192.383499 172.162033 
202.807266 166.134186 
212.639633 163.382767 
218.471375 165.231049 
224.547287 163.512421 
232.031357 166.662445 
238.612686 171.993866 
232.162659 179.477173 
224.955582 182.948898 
218.353470 183.938309 
211.748718 183.570572 
202.144562 180.135223 
196.004700 172.266037 
212.283096 168.652267 
218.451401 168.992737 
224.849777 168.316589 
235.491241 172.280411 
225.095291 174.679550 
218.513977 175.794052 
212.167786 175.440002 
