68 2
110.260193 129.452576 
112.218826 145.764374 
115.007584 161.147812 
116.673500 176.829803 
120.176987 192.545853 
128.390747 205.002975 
141.783997 214.738007 
158.558914 220.283020 
178.352402 220.592941 
196.943787 218.049942 
212.015594 211.530518 
224.080124 201.846375 
231.392685 188.553436 
234.121857 172.114929 
235.416397 156.122025 
236.906677 140.423157 
237.859100 125.399750 
114.678535 111.551666 
120.287338 97.012871 
134.159363 89.442825 
149.884827 87.836998 
164.995956 91.554367 
181.570145 89.465317 
195.963898 85.435638 
210.674423 86.114220 
224.347076 91.985588 
231.990097 104.254730 
174.868500 103.629486 
175.277832 111.974945 
175.608597 120.110680 
175.907211 129.199692 
162.942398 145.248001 
169.814148 145.679657 
176.687347 146.318665 
183.437073 145.447693 
189.798630 144.677185 
132.357025 113.868759 
140.128967 107.404808 
149.286865 106.636757 
157.466446 113.287331 
149.616592 115.368896 
140.368805 116.102974 
191.944839 111.311401 
200.500443 103.880569 
209.455551 103.959129 
216.921265 109.693787 
210.257034 112.270233 
201.518936 112.558624 
150.267273 176.940414 
160.653366 168.988434 
169.962753 164.389511 
176.550797 165.999481 
183.356796 163.695129 
193.720444 168.409500 
204.384094 175.247971 
194.550934 178.187103 
185.435028 179.128967 
177.978256 179.699005 
170.909424 179.832611 
161.144852 179.556030 
154.612732 175.811691 
170.447449 171.817184 
176.887314 172.119476 
183.957413 170.990616 
200.123566 174.346268 
184.258926 171.186615 
177.137451 171.930893 
170.445343 171.980087 
