68 2
149.487976 82.021111 
151.022736 93.930809 
153.091431 105.565094 
155.242004 117.149551 
158.813293 128.089661 
165.121857 137.882629 
173.283127 145.928986 
183.559113 152.335175 
195.963760 154.132187 
208.164536 151.589798 
218.031342 144.807587 
225.522949 136.008133 
230.650040 125.763275 
233.375977 114.323799 
234.767471 102.605072 
235.828583 91.144638 
236.217712 79.639885 
155.660919 69.396935 
159.313187 61.926392 
166.521622 58.290119 
174.214417 59.037521 
181.240494 62.396152 
205.019943 62.675449 
212.024551 59.653580 
219.092514 59.197651 
225.447983 61.799248 
229.353973 67.506615 
194.091492 75.941994 
194.418137 83.303917 
194.760071 90.548691 
195.125656 98.067230 
184.845276 103.811554 
189.661209 105.401016 
194.961792 106.568466 
199.803207 105.156311 
204.130875 103.609840 
164.454773 78.670135 
168.866425 75.388817 
174.646667 75.700142 
179.799316 79.409264 
174.423416 80.318398 
168.980438 80.292274 
206.594772 79.140205 
212.138733 75.658508 
217.879120 75.497734 
222.303543 78.608917 
217.886810 80.372414 
212.352707 80.186455 
176.179031 120.787598 
182.314926 116.122490 
189.037430 114.567993 
194.768967 115.248047 
201.056946 114.297676 
208.026062 115.658379 
213.307785 119.891586 
208.500076 127.778351 
201.896530 131.387283 
195.237854 132.609268 
188.883408 132.085495 
181.819061 128.667557 
178.925797 121.018120 
189.139404 120.225502 
195.012390 120.246025 
201.409744 119.667671 
210.610291 120.295723 
201.538513 124.787804 
194.972504 125.874634 
188.799698 125.323891 
