68 2
129.764679 92.946213 
130.386490 110.748985 
131.837189 128.578201 
134.317657 146.053574 
139.935089 162.371078 
148.806152 176.408829 
160.053040 188.741608 
172.967499 198.653915 
187.698792 201.652679 
202.206238 199.681015 
215.289993 190.952423 
227.440536 180.391357 
237.458221 167.708694 
244.477219 152.684784 
248.850174 136.870056 
252.154358 119.474525 
254.525452 101.828720 
137.550156 92.266907 
147.897217 85.114525 
161.782715 85.526169 
174.949112 89.451965 
186.765106 95.695717 
201.471542 95.391754 
213.971237 90.536224 
226.842880 87.639893 
240.137238 88.781708 
248.231720 97.260300 
194.172638 104.984154 
193.535187 117.462418 
192.938507 130.157440 
192.297791 143.113480 
177.772324 145.193726 
184.104813 147.727554 
190.858353 150.240128 
197.906525 148.393661 
204.076172 146.218903 
151.396912 102.160110 
158.759094 98.363380 
167.668961 99.066879 
174.808655 104.863106 
166.907776 106.345482 
157.813324 106.182472 
210.904999 106.163025 
218.983414 100.595688 
227.736679 100.889145 
234.219620 104.908463 
228.062317 108.433388 
219.416901 108.368301 
167.825409 166.427795 
176.184982 163.488190 
184.328583 161.621765 
188.785660 163.468002 
194.348526 162.154694 
201.753754 165.280838 
208.569016 168.880402 
201.141418 176.675507 
193.724167 180.099533 
187.913879 180.317993 
182.552551 179.464645 
174.839951 175.484253 
172.107620 166.401245 
184.060486 165.569885 
188.710129 166.723083 
194.067093 165.912888 
204.287659 168.598236 
193.971344 170.239120 
188.585907 170.811462 
183.588150 169.716507 
