68 2
141.491577 78.229546 
142.503265 94.199692 
145.009842 110.307343 
147.821381 125.622177 
152.373489 140.877853 
160.152542 154.306244 
170.003189 165.774490 
181.671936 175.287445 
197.005478 177.856476 
211.957092 175.475159 
224.526962 166.973267 
235.696640 156.053299 
244.303391 143.010315 
249.975998 128.397232 
253.570724 112.877357 
256.661957 97.227005 
257.964752 81.071251 
149.099487 71.775444 
156.463837 62.466892 
168.091187 59.557522 
180.508194 61.771641 
191.570419 66.247238 
210.625793 64.869614 
221.764496 60.746113 
233.312683 59.939529 
243.968536 63.735744 
250.414368 72.825783 
200.941391 78.516434 
200.491776 88.225403 
200.053391 97.913658 
199.520844 107.988640 
187.101624 114.973251 
193.046860 117.263481 
199.230637 118.873306 
205.507385 117.429901 
211.332642 116.065239 
162.162079 79.851715 
168.690643 76.023888 
176.906799 75.931427 
184.139755 80.487686 
176.829605 82.860207 
168.590622 83.194672 
216.640564 81.117264 
224.134201 76.675446 
231.899658 77.119354 
237.775040 80.985863 
232.265793 83.995140 
224.349045 83.747559 
177.575684 139.505203 
186.317505 135.062836 
193.302521 132.372620 
198.235260 134.691788 
204.273514 133.274597 
211.594666 136.704605 
218.691681 141.115097 
211.582855 147.332626 
204.303040 149.057449 
197.713181 149.225128 
191.896805 148.416351 
185.048309 146.028122 
180.911591 139.686554 
192.798782 137.742844 
198.152878 138.691025 
204.397995 138.458786 
215.566574 141.329102 
204.273346 140.765182 
197.854095 141.218292 
192.580139 140.161163 
