68 2
122.740204 109.379311 
124.758339 123.730255 
127.579208 137.213959 
130.690262 150.746109 
135.988800 162.900665 
143.806305 173.640884 
153.405090 183.004745 
164.574905 190.030579 
176.637833 192.055573 
188.141846 189.072449 
198.226639 181.407104 
207.326447 172.999619 
214.562531 162.755920 
219.068665 150.895569 
222.191269 138.531555 
225.121857 125.598419 
227.133560 112.017181 
131.504013 101.980751 
139.848175 97.554596 
149.660172 96.997864 
159.382141 98.790527 
168.297409 102.411690 
186.986176 102.103310 
195.401932 99.089005 
204.041107 97.505371 
212.804443 98.708885 
219.240662 103.386803 
178.687195 111.292999 
178.611145 120.551811 
178.590942 129.818115 
178.483398 139.267441 
167.948807 144.276459 
172.807388 145.514160 
177.644714 146.723541 
182.342255 146.106018 
186.619232 145.499039 
145.201065 110.094833 
151.214417 107.700462 
158.056351 108.022285 
163.256226 112.111809 
157.666245 113.546585 
150.765869 113.441711 
190.606125 113.140015 
196.090729 108.943314 
203.058655 109.465462 
208.594437 112.579460 
203.485229 115.088760 
196.849060 115.042236 
160.567261 162.199097 
165.722092 157.608887 
171.491623 154.907272 
176.233948 156.425232 
180.998428 155.600403 
187.307190 159.320694 
192.191986 163.638519 
186.971390 170.237549 
181.166931 172.917206 
176.184082 173.535263 
171.001953 172.589172 
165.501114 168.941452 
164.432449 161.849060 
171.719513 160.424667 
176.283081 161.277405 
180.787628 161.055725 
188.253906 163.245285 
180.706009 164.153046 
176.044647 164.830536 
171.407837 163.824249 
