68 2
133.855545 103.439896 
134.827026 122.957184 
137.029633 142.277405 
141.650238 160.337692 
149.265076 177.225937 
159.686722 192.347778 
172.059296 205.644669 
184.990616 216.109573 
201.114334 220.185349 
217.810654 218.272675 
233.198105 208.717270 
246.393906 196.365997 
256.514069 180.907227 
264.425598 164.153885 
269.341675 146.988312 
272.540070 128.767563 
275.273438 109.337906 
145.848206 95.644836 
154.600464 88.822578 
166.706161 88.380707 
179.151306 90.602249 
191.021667 95.170395 
213.505066 95.275101 
226.846146 92.675247 
239.708115 91.705009 
251.979111 94.107307 
260.490692 101.638008 
200.066681 110.146149 
198.710999 123.557411 
197.250519 137.056458 
195.989670 150.725235 
184.103592 152.114487 
190.161865 155.955338 
197.362000 158.250549 
205.419250 156.164825 
212.613800 153.409424 
160.012268 109.693810 
167.496552 108.488251 
175.241760 108.510208 
182.584900 110.737465 
175.287415 112.575134 
167.579971 112.721893 
220.332733 112.413673 
228.515244 111.394211 
236.181610 112.607300 
243.176483 114.324799 
235.793152 116.410736 
228.044617 115.564873 
177.609070 169.409729 
185.449249 167.911301 
192.710983 167.986496 
198.491669 169.929031 
205.894348 168.937836 
215.172256 170.488953 
224.108841 173.132385 
215.293655 182.778534 
205.856918 186.276779 
198.310837 186.139221 
191.909576 184.488846 
184.792297 179.441025 
181.639221 169.949921 
192.720856 170.512756 
198.677673 172.146667 
206.279327 171.620880 
220.647293 173.238998 
206.442429 178.413406 
198.829865 178.431808 
192.559509 176.356171 
