68 2
156.730148 96.355827 
159.345627 109.851738 
163.362869 122.458710 
168.165009 134.482315 
173.559570 145.885040 
181.539444 155.367371 
193.053879 161.884216 
206.477966 165.759201 
220.317352 165.499084 
233.598083 161.956635 
245.685486 155.253601 
255.691086 146.946136 
262.630188 136.739685 
266.485962 124.629883 
268.254517 111.619583 
268.545624 98.215179 
267.811890 84.621017 
162.122742 72.779785 
168.552002 65.506805 
177.597824 61.823269 
188.109055 60.810345 
198.346420 62.571655 
217.266785 59.755310 
226.550385 56.268024 
236.671814 56.024277 
246.178741 58.153816 
253.942627 63.364433 
208.086426 73.349197 
208.337646 78.619965 
208.431595 83.808907 
208.633118 89.392792 
202.175079 103.214386 
206.636917 103.449059 
210.993271 103.295341 
215.708206 102.375458 
220.148987 101.000633 
175.272507 83.434792 
180.875229 78.533623 
188.324188 77.102715 
195.327240 80.252640 
189.292374 83.083954 
182.063431 84.500877 
224.396561 77.113853 
230.788406 72.530365 
237.941681 72.403229 
244.343155 76.056351 
238.695251 78.505264 
231.493866 78.697235 
196.551712 130.714584 
201.517807 120.834503 
207.772736 115.016098 
212.484924 115.304550 
217.322357 114.351578 
225.534256 118.572807 
233.438309 126.535049 
226.944687 131.928452 
219.874893 134.459229 
214.841278 135.505280 
210.022415 135.561203 
203.472977 134.500275 
200.017792 129.419647 
208.736755 121.327744 
213.329346 120.361191 
218.506287 120.443413 
229.962723 126.132919 
218.968933 127.639023 
213.705902 128.739868 
209.228088 128.848999 
