68 2
163.232910 80.660339 
164.545456 91.072517 
166.751007 101.460968 
169.945740 111.307953 
174.603271 120.467926 
180.765091 128.774063 
188.911652 135.850388 
198.349335 140.920532 
208.700470 141.598099 
218.435486 139.004913 
226.176315 132.855652 
232.636932 125.273468 
237.308914 116.538277 
239.996231 107.141998 
241.400391 97.396469 
242.575851 87.535919 
242.981552 77.578926 
169.722839 67.013222 
175.172668 62.782051 
182.441467 61.869148 
189.890167 63.404514 
196.356354 66.285980 
211.158066 65.308929 
217.758163 62.805157 
224.524353 61.660610 
231.437958 62.360359 
236.344620 66.379509 
204.695694 73.061638 
204.990677 78.684311 
205.374237 84.324310 
205.712997 90.251198 
197.711105 97.310760 
201.472336 98.124199 
205.378601 98.737396 
209.262054 98.008194 
212.768890 97.207985 
177.886093 75.174835 
182.402283 71.862999 
188.273468 71.901382 
193.154907 75.676788 
188.080185 77.030762 
182.429352 77.279678 
214.476501 75.252792 
219.121490 71.293297 
224.605316 71.474060 
229.017410 74.304970 
225.169250 76.406601 
219.795547 76.442032 
192.505402 115.306236 
196.616852 109.887543 
201.276260 106.649811 
205.218018 107.386414 
209.523743 106.460510 
214.565994 109.472008 
219.119644 114.123444 
215.280396 119.808136 
210.829437 122.656410 
206.426971 123.401939 
202.151550 123.053398 
197.251343 120.628838 
194.987244 114.999298 
201.461517 110.727707 
205.407501 110.425255 
209.826340 110.422379 
216.939728 114.145874 
210.349472 116.455475 
206.044708 117.121742 
202.003616 116.857681 
