68 2
143.637848 50.175220 
144.640594 73.295547 
148.100647 95.925537 
152.843246 117.022789 
159.213867 138.617706 
167.906830 158.384262 
178.889816 176.327164 
192.726593 190.409027 
212.470627 195.167847 
232.351974 192.701355 
249.526505 181.163452 
265.634125 166.554047 
279.107971 148.824158 
289.921448 128.614243 
296.881470 106.996986 
301.400848 83.480240 
304.114319 60.072224 
145.806992 35.747055 
154.772003 24.437527 
170.904205 24.604094 
186.261536 30.753222 
200.623672 39.304672 
228.929932 41.040218 
245.956863 34.913250 
263.085419 30.574114 
280.663910 32.059948 
291.765594 43.761311 
212.918686 53.866173 
211.306870 68.336411 
209.345291 82.784546 
207.528915 97.543434 
193.549011 106.257179 
200.742081 110.553764 
208.811340 113.627869 
218.699280 111.248398 
228.205048 108.569939 
160.734192 52.971775 
169.950439 48.152840 
182.164871 49.059361 
192.014648 56.365776 
181.268860 59.456551 
169.258850 59.439331 
240.675919 58.903641 
251.653107 53.220188 
263.844025 54.309303 
272.768860 59.514324 
264.005249 64.398102 
251.836777 63.383133 
184.809387 138.853424 
194.309387 134.802582 
202.312210 132.500946 
209.192123 135.389236 
218.044739 133.560257 
229.864334 136.651428 
241.720383 141.871262 
231.173096 154.633270 
219.771942 159.633072 
210.151657 159.875107 
202.015533 157.868790 
193.999298 152.005402 
190.031464 139.814423 
202.214478 138.110077 
209.390060 140.026932 
218.745682 139.036758 
237.367020 142.235489 
219.677383 146.872314 
210.367676 147.555511 
202.789978 144.743881 
