68 2
123.020905 108.682037 
123.682846 127.313301 
125.808052 145.869995 
128.580078 164.055679 
133.630310 181.033066 
142.029190 195.622482 
153.424988 207.997650 
166.923157 218.125473 
183.907990 221.126389 
199.795837 218.676315 
212.616211 208.601624 
223.327499 196.358734 
231.109451 181.665268 
236.006836 165.441559 
239.089600 149.482834 
242.524872 132.330658 
244.290695 115.562042 
131.944092 91.850327 
139.292297 84.015244 
150.407166 81.541168 
162.308350 83.077621 
172.247360 88.637802 
201.442169 90.117439 
212.300247 85.691269 
223.791367 85.729355 
234.255753 90.711998 
239.614151 99.552399 
186.140808 107.615044 
185.305359 119.819565 
184.359390 131.933670 
183.518860 144.187027 
171.781845 150.712387 
177.463684 153.212784 
183.245422 155.030487 
189.245300 154.034012 
194.853638 152.452850 
145.237122 106.991119 
152.169418 102.374107 
161.201508 103.295738 
168.232361 109.655373 
160.313019 111.654121 
151.471603 111.197235 
202.616058 111.828842 
210.593475 106.383698 
219.417969 106.901932 
225.140076 112.265121 
219.248764 115.482506 
210.738892 114.851089 
162.827026 180.043777 
169.996857 174.073730 
176.776962 171.134766 
183.072723 172.928772 
190.043152 171.861938 
196.848969 175.781769 
202.558380 181.690887 
197.311172 187.705673 
190.654938 191.085114 
183.322021 192.211975 
176.378204 190.990433 
169.559464 187.350525 
167.175552 180.128967 
176.429138 176.681564 
183.141281 177.439621 
190.312683 177.227814 
198.677185 181.062515 
190.739868 181.431610 
183.419327 182.857391 
176.605255 181.494034 
