68 2
150.205582 112.352615 
151.395615 129.374847 
154.382599 146.443176 
158.254745 162.933380 
164.189362 178.370224 
172.928909 192.054413 
183.639099 203.188705 
196.127731 211.966522 
211.831650 214.408020 
227.427551 211.059296 
240.585556 201.460541 
251.632263 189.861023 
260.659576 176.834549 
266.368256 162.040848 
269.763855 146.386841 
272.169189 129.928833 
273.326447 112.966805 
155.111389 101.267738 
162.511093 93.624741 
173.448715 91.715973 
184.752899 93.128502 
195.286819 97.369499 
226.896759 96.755859 
237.682617 92.887253 
248.541016 91.857254 
258.943024 94.471954 
266.045990 101.625359 
211.062439 111.759926 
210.818619 119.542496 
210.575684 127.459785 
210.349884 135.646378 
199.203934 146.695297 
204.700043 147.770844 
210.091934 148.694092 
216.118134 148.079529 
221.767166 147.224792 
169.389435 113.120995 
176.649445 108.952194 
185.451431 109.347687 
193.143372 114.277451 
185.134628 115.713364 
176.379456 115.954994 
229.090958 114.359390 
237.402481 109.388992 
245.700195 109.498566 
251.991043 113.583733 
245.892990 116.235687 
237.420837 115.892914 
187.535522 171.967606 
195.141342 165.613159 
204.045013 162.238708 
209.886887 163.995056 
216.954285 162.520340 
225.910141 166.273193 
233.587219 172.180252 
226.362579 179.865479 
218.066452 183.773087 
210.350372 184.901917 
203.748352 184.060867 
194.819000 180.268188 
191.284302 171.883835 
203.985611 167.734543 
210.045685 168.095306 
217.611557 167.549011 
230.138702 172.223694 
217.907333 174.973740 
210.412903 176.501785 
204.032776 175.332901 
