68 2
168.216324 116.435654 
169.528809 129.935593 
172.026779 142.575302 
175.126205 155.386932 
180.078278 167.495285 
187.543442 178.472870 
197.158600 187.736069 
207.267944 195.349777 
219.294891 196.902130 
230.624084 193.588333 
240.047195 185.307373 
247.763245 175.834305 
253.813690 165.152771 
257.591187 153.620941 
259.515350 141.519119 
261.641113 129.057129 
263.302979 116.257866 
175.683243 109.262947 
182.020767 103.531929 
190.544128 102.525978 
199.001358 104.155235 
206.817627 106.996284 
225.115021 106.221878 
234.080353 103.679962 
242.777237 102.723816 
250.882706 104.815025 
256.230835 110.633934 
217.072723 115.702965 
217.363678 123.710602 
217.623001 131.728821 
217.869904 140.152451 
207.594070 145.123108 
212.462296 146.786438 
217.412796 148.236389 
222.317627 146.818054 
226.801178 145.105637 
185.517700 118.066772 
190.488159 115.289581 
196.812485 115.173897 
202.324753 118.347549 
196.925140 119.899712 
190.614563 120.269463 
229.695175 118.398209 
235.716721 115.318062 
241.707870 115.639893 
246.611084 118.115318 
242.008545 120.284981 
235.961182 120.031776 
198.127426 162.349121 
205.016602 159.343231 
211.971649 157.917709 
216.784027 159.314865 
222.196976 157.980576 
228.795349 159.732376 
234.847519 162.445374 
228.874054 169.987106 
222.259109 173.209946 
216.566971 174.071350 
211.186310 173.442444 
204.266739 170.452209 
200.710342 162.683548 
211.748291 161.608963 
216.858948 162.375137 
222.486374 161.587234 
232.235352 162.765106 
222.273499 166.800690 
216.480255 167.848328 
211.235779 167.128998 
