68 2
94.647125 132.348862 
96.514679 152.096039 
99.738708 171.808350 
103.916779 190.859192 
109.824860 208.692642 
118.579048 224.724991 
133.746307 237.341232 
152.633087 246.256485 
174.063919 248.684189 
195.349548 245.907898 
213.307938 236.861923 
228.534500 224.767197 
239.048553 209.496429 
245.395569 191.853043 
248.907364 173.106445 
251.950867 154.284470 
253.570068 134.787689 
101.960976 108.809341 
110.145584 93.518471 
126.633110 87.518883 
144.188675 89.348824 
161.155609 94.620209 
189.051712 94.286751 
204.878601 89.286514 
220.368927 87.358498 
235.577316 91.515205 
244.265030 104.385292 
175.046158 108.282356 
174.686386 117.531441 
174.227631 126.621635 
173.907333 136.901901 
158.423920 154.098145 
166.135712 155.770660 
174.216629 157.173691 
182.860367 155.322693 
190.373352 152.862137 
120.662720 118.318550 
128.902359 111.734390 
139.796097 110.692001 
149.799133 115.722870 
140.391739 118.828842 
129.581223 120.287437 
198.761902 114.717232 
208.443817 109.515266 
218.961212 110.645119 
226.802307 116.525444 
219.136032 118.444786 
208.745422 117.339386 
144.454636 194.866791 
156.576660 186.277145 
167.327148 181.372330 
174.406525 183.777893 
182.508041 181.264587 
193.507019 185.587433 
205.493729 192.584305 
193.972641 202.338257 
183.136475 205.533295 
174.120575 206.393402 
166.204956 206.351608 
155.641937 204.060349 
150.147034 194.717957 
167.257599 190.953476 
174.558273 191.611511 
182.875061 190.510300 
199.933121 193.080872 
182.970306 192.102448 
174.240906 193.281174 
166.860947 193.096451 
