68 2
121.827797 107.343681 
122.944176 126.202515 
126.014267 144.503113 
130.366852 162.755096 
138.118805 178.770660 
148.926865 192.943817 
162.113388 203.939911 
176.953552 211.843155 
194.084015 213.398254 
209.548309 209.036789 
221.636703 198.159424 
231.153976 184.754471 
237.820480 169.766464 
241.931915 154.772156 
244.914230 139.349167 
247.472351 124.035538 
248.196426 107.561905 
134.669891 93.502960 
143.940048 85.337433 
156.220718 83.681213 
168.660843 85.678841 
179.929306 90.600494 
207.281540 91.043777 
218.154221 87.437538 
228.987244 86.232635 
239.359756 88.072929 
245.844910 95.620949 
196.029449 104.811798 
196.419052 113.365791 
196.944412 121.946320 
197.533203 130.933075 
182.664566 142.071808 
189.141632 143.352524 
195.762024 144.436813 
201.413055 143.657715 
206.700912 142.640564 
149.228699 107.005859 
156.929871 103.404388 
165.631195 103.682076 
173.679764 108.091949 
165.579224 109.507362 
156.868896 109.718452 
211.223206 109.093773 
219.691711 105.284164 
227.741730 105.604752 
233.890488 109.201111 
227.780762 111.520279 
219.575500 110.947685 
166.959747 168.670288 
176.973831 161.460098 
187.469742 158.607391 
194.413071 160.295441 
201.084686 158.917648 
209.165390 162.211990 
215.785065 168.694351 
208.949417 177.534088 
201.458389 181.379318 
194.070084 182.639175 
186.403351 182.038574 
176.176361 177.689194 
170.538559 167.980576 
187.153427 163.628967 
194.257172 164.143356 
201.123367 163.727707 
212.400208 168.633240 
201.385361 173.128494 
194.329666 174.570038 
186.858047 173.905670 
