68 2
144.513596 143.261063 
144.717667 161.246994 
145.828171 178.903961 
148.453629 196.121765 
154.243866 211.915619 
163.455170 225.149353 
176.038452 236.375427 
190.043045 245.835510 
205.292801 248.195068 
219.809326 245.133713 
232.677307 235.916992 
244.791534 225.614090 
253.257751 212.794846 
258.853149 197.729874 
262.445557 182.603943 
265.435181 166.312851 
267.436859 149.300385 
154.183395 141.210999 
162.291153 131.908447 
175.877945 129.436279 
189.708237 131.911285 
202.492767 136.968491 
218.197906 137.146698 
231.015305 133.875885 
243.847626 133.025955 
255.554276 137.066330 
262.269531 146.473602 
210.267365 147.187241 
209.700394 159.256790 
209.111008 171.436081 
208.702469 183.889740 
194.373184 188.099869 
200.498459 190.671448 
207.222000 192.619141 
213.619354 191.226044 
219.319824 189.158432 
169.091858 147.062576 
176.417969 143.324524 
184.922150 144.167664 
191.381775 150.248703 
183.969635 151.670563 
175.197327 151.092300 
225.255646 151.997162 
233.017151 146.771332 
241.508331 147.407043 
247.739395 151.845276 
241.564911 154.795105 
233.090332 154.538223 
185.179474 211.192032 
192.788605 206.047012 
200.677155 203.667374 
205.523254 205.187958 
211.119339 204.151627 
218.362442 207.696915 
224.882919 213.083191 
218.444717 221.901367 
210.899963 225.730927 
204.990952 226.226578 
199.376297 225.389542 
191.597580 220.790710 
190.052963 210.855164 
200.804672 207.813019 
205.212433 208.335938 
210.272522 208.204010 
220.338943 212.617004 
210.531372 216.776382 
205.338989 217.355179 
200.447342 216.390411 
