68 2
174.832336 68.407547 
176.651657 84.239471 
179.826416 99.901543 
183.647079 115.008560 
189.871231 129.807114 
199.327789 142.558167 
211.674042 153.740265 
225.052307 161.934219 
239.265381 162.649628 
251.641602 158.301819 
260.705444 148.098495 
268.518829 135.712952 
275.092987 122.305473 
278.115387 107.843246 
279.886536 93.354645 
281.039215 78.308716 
280.709900 63.538670 
185.640167 68.767731 
194.170166 63.242905 
204.420059 61.633980 
215.046936 62.967728 
224.749878 66.005455 
243.292419 64.753197 
252.082092 59.886169 
261.633118 56.969021 
271.528015 57.632183 
278.593109 62.584778 
234.871201 73.838409 
235.651962 84.830612 
236.496063 95.903748 
237.321777 107.157593 
224.442917 110.962227 
230.466873 113.053520 
237.077774 114.750092 
243.304962 112.710648 
248.750000 110.326607 
196.996643 75.794937 
203.729370 72.963539 
211.675598 72.578354 
218.070206 76.120544 
211.498993 78.711739 
203.478607 79.354744 
248.119080 74.263954 
255.391739 69.963959 
262.665894 69.362854 
268.396942 71.570236 
263.715454 75.515572 
256.318939 75.958229 
216.802933 130.382568 
226.204956 128.664795 
233.421936 127.044678 
237.919434 128.465637 
242.701309 126.745026 
249.601349 127.917480 
257.566284 127.959297 
250.643936 136.201584 
244.254944 139.750839 
238.849579 140.700516 
233.668777 140.192322 
226.083420 136.903214 
220.558807 130.675491 
233.515244 129.678970 
238.117813 130.490341 
242.982773 129.318024 
253.876892 129.034851 
243.261475 132.170319 
238.272079 133.602722 
233.546066 132.802872 
