68 2
105.913727 168.958557 
108.894936 189.456268 
113.557419 209.636993 
118.141182 229.755676 
125.641953 248.584091 
138.879395 263.177124 
157.493286 272.963440 
179.254074 278.738251 
203.465530 278.139313 
227.043640 274.089355 
246.868271 263.459320 
261.877411 249.767822 
271.564941 232.625168 
274.586212 212.581940 
275.678375 192.439667 
277.035522 173.749451 
276.867523 155.553879 
118.200874 127.642792 
126.414253 113.627106 
139.853317 104.200478 
156.146790 101.648468 
171.851044 105.040192 
209.557938 101.617683 
225.301956 96.551315 
241.603867 97.138222 
256.040802 104.224594 
265.716064 115.539268 
194.268509 125.120888 
194.726547 133.990753 
195.137589 142.891388 
195.673828 152.317139 
183.186707 176.946365 
190.103912 177.159912 
197.368301 177.550888 
204.191742 176.886429 
210.892120 176.234863 
136.644104 144.822174 
146.403290 138.102768 
157.987259 135.727371 
170.356598 138.105484 
159.074982 140.965378 
148.090012 143.369446 
218.138458 134.442764 
229.978653 131.340027 
240.602859 132.026688 
250.268555 136.393921 
240.226044 136.111282 
229.664383 135.499512 
162.982346 221.362656 
174.350403 202.380753 
188.780441 192.443665 
199.645889 192.732574 
210.708527 191.894119 
225.534195 200.343643 
236.843781 216.138153 
226.803802 225.654373 
213.640411 229.962967 
202.648895 231.120331 
192.092575 231.145889 
177.228088 228.575897 
170.379150 219.079147 
190.740417 204.809708 
200.389374 203.998672 
211.191620 204.211090 
230.473312 214.591522 
212.538925 216.709320 
201.540100 216.935181 
191.718430 217.559387 
