68 2
134.277832 101.479042 
135.276978 117.806534 
137.125854 134.677948 
141.086609 150.212006 
148.100052 164.213486 
157.895309 176.368271 
169.224228 186.693008 
181.092102 194.873322 
194.785721 197.446457 
208.966003 194.794678 
221.764343 187.071701 
233.928650 177.636734 
244.618378 165.218765 
252.770157 151.098175 
257.040009 135.660706 
259.630463 119.729561 
261.167236 103.167068 
147.878754 90.443466 
155.230331 83.855591 
165.442673 81.575836 
176.356140 82.206451 
185.685959 85.622566 
205.515213 84.825089 
215.724579 81.985489 
226.593842 81.774551 
237.202957 84.705444 
244.922012 90.889900 
195.061172 101.239288 
194.161255 111.764694 
193.304123 122.132530 
192.523224 132.549622 
181.279663 135.040436 
186.615479 137.656998 
192.935501 139.479904 
200.021912 137.923676 
206.557983 136.040970 
159.617569 103.777840 
165.957214 101.613106 
172.769104 101.303322 
179.085373 103.289703 
172.712036 104.828033 
166.011047 105.329834 
212.283920 103.253052 
219.286392 101.740295 
225.945007 102.442055 
232.015564 104.294518 
225.609253 105.714569 
219.057449 105.278435 
174.589371 153.418350 
179.520981 147.945724 
186.945175 144.423721 
194.096359 145.117584 
202.376602 144.908112 
209.999908 148.682556 
216.528183 154.990265 
209.771454 165.610962 
202.226410 171.512299 
193.805130 172.723785 
185.979523 171.138611 
179.110626 164.422882 
179.366394 153.306625 
187.096878 148.766556 
194.208649 149.070587 
202.497513 149.405075 
211.585770 154.650589 
202.599426 163.011002 
193.988403 164.372360 
186.451035 162.274933 
