68 2
142.331146 97.368500 
144.104111 110.672951 
146.679276 123.525230 
149.501709 136.324219 
154.347580 147.618805 
161.996063 157.114594 
171.342148 165.718674 
181.478867 173.235168 
193.615280 174.975113 
205.162430 171.706848 
214.840057 162.863312 
223.170242 153.378128 
229.510010 142.644135 
233.004532 131.183151 
234.819885 118.878212 
236.540665 106.871063 
237.490723 94.439934 
149.108810 88.544113 
153.906952 81.097397 
162.202545 77.855309 
171.324112 78.854156 
179.538544 81.807159 
202.264465 81.995583 
210.339890 79.058998 
218.341537 78.275650 
225.749268 81.033981 
230.526291 86.808556 
191.433105 92.959953 
191.822296 101.025383 
192.154709 108.895073 
192.580597 117.136612 
182.472305 124.479073 
187.290543 125.614258 
192.328064 126.692909 
197.075500 125.357544 
201.796005 124.185753 
159.002258 96.620300 
164.712814 93.272057 
171.687546 92.966171 
177.733383 96.468468 
171.577332 98.022858 
164.788330 98.500336 
204.297134 96.318558 
210.804565 92.842529 
217.451187 92.907349 
222.423737 95.854568 
217.493164 97.962151 
211.015411 97.781075 
174.509567 142.604187 
181.243347 137.839203 
187.928268 135.368225 
192.835556 136.247818 
197.809631 135.127930 
204.227448 137.724579 
209.868637 141.759811 
204.570084 150.267792 
198.447342 154.690567 
193.054260 156.155228 
187.650955 155.679825 
180.720520 151.967468 
178.077576 142.799484 
188.227417 139.554276 
192.929382 139.552826 
197.960678 139.054031 
206.429260 142.047592 
198.065018 147.199142 
192.874054 148.674774 
187.925720 147.926514 
