68 2
164.492050 120.973389 
166.776520 133.273132 
169.823914 145.065964 
172.981583 156.771179 
177.898636 167.280991 
185.469101 176.361359 
195.653519 183.044266 
207.053436 187.864105 
219.342285 188.126068 
230.852432 185.344025 
239.989777 178.939835 
247.398895 170.604630 
253.039413 160.703400 
255.670654 149.300247 
256.663116 137.604553 
257.822876 125.208603 
258.070435 112.547768 
171.712219 109.343407 
177.359619 102.993149 
185.744537 100.619293 
194.304474 101.051094 
202.696182 102.485306 
222.560165 100.353546 
230.366272 97.774551 
237.901260 96.552719 
245.285324 97.874374 
250.647324 102.290482 
213.790436 111.504112 
214.720688 118.772446 
215.607849 125.996773 
216.434158 133.493256 
207.700089 141.467743 
212.264587 142.103439 
216.804077 142.732162 
221.057465 141.452438 
225.150925 140.004074 
182.741516 117.144012 
187.695953 113.763275 
194.027328 113.205658 
199.455856 116.090782 
194.356400 118.205170 
188.178741 118.992661 
226.747253 113.654068 
232.083633 109.861015 
238.001389 109.434860 
242.575195 111.987778 
238.751282 114.607193 
232.865234 114.899971 
198.685593 160.455887 
205.331390 156.158676 
211.641708 153.588531 
216.771225 154.496689 
222.020264 152.880676 
228.222900 154.739975 
233.897385 158.126526 
228.553818 161.541382 
222.758179 163.417480 
217.385986 164.192764 
212.160614 164.216339 
205.635742 163.495819 
201.872910 159.789398 
211.977814 158.288864 
217.165833 158.446152 
222.753799 157.581726 
230.997528 158.201965 
222.279587 157.270432 
216.718964 158.035934 
211.576721 158.023682 
