68 2
90.305580 51.942932 
88.509537 69.903229 
88.673553 87.987076 
89.879242 105.181473 
93.823914 121.840874 
101.482094 137.589508 
113.585434 150.724396 
127.785332 160.375305 
143.560471 163.961487 
158.742325 161.458435 
171.926300 153.546829 
183.020859 142.482224 
191.588837 129.548965 
197.683487 115.370171 
202.366119 101.717407 
206.623550 87.374008 
209.468521 72.296959 
108.373871 46.506622 
118.833359 42.245857 
130.114456 43.187855 
140.814041 47.479496 
150.323593 53.249744 
170.605148 55.626995 
180.786682 53.674175 
190.492035 52.963028 
199.866074 55.157619 
205.613739 60.860123 
159.447525 67.998421 
158.018875 79.504929 
156.781952 90.891045 
155.547867 102.479164 
140.966034 105.668617 
146.139221 109.438324 
152.025070 113.016396 
158.343964 111.295036 
163.751114 108.873390 
120.281822 63.883728 
128.309357 61.883240 
136.560303 63.374249 
142.214706 69.157463 
134.780457 70.111313 
126.570053 68.628799 
171.354874 73.072250 
179.132553 69.238472 
186.698639 70.233543 
191.936432 74.372406 
186.446503 76.989975 
178.882233 76.057869 
124.434242 123.765961 
135.566391 123.418808 
144.181091 122.855560 
148.762909 124.612617 
154.102600 123.592316 
160.884659 125.932846 
168.527344 128.535339 
160.091614 135.744095 
152.865494 138.850967 
146.985153 139.585953 
141.272766 138.443176 
133.229767 133.682526 
127.800117 125.358681 
143.132996 127.103706 
148.554398 127.587296 
154.239563 127.533745 
165.062637 129.317322 
153.781540 131.439865 
147.748505 132.379837 
142.238632 131.243835 
