68 2
127.544052 130.387070 
129.266495 146.384720 
132.585098 161.889542 
136.357178 176.877869 
141.881729 190.779968 
150.757095 203.232407 
162.654938 214.145157 
176.759277 222.697388 
192.252502 225.199646 
206.453293 222.292969 
218.475632 213.494400 
228.723907 202.523987 
235.894638 188.837723 
239.743164 173.830276 
242.213806 158.550690 
244.792938 143.312103 
245.727188 127.528114 
139.973526 111.132462 
146.751160 103.821602 
156.141815 99.916054 
166.573669 100.163376 
176.301346 103.104279 
204.368820 103.452637 
214.157471 99.844116 
224.063507 99.126808 
233.345734 102.417816 
239.532013 109.295654 
191.160477 119.603302 
191.638245 129.580780 
192.071945 139.340637 
192.552063 149.322098 
181.925827 159.033890 
187.135162 160.184570 
192.246201 161.189270 
197.158066 160.207870 
201.964798 159.155945 
149.915482 124.101593 
156.864975 118.933662 
166.401108 119.134659 
174.503250 124.742638 
166.210922 127.275597 
157.084534 127.674530 
206.446274 125.012642 
214.463425 119.072403 
223.443146 119.034454 
229.856689 123.888359 
223.606995 127.387115 
214.993835 127.257965 
167.992996 183.433121 
176.105209 175.459702 
185.356598 171.399338 
193.032425 171.841003 
200.656189 171.475754 
209.019363 175.620422 
215.407318 182.587906 
209.542175 192.704163 
201.286209 197.927536 
193.275223 199.538559 
185.226990 198.287842 
176.020584 193.437012 
171.985779 182.896851 
185.423874 177.836761 
193.101135 177.379929 
201.140030 177.935867 
211.851059 182.397354 
201.421005 189.061020 
193.201355 190.460602 
185.200699 189.254517 
