68 2
133.210754 81.992424 
135.028641 101.115723 
138.731125 119.867104 
143.071747 138.141174 
150.428757 154.719101 
162.010803 168.718231 
176.934494 179.814407 
194.021896 187.964340 
211.609451 189.648895 
227.661835 185.122284 
240.837234 174.703583 
251.612854 161.368164 
259.023926 145.641266 
262.890808 128.461243 
264.891479 111.656097 
265.947968 94.957687 
265.413940 78.321907 
148.703156 70.303497 
158.769653 63.062580 
171.446838 60.985989 
184.424469 63.237198 
195.680618 67.785614 
218.607117 65.782120 
229.758972 61.202148 
240.587540 58.521469 
251.296249 59.633404 
259.100525 65.543793 
208.800964 81.726669 
209.454727 93.644043 
210.245667 105.212753 
211.034088 117.101059 
195.731918 124.829781 
203.145569 127.317017 
210.787460 129.575775 
217.793091 126.356064 
223.921448 123.051498 
164.646027 85.048897 
173.045197 80.980743 
182.275604 80.928276 
190.085922 86.440460 
182.185562 88.880058 
172.843521 88.870110 
223.159286 85.120728 
230.903595 78.809349 
239.473938 78.406631 
246.438477 82.009148 
240.747375 86.116676 
232.014221 86.735138 
180.335007 145.426926 
193.511658 141.812927 
205.041870 139.291000 
211.238037 140.813293 
217.678589 138.951233 
226.499283 140.479233 
236.283798 142.449265 
227.617950 154.212265 
219.248734 159.505035 
211.828629 161.140289 
204.554840 160.788025 
192.881302 157.042038 
183.869537 146.318710 
204.766968 145.026062 
211.348068 144.985260 
218.500885 144.187592 
233.043701 143.848709 
218.686768 151.207535 
211.107483 152.588928 
204.300568 152.589554 
