68 2
111.207436 121.148346 
111.731483 139.412933 
114.577705 157.101364 
119.909737 174.447876 
127.191612 191.296677 
135.327713 206.484650 
146.449631 220.144363 
159.644135 231.067902 
176.079376 234.167831 
191.629135 231.205002 
204.230545 220.535980 
214.676453 207.179962 
221.924316 191.870941 
226.839157 175.444534 
229.730789 158.910858 
233.003448 141.385651 
234.537521 123.561485 
123.910507 106.186394 
131.169937 98.611343 
141.930008 96.725365 
153.365295 98.547394 
163.381393 103.971252 
190.077728 105.196770 
200.975403 100.785660 
212.252594 100.180283 
222.880676 104.099792 
228.360107 112.844269 
175.711365 120.174126 
175.399673 132.321609 
174.810501 144.485184 
174.459137 156.909302 
163.718536 163.433929 
168.944641 166.043289 
174.788269 167.676971 
180.518814 166.402069 
185.618530 164.202576 
137.080597 119.334930 
143.881180 114.749420 
152.621048 115.504448 
159.586716 121.605225 
152.002625 123.431206 
143.494034 123.243111 
191.926971 123.246269 
200.177765 117.986435 
208.626144 118.283882 
214.751678 123.218857 
208.586197 126.404633 
200.274307 125.830444 
155.005234 188.507019 
162.195267 184.501083 
168.849243 182.576202 
175.160934 184.662445 
181.956284 183.224213 
189.044250 185.750870 
194.317261 189.171524 
189.378250 196.853867 
182.757980 201.117935 
175.561188 202.202911 
168.425827 200.832092 
161.943054 196.775848 
158.445099 188.791489 
168.379715 187.464859 
175.202148 188.801315 
182.255554 187.816788 
191.449585 189.010803 
182.567444 191.564346 
175.339493 193.225952 
168.269653 191.389160 
