68 2
157.233261 93.819427 
158.315979 109.444923 
160.665512 124.519638 
163.818680 139.224701 
168.725571 153.588394 
176.697220 166.646439 
187.339767 177.581924 
199.452011 186.815811 
214.480270 188.878128 
228.706238 185.916809 
240.290100 176.407364 
249.762482 165.378677 
256.288452 152.153015 
260.462738 138.721207 
263.490234 124.461128 
265.733765 109.866501 
266.635712 95.293297 
166.460129 86.674164 
173.470764 77.446625 
184.936829 73.895668 
197.228180 75.367294 
208.255783 79.631210 
226.698547 78.275368 
236.981262 74.408035 
247.440567 74.067886 
256.794495 78.245712 
261.915558 86.562065 
217.641495 92.276131 
217.600937 101.344025 
217.586227 110.248932 
217.607697 119.508804 
204.428833 126.418304 
210.350235 128.429428 
216.458344 130.080414 
222.580261 128.588806 
228.198944 127.428429 
179.571686 93.932289 
185.909927 90.438950 
193.633728 90.136787 
200.418900 94.205338 
193.748627 96.349564 
186.017227 96.748894 
230.753067 94.585793 
238.202087 90.611603 
245.271698 90.900391 
250.636642 94.472305 
245.651550 97.122612 
238.364014 96.831894 
195.297302 150.832932 
203.533752 145.664490 
211.220184 142.961411 
216.032547 144.643646 
221.465027 143.851456 
228.547791 147.299225 
234.804825 152.121521 
228.584305 159.275909 
221.721527 161.750458 
215.609894 162.114807 
209.994217 161.252335 
202.617737 158.016602 
198.573746 150.851379 
210.992737 147.661041 
215.944901 148.269409 
221.515442 148.211273 
231.962860 152.140518 
221.373917 155.067245 
215.557022 155.508621 
210.477859 154.544174 
