68 2
173.137939 75.156479 
174.651001 90.368813 
177.489960 105.507164 
180.635345 120.137276 
186.278702 133.947021 
195.348129 145.581589 
206.882248 155.260818 
219.415848 163.013611 
233.485626 164.168869 
246.133484 160.795624 
255.790802 151.459457 
263.937195 140.230637 
270.496918 127.420013 
273.551025 113.521225 
275.212402 99.960716 
276.601593 85.800568 
276.894165 71.787201 
183.771744 71.845917 
191.717590 66.519882 
201.388458 64.588364 
211.770508 65.442314 
221.465347 68.269043 
240.834198 66.550377 
249.849640 62.412701 
259.466705 60.306625 
268.954956 61.553547 
275.375793 67.027359 
231.774796 76.234161 
232.173035 86.466652 
232.607590 96.685150 
232.987900 107.171051 
220.713776 112.247368 
226.544983 113.993858 
232.583389 115.659340 
238.359436 114.182289 
243.628983 112.588753 
194.786224 78.947098 
201.303528 75.997932 
209.093063 75.647156 
215.382751 79.430084 
208.947693 81.714066 
201.165848 82.311546 
244.834534 78.346024 
252.011307 73.889450 
259.346069 73.600952 
264.869598 76.317856 
260.113159 79.830795 
252.681427 80.074936 
211.118652 131.119003 
220.607712 129.615677 
227.932678 127.885742 
232.628845 129.209946 
237.845764 127.835480 
244.921280 129.486023 
252.822510 130.035019 
245.418732 137.072311 
238.842880 140.273758 
233.137177 141.206696 
227.733673 140.543518 
220.210007 137.176910 
215.072083 131.297318 
228.095383 131.333237 
232.713196 131.927841 
237.961349 131.217041 
248.913254 130.810974 
238.119171 132.454361 
232.815430 133.592239 
228.010284 132.774872 
