70 2
63.844543 155.564590 
66.227661 170.199066 
69.996819 184.934692 
75.562363 198.463470 
84.372086 209.733322 
96.300102 218.167496 
111.083588 223.190643 
126.270599 225.057648 
140.709030 223.353088 
151.534500 218.440735 
158.774033 209.936447 
163.605515 200.405106 
165.758057 189.614319 
166.735733 178.345734 
167.202301 167.688171 
166.799255 157.355118 
165.210846 146.917938 
81.457466 142.265915 
89.979805 135.149002 
101.268593 132.101990 
113.196388 133.381332 
123.987564 137.088318 
139.174973 137.055313 
146.704666 133.657578 
154.333771 131.407333 
161.626007 131.888123 
165.799622 137.485107 
133.688705 146.545090 
135.686661 153.038177 
138.145065 159.490891 
140.651367 166.293198 
127.614639 177.548416 
133.397110 177.839920 
138.748795 177.668274 
142.791779 176.608704 
146.005707 174.815292 
94.013603 152.154480 
101.489311 149.373718 
108.634369 148.632019 
115.082123 151.071014 
108.815681 153.605362 
101.350868 154.378601 
141.149841 149.971039 
147.610321 146.752304 
153.774414 146.784103 
158.257828 148.629150 
154.081619 151.093521 
147.716431 151.513794 
119.611664 199.298843 
128.889343 192.409470 
136.164352 188.180664 
139.970718 189.043228 
142.967285 187.316772 
147.859116 189.943054 
151.416595 194.550293 
148.202744 197.938049 
144.241196 199.428131 
141.057205 200.000763 
137.025940 200.596786 
129.552078 200.779495 
123.320992 197.962967 
136.476563 192.669739 
140.037735 192.552078 
142.840759 191.923721 
148.405701 194.188416 
143.291885 193.888580 
140.423737 194.441025 
136.759079 194.690598 
108.800003 152.800003 
150.000000 149.600006 
