68 2
175.622208 79.872124 
177.056168 95.229736 
179.556915 110.329849 
182.638824 125.017128 
187.958069 138.982956 
196.977386 151.164230 
208.627563 161.349319 
221.214325 169.689514 
235.594757 171.268402 
248.574875 168.074203 
258.546753 158.445908 
267.761902 147.182404 
274.948425 134.467026 
278.306580 120.390854 
279.978363 106.202049 
281.187439 91.951485 
281.531403 78.073441 
186.761703 76.514931 
194.341263 70.871216 
204.047684 68.493004 
214.516052 69.365967 
224.259888 72.252113 
244.127304 71.168465 
253.295715 67.058067 
263.081879 64.970284 
272.853699 66.927467 
279.069366 72.973900 
234.791687 81.592155 
235.081406 91.411354 
235.417236 101.183189 
235.763702 111.359222 
223.220245 117.521210 
228.949982 119.243378 
235.268341 121.038292 
241.269470 119.372993 
246.847137 117.960518 
197.703827 84.414322 
203.943085 81.425728 
211.793671 81.003586 
218.173538 84.762741 
211.709259 87.115128 
203.840027 87.702141 
248.625183 83.837013 
255.621750 79.217682 
263.006195 79.129913 
268.499146 81.982086 
263.788544 85.385841 
256.396118 85.708839 
213.613403 136.162613 
223.208420 134.925507 
230.857391 133.348877 
235.443924 134.866669 
240.718185 133.625870 
247.973938 135.189102 
256.039246 135.544540 
248.197052 143.043289 
241.273819 146.149811 
235.635635 146.796951 
230.488556 146.065002 
222.866989 142.741074 
217.930344 136.504822 
231.032684 137.058609 
235.396729 137.982758 
240.511063 137.222839 
251.634094 136.414886 
240.594940 138.338379 
235.418457 139.135117 
230.996277 138.371765 
