68 2
145.874374 109.829720 
145.150253 124.689034 
145.616089 139.745483 
147.460556 154.327072 
152.653244 167.770477 
160.626160 179.385971 
171.274200 189.034790 
182.783051 197.528320 
196.127289 199.831543 
208.502930 197.500000 
219.514969 190.016464 
230.150391 181.562302 
238.761475 171.142258 
244.398895 158.344437 
247.429138 144.711517 
249.499435 130.557236 
251.191864 116.213409 
152.292419 105.174591 
160.128281 97.752769 
171.795654 96.371582 
183.466965 99.560188 
193.893860 105.245117 
206.592224 105.629723 
217.572617 101.030212 
229.341827 99.390839 
240.404816 102.320930 
246.692383 110.337669 
200.612244 112.484291 
200.109650 122.938248 
199.578476 133.310623 
199.121170 144.118439 
186.482880 147.314026 
192.049835 149.973465 
197.926468 152.216721 
203.828918 150.579330 
208.877335 148.275177 
164.369629 112.068466 
170.656372 109.022263 
178.188156 109.321556 
184.600021 113.995575 
177.792145 115.436996 
170.137283 115.342392 
213.101883 115.540802 
220.786560 111.721245 
228.373230 112.480133 
233.863174 116.011932 
228.152405 118.576607 
220.654022 117.939972 
176.546417 165.143967 
184.829834 162.435532 
191.962570 161.747711 
196.001190 163.708145 
200.890549 162.159836 
207.707214 163.905548 
214.740433 167.022675 
207.303894 172.899323 
200.341248 175.541626 
195.108444 176.194260 
190.517502 175.462509 
183.815903 172.306564 
179.929199 165.476532 
191.753372 165.305847 
195.864822 166.178085 
200.816788 165.540909 
211.221985 167.076706 
200.764297 167.918015 
195.759109 168.651062 
191.510223 167.787003 
