68 2
125.861923 80.245544 
126.762177 97.994926 
129.224014 115.532486 
132.599167 132.843277 
138.192413 148.493912 
146.606598 162.688644 
156.989746 175.012955 
168.912354 184.876358 
183.792450 187.120468 
198.691696 185.152161 
211.735687 176.245880 
222.901917 164.776749 
232.243347 150.953445 
238.971954 135.726089 
242.748856 118.569839 
246.092255 100.878677 
248.141739 82.810028 
132.127991 76.626389 
139.647644 69.619049 
150.440643 69.281578 
161.286285 71.307281 
171.764603 74.263397 
194.434479 73.246376 
206.478973 70.531548 
217.740540 69.284538 
229.009247 69.990425 
236.798264 76.780518 
183.005066 86.765350 
182.723831 98.227890 
182.148361 109.657898 
181.751816 121.029297 
170.271439 126.505142 
175.854568 128.020950 
181.850754 129.337036 
187.918594 128.477386 
193.894485 127.421249 
145.541245 85.109512 
152.567276 81.857193 
161.159882 81.882156 
167.732895 86.691963 
160.631714 88.611511 
152.188721 88.768066 
199.490784 87.622688 
207.149200 82.889198 
215.544907 83.258217 
222.309906 86.894333 
215.917252 90.529037 
207.606796 90.264565 
164.838440 151.279785 
169.265320 145.201294 
175.048035 142.191025 
180.620148 144.078018 
187.102539 142.659210 
194.160416 146.591248 
200.046921 152.649216 
194.058456 159.699570 
187.174301 163.305389 
180.677643 163.926666 
174.770386 162.993805 
169.058701 159.006287 
168.425369 151.046906 
175.353409 147.735275 
180.877518 148.688095 
187.391068 148.318680 
196.311234 152.277405 
187.221207 152.759644 
180.819534 153.629257 
175.235214 152.509689 
