68 2
146.261292 110.204910 
147.255890 122.025406 
149.476715 133.294403 
152.539703 144.426468 
156.930328 154.638885 
163.392288 164.258575 
171.729309 171.895584 
181.141525 178.110031 
192.525208 179.616592 
203.529678 177.004684 
212.877670 170.395264 
220.697021 161.781876 
226.364395 152.000854 
229.513290 140.808029 
231.228577 129.438782 
232.596985 118.053993 
233.069443 106.036812 
151.731903 98.666962 
157.130096 93.556808 
164.938904 92.176743 
172.910889 93.142715 
180.510422 95.540634 
194.248291 94.350121 
202.559860 91.687325 
210.843826 90.584167 
218.809509 92.182602 
224.709549 96.795891 
188.003601 103.563698 
188.380066 110.057243 
188.728134 116.438950 
189.043671 123.244926 
181.821198 130.486664 
185.655090 131.414948 
189.560059 132.390152 
193.708237 131.331192 
197.563965 130.357101 
160.287231 107.251877 
164.591660 103.588699 
170.951385 103.515289 
176.418503 107.126862 
171.081238 109.059296 
164.993057 109.526604 
200.861145 106.607880 
206.222107 102.571854 
212.296158 102.677185 
216.973587 105.867638 
212.700714 108.286728 
206.712921 108.319061 
174.612152 149.170853 
180.133438 144.390717 
185.825592 142.158325 
189.983704 143.151276 
194.761688 142.064758 
200.935883 144.534286 
206.374969 148.863724 
201.415161 155.034576 
195.528229 157.472458 
190.452957 158.123032 
185.572205 157.584503 
179.977921 155.043396 
177.264008 149.100952 
185.855606 146.851379 
190.184982 146.974319 
195.150940 146.706482 
203.742752 148.850647 
195.082794 151.210129 
190.045029 151.957626 
185.586929 151.196808 
