68 2
141.793640 123.912567 
143.977890 141.921448 
147.778687 158.734131 
151.985672 175.522797 
158.830139 190.824478 
169.632553 204.494598 
183.752869 215.317596 
199.523773 224.041763 
215.556564 225.876434 
230.615448 221.267273 
243.633575 211.499527 
255.047180 200.487289 
263.310089 186.644516 
268.052368 171.165298 
270.922882 155.246902 
273.456146 138.745071 
274.719391 121.599541 
154.661438 108.817924 
163.995773 100.583176 
176.822449 98.833344 
189.728088 100.134674 
201.319016 104.044220 
225.172012 102.297195 
236.827042 98.482536 
248.272354 97.381447 
259.161102 99.407532 
266.631714 106.445610 
212.942596 114.714684 
213.289734 123.576447 
213.653214 132.563431 
214.084595 142.048447 
201.595535 154.417831 
207.688644 155.023361 
213.693665 155.884918 
219.285660 155.071884 
224.788956 154.484512 
168.425232 117.774345 
176.557785 111.767960 
186.884003 112.021919 
195.188507 118.878326 
186.510315 121.134224 
176.272675 121.577553 
228.457001 118.481239 
236.766815 110.181511 
247.196121 110.216599 
254.563095 116.131683 
247.921661 120.075409 
237.754562 120.427696 
187.322342 180.754898 
196.699265 173.343201 
206.730576 168.485794 
213.553085 169.358139 
220.750870 168.348663 
230.086349 173.068985 
238.149307 179.978683 
230.729172 192.725998 
221.874832 198.259155 
213.774063 200.042892 
205.964127 199.176575 
195.613464 193.580185 
190.355148 180.693985 
206.345474 173.756653 
213.947784 173.118622 
221.646912 173.675430 
234.841721 180.600067 
221.775330 190.151749 
213.486221 191.916565 
205.623398 190.743698 
