68 2
181.325073 107.983231 
181.521484 123.199738 
183.595169 137.749603 
185.697922 152.480789 
190.068008 166.222626 
197.732880 178.996979 
208.248520 189.858246 
220.301941 199.080261 
234.717041 201.402557 
247.883545 198.799316 
258.853210 189.979218 
268.898315 179.718201 
276.147217 167.771103 
280.422638 154.689667 
284.122070 141.219925 
287.358887 128.171768 
289.224945 114.885635 
190.533905 97.332115 
198.666611 88.713066 
210.740402 85.625496 
223.042328 87.664398 
233.939392 93.033409 
247.872879 93.385612 
258.752808 90.319511 
269.380249 90.233406 
279.033234 94.105728 
284.072632 102.352905 
241.225616 105.608917 
241.277832 115.662979 
241.420975 125.595459 
241.515945 135.895706 
228.713806 144.673447 
233.928116 145.561340 
238.996307 146.970398 
243.679092 146.160446 
247.882843 145.165985 
202.772430 105.540680 
209.453430 101.445663 
217.554581 102.070564 
223.695587 108.349335 
216.830170 109.447914 
208.743347 109.114067 
253.296112 110.134407 
260.574371 104.564697 
268.424957 105.304451 
273.754761 109.798035 
268.418091 112.441498 
261.044464 112.103317 
215.261902 165.432907 
224.428329 162.236801 
232.794266 160.073685 
236.758408 161.638397 
241.271240 160.347366 
247.423065 163.403275 
253.474228 167.301453 
247.175079 171.528397 
241.091934 173.430878 
236.364639 173.978455 
231.544373 173.546753 
223.931335 171.256836 
218.525345 165.724457 
232.475174 166.225449 
236.399200 166.575974 
240.823669 166.090485 
250.574875 167.197342 
240.999100 165.980164 
236.505646 166.560730 
232.485138 166.250839 
