68 2
139.068069 125.108887 
140.141006 136.811157 
142.557816 148.447052 
145.122040 159.544937 
148.900894 170.049622 
155.705017 179.131409 
164.469803 186.269287 
174.343979 191.904099 
185.616272 193.309677 
196.290375 190.806747 
205.760254 184.624680 
213.648773 177.309631 
219.518631 168.337509 
222.474930 158.093369 
224.313049 147.716125 
225.997421 136.903183 
227.412170 125.594818 
146.972549 118.934464 
153.879715 113.355804 
162.573044 112.075592 
171.184036 113.583199 
178.799820 117.599205 
195.192383 116.872192 
202.382080 113.483505 
209.723953 112.229523 
216.848267 113.941177 
221.267334 118.830200 
187.054047 127.218750 
187.070496 134.845139 
187.074799 142.273010 
187.051010 150.005890 
177.386246 154.331970 
181.889954 155.378357 
186.247589 156.503174 
190.431702 155.703140 
194.306091 154.970810 
158.997742 127.187988 
163.849533 124.900719 
169.262100 125.247398 
173.637802 128.721619 
168.863708 129.528061 
163.510071 129.412216 
197.503845 129.119080 
202.077332 125.462715 
207.643387 125.628815 
211.764038 128.253265 
207.921478 130.261276 
202.754578 130.232330 
169.641785 166.917175 
176.191940 165.314209 
181.272583 164.517715 
184.449600 165.855988 
188.347198 164.984451 
193.417038 166.299835 
198.921387 167.389816 
193.217102 172.861893 
188.149567 175.210449 
183.902252 175.734756 
179.983887 174.949997 
175.209122 172.259033 
171.980667 167.359924 
181.138138 168.462097 
184.540421 169.142090 
188.364914 168.763474 
196.356415 168.156464 
187.950500 169.121155 
183.959335 169.884048 
180.540939 169.085815 
