68 2
104.670990 104.198250 
104.911858 122.319336 
106.963821 140.380859 
111.127686 158.161774 
117.558403 174.846100 
125.729332 190.000809 
137.080551 203.561279 
150.260239 214.499893 
166.383896 218.047607 
182.157928 216.070221 
194.918961 206.415558 
205.634705 193.795624 
213.330795 179.008743 
218.593842 162.780441 
221.708191 145.990997 
225.035416 128.664383 
226.898773 111.290489 
116.752144 93.830238 
124.620621 85.811981 
135.874878 83.968262 
147.447617 86.260277 
157.684677 91.778603 
182.105408 93.545525 
193.134705 89.065071 
204.549088 88.522026 
215.046555 92.664536 
220.654114 101.420807 
168.364609 108.233124 
167.673737 120.209854 
166.827087 132.233856 
166.221481 144.430756 
154.938156 150.244781 
160.379700 153.241989 
166.186203 155.212540 
172.168350 153.832932 
177.461731 151.506165 
129.211655 106.687843 
136.019012 102.411217 
144.641388 103.254356 
151.495941 109.636650 
143.801697 111.350128 
135.263977 110.904724 
184.110870 111.552628 
192.295639 106.430817 
200.570847 106.752594 
206.424881 111.626175 
200.449478 114.810532 
192.186508 114.235229 
146.651169 176.269943 
154.228012 172.512772 
160.313004 170.636017 
166.008698 172.637756 
172.722504 171.385132 
179.778000 174.111740 
186.080292 177.426987 
180.204697 182.848312 
173.414017 185.849716 
166.468826 186.579865 
159.944412 185.226746 
153.805283 182.142792 
150.174179 176.222046 
160.045959 175.344391 
166.129120 176.533218 
173.022583 175.878448 
182.798950 177.067078 
173.208420 177.651169 
166.333176 178.676102 
160.078674 177.026505 
