68 2
119.635536 112.221931 
121.176826 128.721954 
124.036392 145.110397 
128.799820 160.515915 
135.627411 174.818619 
145.541824 187.375931 
157.476425 197.867722 
170.134674 206.042358 
184.278122 208.588104 
198.529694 205.864075 
211.684128 197.480438 
223.376984 186.856689 
232.160080 173.168808 
238.851181 158.189194 
242.407089 142.987076 
244.663681 126.981270 
245.742264 110.807655 
132.895264 97.825089 
141.156860 91.390213 
151.872498 89.283943 
163.320862 90.553474 
173.321503 94.946648 
192.203842 93.512985 
202.637314 90.000244 
213.822174 89.438721 
224.683044 91.919220 
232.240158 98.289474 
181.309174 109.599213 
180.548782 120.144447 
179.877380 130.690735 
179.395370 141.198624 
169.140686 145.309387 
174.167267 147.310455 
179.888367 148.809509 
186.327332 147.451599 
192.390671 145.851242 
145.589493 110.998352 
152.147339 108.822426 
159.090744 108.701149 
165.163223 111.150070 
158.988113 113.139572 
152.163818 113.531609 
198.941986 110.748085 
205.631516 108.646194 
212.265839 109.373894 
218.095016 111.217896 
212.199860 113.342728 
205.525452 113.091026 
164.406784 165.344177 
169.294083 160.002487 
175.160782 155.837234 
181.583679 156.198135 
189.204758 156.026764 
196.246613 160.634445 
202.050674 166.649780 
196.224838 176.991241 
189.409286 181.674316 
181.661224 182.524094 
174.721008 181.110062 
168.815826 174.970276 
168.868011 165.060959 
175.436508 160.135712 
181.778839 159.810822 
189.416687 160.387817 
197.392258 166.181763 
189.698776 173.148056 
181.922913 174.265427 
175.234192 172.194550 
