68 2
119.753418 62.848824 
121.472076 77.048462 
124.595634 90.762848 
128.306580 104.007210 
133.672638 116.109581 
141.273560 126.993126 
150.966766 136.141708 
161.845993 143.724655 
174.569885 145.578430 
186.863220 142.545471 
197.017593 134.410339 
205.935013 125.029716 
212.913437 113.510094 
217.213943 100.357658 
219.681046 87.074417 
220.938889 73.275085 
221.233765 59.252449 
128.002762 55.361248 
134.451447 49.909908 
142.907547 48.775562 
151.641541 49.538136 
160.072510 51.273972 
177.133713 49.132412 
186.096863 46.541397 
194.718445 45.065430 
203.245911 45.463791 
209.766312 50.240555 
169.393219 60.226181 
169.822723 69.146393 
170.152039 78.196297 
170.532959 87.424446 
161.032364 92.654022 
165.831100 94.175835 
170.993973 95.197296 
175.995438 93.830772 
180.469604 92.115387 
138.261627 62.921162 
143.561356 59.512085 
150.375137 59.114441 
155.826202 62.672459 
150.428162 64.713745 
143.757202 65.287628 
183.080643 61.336777 
188.470734 56.859753 
195.246658 56.624229 
200.602753 59.670952 
196.001389 62.768513 
189.408676 63.000828 
157.043564 114.392128 
161.587952 109.152840 
166.561981 106.101692 
170.481064 107.110519 
175.331558 106.158417 
180.912064 109.149811 
186.007568 113.681122 
181.047211 117.852692 
175.840652 120.278107 
171.019562 121.067505 
166.739975 120.424751 
161.996613 118.175262 
160.426208 113.601158 
166.903549 110.085182 
170.867935 110.395538 
175.700653 110.028313 
182.622498 113.273354 
175.581207 112.738045 
170.783081 113.768799 
166.787430 113.024254 
