68 2
119.960854 62.147556 
121.794731 75.699303 
125.014557 88.798813 
128.295227 101.318329 
133.132568 113.270462 
140.658752 123.940239 
150.303772 133.230759 
161.352966 141.227219 
174.316269 143.021866 
186.424866 139.517487 
196.023224 130.648102 
204.237198 120.310547 
210.473343 108.292267 
214.404892 95.650139 
216.350861 82.987053 
217.088669 69.778564 
217.019958 56.148071 
127.080536 56.402580 
132.924072 50.782520 
141.330215 49.278664 
150.226822 49.352684 
158.944153 50.899506 
173.810684 48.329540 
182.671875 45.506969 
191.250488 43.948082 
199.810394 44.388786 
206.186768 48.880909 
166.811172 58.470669 
167.335663 66.929955 
167.757050 75.603661 
168.246521 84.426788 
158.690842 89.857681 
163.496567 91.231354 
168.707504 92.463547 
173.961533 90.762909 
178.655945 88.939346 
137.558136 62.393814 
142.650177 59.140678 
148.945831 58.604816 
154.354446 61.664402 
149.198730 63.405830 
143.124329 64.095222 
179.712234 59.973679 
185.148895 55.566353 
191.478531 55.315487 
196.951767 58.008518 
192.368652 60.782131 
186.071228 61.201008 
153.044922 110.404839 
158.256348 105.442566 
163.907333 103.037033 
168.801376 103.962440 
174.768448 102.769989 
181.471054 104.994919 
187.971466 109.149811 
182.716522 117.634979 
176.278091 121.899689 
169.923477 122.896416 
164.141525 121.969521 
158.229034 117.680405 
155.721664 110.429565 
163.546875 106.442436 
169.058899 106.581490 
175.520798 106.268845 
185.682312 109.682793 
176.120300 114.072670 
169.599625 115.625641 
163.827942 114.615814 
