68 2
107.541489 130.661148 
108.577850 156.897095 
111.524818 182.896027 
115.970245 208.045013 
124.466537 231.176788 
134.962952 252.182785 
148.771164 269.543915 
165.617798 282.351044 
187.155243 285.875122 
209.046463 282.765259 
227.314835 269.393036 
242.477295 251.165909 
254.853546 231.214523 
263.927307 209.772736 
270.115997 188.599686 
275.152405 165.826035 
278.653198 142.347763 
116.797661 117.379379 
126.977280 103.078583 
144.831238 99.934807 
162.887024 105.056427 
180.041870 113.372589 
212.172775 115.773384 
230.071701 110.666283 
247.426102 107.664413 
263.667816 112.201263 
271.241028 126.950722 
195.189499 130.086411 
194.295258 145.065231 
193.234116 159.863770 
192.321472 175.465317 
172.631134 185.372467 
180.975708 190.146652 
190.067017 193.926620 
200.444061 191.324173 
209.284775 187.696075 
135.857269 133.769104 
145.986206 130.718185 
156.646500 130.465042 
167.614029 133.365692 
156.950836 134.997253 
146.044861 135.931976 
219.341248 136.408585 
231.043152 134.840790 
241.599258 136.663681 
250.127579 140.218277 
240.895477 140.989868 
230.572052 139.515244 
155.729309 225.291504 
168.285416 219.127869 
179.898865 216.191376 
187.812134 219.501465 
197.679749 217.465439 
208.729019 221.270203 
218.078217 227.389832 
207.923370 238.237335 
196.893585 243.365448 
186.346466 243.829025 
177.330872 242.389130 
166.950134 237.667938 
161.114639 225.954773 
179.247131 224.285095 
187.611404 225.878479 
197.969604 225.082443 
213.192520 228.038513 
198.074600 228.951035 
187.687851 230.010559 
179.147659 228.151093 
