68 2
124.884193 110.295677 
125.826630 122.926605 
127.829620 135.919586 
130.378616 148.329483 
135.120392 160.327927 
141.947845 170.593445 
150.877319 179.610596 
161.433426 186.750702 
174.045074 187.726257 
185.858826 184.952072 
195.288208 176.846848 
202.617599 167.432022 
208.281738 156.620560 
211.931808 144.462921 
213.654068 132.370605 
214.746094 120.146187 
215.089554 107.972504 
132.034225 102.476936 
138.239624 97.153099 
146.568039 96.810730 
155.205414 98.559486 
163.207336 102.138298 
182.767059 102.217651 
189.697235 98.061127 
197.553802 95.932404 
205.464905 95.880867 
211.017136 100.536758 
172.888077 110.885651 
173.262268 121.128021 
173.745804 131.459091 
174.144257 141.856155 
163.018494 142.122864 
167.900330 145.187256 
173.615494 147.329041 
179.383026 144.665222 
184.072327 141.297333 
142.890991 109.801498 
148.005127 106.911659 
154.373764 107.138702 
159.392731 111.132950 
153.769989 113.054832 
147.601563 112.916054 
185.394211 111.255226 
190.824951 107.202652 
196.586227 106.850594 
200.838440 109.323212 
197.015320 112.414467 
191.311798 112.755096 
154.473312 157.564926 
162.565674 156.562683 
169.563278 155.865463 
174.184631 156.826569 
179.303284 155.770569 
185.152481 156.081711 
191.680023 155.834885 
185.213211 160.372238 
179.061203 162.481720 
173.693314 162.936829 
168.673935 162.673477 
162.191818 161.216415 
157.832428 157.621323 
169.347061 158.366592 
174.140060 158.978043 
179.106476 158.328781 
188.259766 156.444153 
178.754303 157.296570 
173.470413 157.799332 
168.823227 157.470184 
