68 2
123.906685 116.321709 
124.315521 134.268402 
126.060287 151.840042 
128.380020 168.926224 
132.934143 185.283310 
140.888870 199.806671 
151.668640 212.449615 
164.512802 222.396591 
180.095596 225.456161 
194.994446 223.230408 
206.708191 213.551895 
216.551086 201.501404 
223.911957 187.698090 
228.756378 171.813095 
232.052170 156.361267 
235.684875 139.895187 
237.824890 123.279243 
133.032074 103.368271 
140.341583 96.051697 
151.114685 94.963478 
162.187943 97.400444 
171.553772 102.749733 
198.000961 105.540321 
208.333801 101.567833 
218.904953 101.344826 
228.845810 105.185120 
234.039734 113.598030 
183.814102 119.709351 
183.042511 131.549133 
182.193283 143.337814 
181.359894 155.347351 
170.167450 161.047714 
175.523376 163.322540 
181.091644 164.884323 
186.724854 164.050858 
191.919571 162.787766 
144.667313 116.895004 
151.306763 112.780022 
159.712967 113.896210 
166.715317 120.144806 
158.951935 121.618599 
150.501389 121.084717 
198.811951 123.101357 
206.773300 118.237984 
214.870331 118.778824 
220.509628 123.612724 
214.842819 126.468140 
206.757004 125.742584 
160.944504 184.830200 
168.282455 181.402649 
175.206985 179.519806 
180.723816 181.304916 
186.758057 180.453308 
193.466904 183.548096 
199.459549 187.661972 
193.531586 194.089218 
186.911758 197.262405 
180.457825 197.947311 
174.238312 196.642883 
167.597244 193.027039 
164.656906 185.164612 
174.827728 183.927719 
180.689636 184.943985 
186.791550 184.704803 
195.641571 187.300980 
186.814148 188.408157 
180.611969 189.399353 
174.709900 187.788620 
