68 2
132.924438 140.282227 
134.846344 157.056198 
138.107895 173.638443 
141.819427 189.705261 
148.203186 204.001999 
158.085052 216.419708 
170.001801 226.717453 
183.358963 235.943665 
198.857254 238.799500 
213.959549 235.218887 
225.993896 225.457596 
236.506409 214.020935 
245.195694 200.955322 
250.445251 186.221802 
253.183945 170.466354 
255.561554 154.464539 
256.660095 138.201340 
143.927673 119.231094 
150.364182 111.331482 
160.165466 107.052177 
171.248962 107.295586 
180.617340 110.816391 
211.772034 109.520531 
221.910294 105.753571 
232.529221 105.427872 
241.992493 109.701668 
248.190323 117.323135 
197.316513 127.281006 
197.669617 137.231812 
197.911270 146.976044 
198.319916 156.708008 
187.177170 167.265152 
192.548874 168.629440 
197.994354 169.740540 
203.266479 168.580048 
208.343430 167.074036 
154.370712 133.821350 
161.392242 128.357162 
170.926086 127.871269 
179.667175 132.969742 
171.350021 135.710938 
162.205948 136.760956 
213.271011 132.691498 
221.859863 127.227432 
230.948563 127.495361 
237.567276 132.537415 
230.814423 135.469025 
222.014481 135.111984 
171.864120 193.151535 
179.978500 184.531418 
189.864639 179.834488 
198.216797 180.056488 
206.757248 179.963638 
216.055084 184.456665 
223.390457 192.473816 
216.476837 203.760681 
207.254395 209.529099 
198.287903 211.111389 
189.411377 209.825928 
179.526779 204.207306 
176.058304 192.627914 
189.845520 186.442215 
198.334778 185.643982 
207.527023 186.362167 
219.797852 192.177155 
207.614197 200.012436 
198.162384 201.764053 
189.354248 200.430847 
