68 2
139.704025 114.036049 
140.763458 132.085388 
143.210098 150.214294 
147.214920 166.654022 
153.862106 182.657120 
163.444443 197.063309 
175.596741 209.629562 
189.375305 219.731888 
205.587311 223.036072 
222.138046 220.687592 
237.536545 212.095734 
251.170624 201.123535 
261.833862 186.176392 
268.907867 169.698059 
273.487122 152.763733 
277.065430 134.809814 
279.547485 115.932060 
150.322006 103.628830 
159.447617 97.508873 
171.362167 97.720528 
183.073303 100.642792 
193.936005 105.563110 
216.738632 104.977844 
229.089706 100.545372 
241.655823 98.582993 
254.263016 100.045746 
264.432739 106.368675 
203.629837 117.880455 
202.482498 131.663696 
201.369583 145.673813 
200.240799 159.706955 
188.342499 160.216583 
194.454758 164.292999 
201.744217 166.864197 
209.731873 164.326904 
216.770859 161.088486 
164.014023 118.299034 
170.712067 115.887779 
178.643112 116.097275 
186.225403 119.475357 
178.534119 121.680389 
170.440002 121.782349 
224.848053 120.353844 
232.685196 117.849716 
240.602966 118.348984 
247.588593 120.605553 
240.836639 123.568779 
232.832138 123.240326 
182.528122 177.437195 
190.202499 175.537735 
197.375626 175.795303 
203.168060 177.983429 
210.282455 176.597717 
219.954102 177.873764 
229.385818 180.636963 
219.621155 188.047943 
209.855255 190.764832 
202.661804 190.547974 
196.272156 189.501328 
189.450012 185.755798 
186.547058 177.820038 
197.253326 180.414490 
203.189804 182.104858 
210.050110 181.428253 
224.905411 180.631729 
209.700546 182.253021 
202.907059 181.881409 
196.879944 180.686584 
