68 2
154.542053 88.618622 
154.497253 101.176460 
155.406326 113.412224 
156.967300 125.521065 
160.514221 137.100571 
167.221985 148.091339 
176.225647 157.637207 
186.825974 165.021515 
198.023331 167.424713 
208.260620 165.612518 
216.318359 159.323746 
223.127625 151.341843 
229.106171 142.393356 
233.379532 132.474670 
236.592911 122.342247 
239.163757 112.083984 
240.848282 101.905182 
170.138687 85.131149 
177.479477 81.857193 
185.503067 81.822495 
193.313324 84.147987 
200.144302 87.805176 
218.852463 89.560699 
225.089600 87.209778 
231.399582 86.573059 
237.022522 87.919136 
240.257019 92.156853 
209.375916 97.219833 
209.407562 105.188324 
209.686340 113.066216 
209.846146 121.072701 
197.033630 122.483360 
202.149475 124.422089 
207.191818 126.163559 
211.785324 125.084244 
215.721619 123.190361 
177.482040 95.368317 
182.805328 93.498001 
188.327377 94.125084 
193.073959 97.358856 
187.746582 97.869652 
182.315613 97.375870 
218.050613 99.804047 
223.584610 97.465675 
228.357422 98.077484 
232.099670 100.632271 
228.257187 101.866539 
223.326065 101.231750 
182.150803 133.033768 
191.174896 130.575027 
199.568130 130.280182 
204.755844 131.759506 
210.333557 131.252426 
215.821915 132.397812 
219.695541 135.221313 
214.627609 142.842209 
208.533875 146.514679 
202.561996 146.973358 
196.936874 146.112732 
189.303284 142.378708 
185.038269 133.598572 
199.040710 133.322754 
204.402039 134.413528 
210.080597 133.965500 
216.885727 135.505142 
209.224426 141.136749 
203.248627 141.726135 
197.718643 140.781525 
