68 2
134.804871 90.225761 
138.112289 104.713837 
142.646225 118.999702 
148.049622 132.539764 
155.723434 144.810837 
165.871292 155.022705 
176.814529 163.759247 
188.439026 170.439545 
201.630844 170.384964 
212.896194 165.132568 
220.641678 154.051773 
226.926956 142.484436 
231.307449 130.585724 
233.188797 117.900040 
233.755890 105.463554 
234.090271 93.204308 
233.470947 80.546135 
143.826447 87.138710 
149.804581 79.638550 
159.248444 76.681305 
169.162415 77.526085 
178.261902 80.713089 
199.520660 78.629074 
207.064163 74.387131 
214.921646 72.119774 
222.702042 72.989761 
228.396454 77.662979 
190.201920 89.328629 
191.708679 98.236580 
193.203979 106.975990 
194.819641 116.087784 
183.078674 122.413300 
188.991104 123.283882 
195.260117 124.268471 
200.204620 121.627159 
204.884872 119.203262 
155.743103 94.116058 
161.600128 90.824684 
168.641937 90.111732 
175.125305 93.087570 
168.839417 94.965790 
161.893494 95.849220 
202.667542 90.287880 
209.105804 86.033363 
215.700165 85.503716 
221.148575 87.531303 
216.235184 90.208504 
209.798615 90.788879 
175.313721 140.041718 
182.779114 135.268097 
190.601791 132.446121 
196.195404 132.788391 
201.603836 130.408310 
208.487534 130.762207 
214.462601 132.780624 
210.791977 144.865295 
205.099991 151.598816 
199.157837 154.233536 
192.950989 154.702728 
184.140930 151.301819 
178.057785 140.303909 
191.030350 136.309509 
196.664688 135.800323 
202.195984 134.091583 
211.584457 133.994263 
203.756714 144.070526 
197.888489 146.845169 
191.911499 146.835175 
