70 2
119.317711 22.013985 
119.996544 37.824932 
122.506386 54.097279 
125.895210 70.109756 
131.644684 85.250015 
141.326859 97.857948 
154.576752 107.331551 
169.440811 113.769440 
185.518860 114.003349 
199.812103 109.554581 
210.542770 99.881256 
218.442230 88.147835 
224.207047 74.900177 
227.465179 60.304214 
228.825272 45.686207 
228.965088 30.590416 
228.240128 15.834414 
129.018494 5.895551 
137.341873 0.242603 
147.651474 -0.870259 
157.884628 -0.042232 
167.299881 2.741529 
189.590240 2.076108 
198.245087 -0.499042 
206.927338 -1.494307 
214.846115 -0.807231 
220.558075 3.143846 
179.346680 12.691452 
180.180359 22.594826 
181.183563 32.490780 
182.167999 42.725632 
168.296814 48.550953 
174.643890 51.274284 
181.576630 52.711929 
188.088882 50.418930 
193.442474 47.155502 
141.878830 14.749895 
148.008469 11.104297 
155.339737 11.110943 
161.404282 15.241640 
155.099182 17.335390 
147.939346 17.410627 
193.202988 14.177706 
199.844574 10.091455 
206.506760 10.230552 
212.150528 13.116097 
207.237518 15.786407 
200.484131 15.749568 
158.994568 72.305870 
169.203934 69.202560 
177.727570 67.138237 
182.942642 68.073273 
188.312317 66.531357 
195.033249 67.335258 
202.307770 68.674339 
195.543030 73.384811 
188.819244 75.322357 
183.145798 76.137413 
177.534851 76.108795 
169.035690 75.089264 
163.603210 71.983734 
177.628693 70.536964 
183.105713 70.769623 
188.442062 69.784431 
198.068710 68.855560 
188.342438 69.427368 
182.836777 70.478287 
177.450333 70.414825 
151.399994 14.200000 
199.600006 13.400000 
