68 2
125.149101 63.715134 
124.908150 75.416290 
125.364990 87.086067 
126.224281 98.826813 
129.165100 110.113037 
135.422668 119.804840 
144.138855 127.594795 
154.252808 133.779022 
166.324280 135.817169 
178.535583 134.800858 
189.188309 129.274338 
197.564270 121.953278 
203.738373 113.456451 
207.371216 102.787941 
209.469238 91.539902 
211.175232 81.133064 
212.501465 70.368591 
133.542572 52.164059 
138.795441 45.625961 
146.944458 42.434048 
155.381531 43.642143 
162.649872 47.698395 
184.253479 50.525898 
191.542297 48.541767 
198.789825 48.891788 
204.780197 52.621674 
207.975037 58.890877 
173.297882 60.184307 
172.840027 66.954681 
172.354675 73.441307 
171.857056 80.270737 
159.700119 85.744659 
165.114883 87.636200 
170.629852 89.686211 
175.882111 88.714615 
180.714157 87.960625 
142.471207 60.174240 
148.184464 58.825439 
153.488068 59.269024 
158.783966 61.798298 
153.237656 61.404915 
148.095444 60.987019 
184.278137 64.582733 
190.441605 63.268013 
195.540955 64.071899 
199.969543 66.530144 
195.169540 66.340485 
189.988602 65.396027 
146.953339 100.356590 
155.276199 96.228111 
163.547424 95.341377 
169.320053 97.120644 
175.669540 96.817886 
183.442200 99.127205 
189.797363 103.621826 
182.802734 111.342316 
174.976776 114.528915 
168.188538 114.810860 
161.847275 113.601227 
153.939362 109.067245 
150.007294 100.807373 
163.356247 100.175751 
169.161789 101.256569 
175.424210 101.259254 
186.926834 103.913071 
174.990570 108.243202 
168.454559 108.538124 
162.491074 107.321449 
