68 2
160.102646 82.215820 
161.892883 93.650917 
164.452164 104.729424 
167.815521 115.312172 
172.492432 125.368881 
178.589081 134.402679 
187.145905 141.911346 
197.012222 147.081802 
208.367691 148.211136 
219.236298 145.899719 
228.172913 139.820648 
235.793884 131.426468 
241.406708 121.647812 
244.867249 110.800880 
246.715118 99.452484 
247.828186 87.708672 
248.028351 76.386879 
166.539734 66.016891 
172.393005 61.091240 
180.460266 59.956772 
188.608627 61.131607 
195.817032 64.254601 
213.015121 62.801331 
220.212540 60.048176 
227.593079 58.602249 
234.993683 59.773438 
240.077744 64.214104 
205.236237 73.074120 
205.673279 79.262199 
206.108932 85.497978 
206.581009 91.894585 
198.089661 99.399139 
202.372543 100.489174 
206.800690 101.155281 
211.000534 100.263496 
214.997559 99.034546 
175.951370 75.366669 
180.713852 72.019897 
186.981461 71.790421 
192.257431 75.244423 
187.076965 77.488907 
180.885071 78.037415 
217.136322 74.243271 
221.849319 70.406479 
227.697815 70.583588 
232.243927 73.552322 
228.315857 76.135231 
222.561066 76.215263 
191.888123 118.384171 
197.421768 113.497978 
202.225632 110.448242 
206.617737 111.354561 
211.243652 110.231606 
217.007767 113.136627 
222.212463 117.021240 
217.498077 121.253448 
212.224243 122.972954 
207.375977 123.746231 
202.734131 123.416367 
197.651199 121.886749 
194.612869 117.974945 
202.474167 114.991486 
206.989395 114.763779 
211.749023 114.660126 
219.475647 116.984863 
211.756622 116.722206 
206.939514 117.474457 
202.482880 117.168488 
