68 2
90.241295 70.635971 
90.828651 85.445404 
92.662109 100.394135 
96.230057 114.850502 
103.541557 127.762123 
113.281929 138.407486 
125.191010 147.480209 
138.022385 155.515976 
152.023224 157.078827 
163.767502 153.453781 
171.915939 143.872894 
179.189011 133.244690 
185.786835 121.565483 
189.985764 108.574844 
192.211090 95.514618 
193.659561 82.316719 
193.628006 69.520576 
104.540253 60.871834 
112.341400 55.715816 
122.091469 54.157253 
131.847412 55.601910 
140.903870 59.100655 
158.605255 58.352077 
166.462051 54.601894 
174.914825 52.921879 
183.020004 54.030521 
188.218201 59.289387 
150.663651 67.334778 
151.410461 76.878441 
152.411743 86.282379 
153.441635 95.973610 
139.535965 101.075485 
145.315155 103.516327 
151.604584 105.501640 
157.689301 103.186539 
162.689392 100.179054 
116.056969 68.922813 
122.035126 65.079269 
129.379181 65.047882 
135.518982 69.465645 
129.318832 71.349525 
122.093719 71.592827 
160.776657 69.178093 
166.683868 64.428925 
173.519547 64.633308 
178.439392 68.285667 
174.158218 70.897186 
167.391144 70.888474 
129.528046 121.497398 
139.627197 119.780434 
147.090073 118.136230 
151.797913 119.142227 
156.819778 117.489555 
163.856995 118.720612 
171.068634 120.293495 
164.529160 125.195206 
158.212875 127.157013 
152.837738 128.039902 
147.629120 128.087952 
139.733810 126.778473 
132.384308 121.998833 
146.753632 121.405792 
152.012909 121.468613 
157.313934 120.796112 
168.335297 121.087608 
157.977615 121.584381 
152.493790 122.544136 
147.269730 122.537926 
