68 2
108.018875 110.105560 
108.695549 121.700737 
110.520096 133.026993 
113.499840 144.118454 
118.026192 154.355392 
123.858429 163.155502 
131.935791 170.771286 
142.430389 176.000870 
154.575104 177.430862 
166.758102 174.964127 
177.379944 169.401443 
186.261551 161.799149 
192.723572 152.694763 
197.360901 142.416214 
199.833588 131.260651 
201.136627 120.280205 
201.554840 109.161812 
114.664032 92.197853 
119.967133 85.379448 
127.918549 81.575813 
137.253815 81.258240 
145.384903 83.771507 
161.226303 83.579803 
169.682968 81.153725 
178.509964 81.348549 
186.629181 84.467194 
192.654480 90.208740 
152.414337 94.345284 
152.127304 98.504921 
151.795486 102.647354 
151.562424 107.177620 
144.698380 119.255127 
148.513672 119.689415 
152.214981 119.914886 
156.255493 119.428329 
160.182800 118.776611 
123.685684 101.182968 
128.728119 97.235336 
135.056534 96.765526 
140.850784 99.898163 
135.289688 101.568451 
129.077728 102.337074 
164.897705 99.160347 
170.767960 95.505211 
176.977020 95.781044 
182.001526 99.126053 
176.982483 100.806595 
170.901550 100.631905 
136.652664 142.880554 
142.006378 134.760361 
148.432556 129.790070 
153.082077 130.148895 
157.910660 129.660873 
164.551285 134.249298 
169.553879 141.578491 
164.548096 146.767990 
158.413162 149.257401 
153.251160 150.183823 
148.138489 149.676575 
142.090988 147.699463 
139.703690 142.142044 
148.291534 135.076828 
153.218994 134.181885 
158.519028 134.763977 
166.844299 141.148514 
158.598923 144.009583 
153.189499 144.962708 
148.148376 144.412979 
