68 2
122.696564 80.792641 
123.981651 98.492188 
126.743637 115.911537 
129.819016 132.736481 
135.134628 148.423828 
144.118362 162.366318 
155.196152 174.262100 
167.609222 183.857346 
183.365158 185.861389 
199.149704 183.254700 
212.442947 173.536865 
223.438217 161.366562 
232.215607 146.901840 
237.877609 131.445816 
240.989197 114.724419 
242.820694 97.572586 
243.933411 79.935684 
129.826157 80.581573 
137.329605 73.605988 
147.817337 73.447388 
158.452988 75.084747 
168.733047 77.542587 
191.628052 75.554817 
202.823380 72.663979 
213.079346 71.339226 
223.622955 71.318428 
231.459412 77.181190 
180.255783 87.957863 
180.267548 99.835457 
180.101563 111.558380 
180.014435 123.434357 
168.031723 127.740791 
174.114456 129.244919 
180.419083 130.787125 
186.935974 129.344376 
193.085846 128.075623 
143.055588 88.178627 
149.869904 84.935081 
157.966537 85.053452 
164.287125 89.004013 
157.386642 90.803337 
149.570282 90.995361 
197.284119 88.759407 
204.247864 84.185593 
212.255783 84.152588 
218.921036 87.465706 
212.826584 90.669136 
205.052246 90.669922 
159.808746 149.961243 
165.777969 143.583984 
173.057312 140.650574 
179.899551 142.341522 
187.642090 140.767303 
195.909485 144.154968 
203.363983 149.877594 
196.221161 158.378830 
188.134521 162.552567 
179.919922 163.624771 
172.430862 162.701614 
165.242737 158.384109 
163.425461 149.730988 
172.880173 145.719315 
180.096329 146.536270 
188.097595 145.811462 
199.538635 149.699249 
188.190964 152.682892 
180.121216 154.363571 
172.642899 153.151566 
