68 2
106.345261 126.240875 
106.109131 138.522995 
107.114830 151.191162 
109.494255 163.927277 
114.057213 176.458237 
119.948975 187.822540 
127.821381 198.096222 
137.139664 206.180740 
149.830856 208.444092 
162.001999 206.440567 
172.212234 198.583282 
179.853516 188.596313 
186.438354 177.032257 
191.150406 164.878113 
194.043945 152.469437 
195.694763 139.827087 
196.553116 127.517944 
112.800720 114.585503 
117.960114 108.619537 
125.867889 106.725479 
133.945068 107.984489 
141.842239 110.689720 
160.896194 111.360580 
168.514633 108.534256 
176.942612 107.552666 
184.849869 109.767311 
188.977112 116.791733 
150.772110 120.119019 
150.697159 129.789413 
150.787582 139.645126 
150.749481 149.601303 
140.098083 151.729706 
144.798950 154.903030 
150.283264 156.914520 
156.066818 154.780884 
160.976181 151.922302 
122.525673 119.391632 
127.003365 116.211334 
133.048264 116.242027 
137.974823 119.635986 
132.810867 121.341377 
126.988403 121.633125 
162.395920 120.571167 
168.003235 117.396729 
173.955154 118.094818 
178.078827 121.642494 
173.849915 123.339325 
168.090515 122.595917 
132.125793 171.741318 
140.110016 170.049377 
146.595657 168.925476 
150.755585 170.190567 
155.731155 169.215530 
161.822006 170.404831 
168.064804 171.748840 
161.356125 175.383774 
155.033875 177.029709 
149.685272 177.352844 
145.162369 176.823013 
139.265457 175.297928 
135.047806 172.146301 
146.006729 171.257980 
150.567490 171.988098 
155.768402 171.624817 
165.519226 172.001022 
155.431229 171.599777 
149.928131 171.996262 
145.465958 171.463104 
