68 2
112.467476 87.824234 
114.753593 109.214180 
118.691513 130.216980 
123.804794 150.310120 
131.422684 168.772583 
141.641922 185.351105 
156.666504 198.802414 
173.721329 208.796448 
194.912598 211.429749 
214.485046 208.797791 
230.497345 198.683578 
243.862961 184.880508 
254.291046 168.731171 
260.717590 150.900772 
264.838226 131.582367 
268.320801 111.930473 
270.146423 92.042336 
124.032837 62.340874 
132.635208 47.159061 
149.273315 41.830345 
166.918976 44.910873 
183.760315 51.156208 
213.498138 53.321796 
229.124542 48.160854 
244.338165 45.508327 
259.478210 49.330734 
267.126526 62.333755 
199.354202 69.222176 
199.713623 80.360420 
200.134094 91.247040 
200.613083 103.051247 
182.289597 117.630249 
190.484177 120.089340 
199.163849 122.057426 
207.745880 120.133392 
215.385727 117.524384 
142.293213 76.404099 
151.625427 70.472893 
162.822311 69.816574 
173.085693 75.032440 
163.084732 78.196243 
151.967987 79.356400 
220.549118 76.052193 
230.954529 71.057281 
241.847473 72.263702 
249.817902 77.675240 
241.504150 80.411308 
230.910995 79.259277 
167.330399 156.820038 
179.454163 149.482422 
190.730789 145.436493 
197.786499 148.090103 
205.436203 145.888809 
215.903503 149.827042 
225.035004 156.085281 
215.742722 165.639343 
205.651703 170.289337 
197.091583 171.431732 
189.196762 170.558838 
178.333023 167.326309 
172.037643 157.473343 
190.194016 153.792389 
197.760986 154.719086 
205.732864 153.786163 
220.920380 156.571396 
205.854935 157.623672 
197.542786 158.986847 
189.821381 158.191559 
