68 2
118.719009 116.107826 
118.795517 134.179855 
120.638512 151.905121 
123.505966 169.309082 
128.228653 186.091812 
135.405472 201.373779 
146.328186 215.067795 
159.562515 225.170334 
175.797394 228.376572 
191.542175 226.118042 
204.072784 216.576309 
214.179596 204.340576 
221.344940 189.833191 
226.597824 173.642822 
230.250549 157.826096 
234.197266 141.087402 
236.427917 124.316177 
129.732315 103.019241 
138.024490 96.588661 
149.215134 95.793694 
160.520981 98.581497 
169.973022 104.477737 
195.272690 106.992081 
205.957504 102.823174 
216.914246 102.490387 
227.080978 106.395325 
232.398575 114.545013 
181.135788 120.714058 
180.240906 132.897308 
179.242844 145.028107 
178.338196 157.234726 
166.672546 162.413986 
172.088211 165.456268 
177.965881 167.528625 
183.945831 166.374588 
189.364517 164.435974 
141.688385 117.657310 
148.788651 113.744835 
157.412201 114.912231 
164.119797 121.139458 
156.196259 122.546913 
147.681808 121.906090 
196.127853 124.503990 
204.637497 119.677490 
212.956085 120.474121 
218.560806 125.548676 
212.711304 128.403839 
204.363297 127.525322 
155.034729 186.882492 
163.453201 183.674026 
171.068329 182.078644 
176.796448 184.158691 
183.279846 183.311829 
190.298477 186.282288 
196.345230 190.168182 
190.243256 196.339233 
183.111145 199.817322 
176.203400 200.490311 
169.693146 199.014679 
162.450821 195.171280 
159.131317 187.285080 
170.691910 186.109451 
176.798508 187.575546 
183.394882 187.251984 
192.372818 189.644958 
183.176086 191.207581 
176.419037 192.105713 
170.170593 190.393753 
