68 2
91.675568 33.849228 
93.249130 56.679802 
97.290894 78.406212 
102.585915 99.397720 
109.995628 119.606796 
120.467545 138.220856 
132.852386 155.020935 
146.986557 168.785614 
165.877533 172.990417 
184.443115 169.612961 
200.998917 156.700439 
215.818832 141.430801 
227.771210 124.172905 
236.592636 104.874557 
242.122238 83.924957 
245.641006 61.099785 
247.640106 38.008675 
96.694435 22.855722 
106.482361 12.195947 
121.938301 10.554969 
137.839691 14.657650 
152.533722 20.702597 
178.336884 21.726519 
193.317169 15.429213 
208.812683 11.854554 
224.466400 13.124071 
236.099045 22.623451 
164.052902 34.152580 
163.707947 48.156467 
163.224548 62.473091 
162.863937 77.279808 
147.691803 88.082573 
155.456970 90.733925 
163.783234 93.323334 
172.571106 90.788780 
181.061127 88.708389 
112.642471 38.254021 
120.931709 32.981182 
132.564896 33.413147 
142.525604 40.202927 
131.858429 42.603130 
120.474258 42.836552 
189.700256 40.374767 
200.124207 33.295681 
211.588089 33.827106 
220.623291 38.981804 
212.276596 42.914295 
200.904373 42.712200 
136.397110 117.783218 
147.222427 113.233955 
156.607300 110.726158 
164.276917 113.227905 
173.313644 111.303391 
185.068634 113.927574 
197.449142 116.896866 
186.046432 130.884705 
174.102631 137.958145 
164.190704 139.111313 
155.500946 137.309494 
146.161789 130.558975 
141.371521 118.825302 
156.231140 115.733185 
164.408035 117.167076 
173.777008 116.348526 
193.180557 118.463326 
173.985825 126.513512 
164.198914 128.301575 
155.975647 125.755844 
