68 2
155.675537 92.522995 
157.884323 105.720825 
161.330154 118.396255 
165.758011 130.740799 
171.122375 141.850616 
178.619202 151.726761 
189.418167 159.202835 
201.938293 163.790955 
216.020493 163.737625 
229.665771 160.039017 
241.826447 153.456818 
251.731308 144.225693 
258.521606 133.487991 
262.427185 121.141640 
263.721222 108.254913 
263.773224 94.775986 
262.761292 81.475273 
160.205032 74.164566 
166.510071 67.162689 
175.400696 63.946507 
185.659424 62.986328 
195.469833 64.667885 
212.469788 62.329666 
221.893951 58.169453 
232.204346 57.448196 
242.021896 59.244987 
250.457489 64.393074 
204.629990 73.764954 
204.647278 80.157845 
204.679504 86.533585 
204.739365 93.319176 
198.098404 105.811089 
202.761642 106.649498 
207.723038 106.876068 
212.697189 105.094574 
217.328964 103.143700 
173.411026 83.204918 
178.922791 78.899780 
185.966507 77.411934 
192.724670 80.096413 
186.719116 83.084816 
179.752869 84.491943 
221.341965 77.079483 
227.949387 73.164932 
234.887268 72.972900 
240.750244 76.083092 
235.353210 78.566200 
228.345673 78.569763 
191.703308 129.247849 
198.704453 123.784546 
205.357605 119.990097 
209.697525 120.409531 
214.219147 118.977821 
222.381866 121.257919 
231.538986 124.515694 
223.255997 128.635406 
215.471069 130.689270 
210.673462 131.803131 
205.871506 131.911346 
199.033401 131.111191 
194.419739 128.456085 
205.385605 125.515099 
210.183075 124.757568 
215.102585 124.457123 
228.345642 124.513275 
214.894714 124.690903 
209.821915 125.645645 
205.103867 125.831001 
