68 2
112.312782 104.802109 
114.307495 125.934517 
117.996124 146.095810 
121.879585 166.057480 
128.206833 185.717834 
137.781677 203.546005 
149.680283 219.917465 
164.948898 232.042206 
184.938492 236.007568 
204.659622 232.595596 
221.452698 219.915878 
234.940216 204.157837 
245.863419 185.817566 
251.964279 166.513702 
256.348907 146.450821 
260.153778 125.476021 
262.448456 103.878441 
118.214081 96.104622 
130.009125 88.288979 
145.143478 87.677818 
159.962219 91.891579 
174.225204 97.233101 
199.479660 97.101295 
214.219543 92.110138 
228.198059 87.833382 
242.738144 87.481720 
254.593430 93.479218 
187.029938 104.931190 
186.693222 117.996864 
186.221329 131.183746 
185.833878 144.937653 
170.395081 153.635193 
177.812439 156.270065 
185.949326 158.488876 
194.670258 156.191544 
202.398911 153.553406 
133.869858 108.465561 
142.861771 106.045197 
153.365158 105.810493 
162.559265 108.596367 
152.920044 110.944702 
142.848389 111.582413 
210.732941 108.652641 
220.965988 105.511391 
231.174988 105.705742 
239.806122 107.649765 
231.460876 111.022964 
221.521927 110.756645 
159.299484 185.840271 
169.354187 181.440475 
178.539673 178.948792 
185.774582 181.592026 
194.208588 179.166611 
204.144470 181.590836 
213.696182 185.048874 
204.310837 196.525055 
194.650192 201.315247 
185.352646 202.337479 
177.233215 201.018723 
168.395462 195.911728 
164.647110 186.796402 
178.451859 186.510086 
185.796707 187.980621 
194.216019 186.578201 
208.140945 186.133850 
194.298615 187.743515 
185.477707 189.269241 
178.015549 187.674484 
