68 2
108.530182 111.103912 
109.464294 122.700630 
111.538910 133.985413 
114.793854 144.711243 
119.600136 154.760956 
126.001678 163.302216 
134.541687 170.285370 
144.606186 175.283859 
156.588943 176.289581 
168.280228 173.815567 
178.419205 168.075439 
187.012680 160.421356 
193.292831 151.542664 
197.700745 141.304947 
199.931488 130.288040 
201.226578 119.542374 
201.779099 108.339905 
115.391083 94.230644 
120.627060 87.235313 
128.833725 83.515289 
138.350281 83.257629 
146.752640 85.813782 
161.016083 85.405090 
169.673767 82.878456 
178.802551 82.881500 
187.321640 85.785713 
193.505829 91.800484 
153.360016 96.386482 
153.146912 100.739784 
152.915726 105.103760 
152.807297 109.876099 
146.029068 121.137154 
149.877991 121.621162 
153.700546 121.880844 
157.796234 121.374474 
161.726486 120.688614 
124.878990 102.291809 
129.840591 98.562714 
135.971298 97.993202 
141.548065 101.114952 
136.213531 102.966156 
130.143829 103.713287 
165.982849 100.247589 
171.710251 96.626534 
177.653992 96.863190 
182.568848 99.969604 
177.770081 101.952423 
171.803284 101.834419 
139.110626 143.987808 
144.369400 136.011383 
150.065643 131.504456 
154.483124 132.048584 
159.135803 131.503174 
165.441574 135.840530 
170.146454 142.937515 
165.233643 146.979630 
159.375565 148.771591 
154.414246 149.369446 
149.754227 148.912659 
144.300369 147.419922 
142.099258 142.973160 
150.163589 136.665665 
154.699432 136.045959 
159.695847 136.609131 
167.462219 142.342453 
159.406021 143.667862 
154.244232 144.220932 
149.773544 143.780334 
