68 2
139.357605 87.501312 
138.776550 100.381310 
139.311050 113.417488 
140.573929 126.415924 
143.845337 138.718491 
150.304428 149.657196 
159.483795 159.018280 
169.975952 166.394089 
181.988754 168.808838 
194.005814 167.279526 
204.963409 161.383316 
215.169754 154.006439 
222.765137 144.329681 
227.586502 132.555954 
230.818634 120.485176 
233.134201 107.783463 
234.793488 94.702957 
145.639404 80.684357 
152.002502 75.035362 
161.534561 74.224403 
171.082825 76.319824 
179.993973 79.857391 
192.525284 80.215164 
202.152023 78.122437 
211.746521 77.427376 
221.164291 79.964165 
227.102112 86.389290 
185.991302 88.797150 
185.319153 97.575424 
184.589294 106.280518 
183.880402 115.153351 
174.445801 118.694183 
178.435226 120.667496 
182.885254 122.124176 
187.909592 121.284897 
192.412888 119.840858 
156.152893 88.017021 
160.986679 85.224426 
167.310120 85.838806 
171.924133 90.122589 
166.498795 91.533989 
160.152222 91.111061 
198.325500 91.880142 
203.812531 88.083107 
210.286896 88.790688 
215.046890 92.096077 
210.255920 94.404823 
204.014099 94.017899 
168.128113 137.505890 
172.410431 133.539459 
177.428238 131.499176 
181.236267 132.792450 
185.930801 132.173264 
191.447830 135.244736 
196.398056 139.717300 
191.153046 145.925186 
185.442917 148.456039 
180.424347 148.753448 
175.906921 147.636932 
171.177246 143.946030 
171.356842 137.461548 
177.281021 134.706497 
181.100830 135.251907 
185.825928 135.329300 
193.040222 139.432037 
185.657333 141.506531 
180.828476 142.085175 
176.684753 140.942932 
