68 2
114.495377 118.617378 
115.068512 131.240097 
116.823456 143.815918 
119.993530 155.744827 
125.493164 166.519958 
133.577209 175.676575 
144.182556 182.209335 
155.627228 186.449432 
167.524872 186.791763 
178.598038 183.258636 
188.689774 177.343826 
197.999451 169.739746 
205.193390 161.124496 
209.546173 150.121201 
211.290115 138.670883 
212.205460 126.889679 
212.733887 115.092026 
121.459824 106.439926 
128.187500 100.587494 
137.114227 98.257462 
146.742676 98.160370 
155.407166 100.755035 
174.543762 99.338219 
183.375839 96.357529 
192.591461 95.295792 
201.247879 97.909355 
207.117493 104.099518 
164.761765 112.232071 
164.641739 119.280067 
164.704391 126.245766 
164.694656 133.448624 
155.350937 141.370377 
160.283661 142.064102 
165.090775 142.562469 
169.804382 141.632813 
174.295853 140.581329 
132.888046 117.217392 
138.487717 114.702423 
144.774155 114.180023 
150.996231 116.707855 
145.174896 118.371635 
138.625381 119.012520 
177.992645 115.582100 
184.607071 112.405281 
190.497192 112.519463 
195.820374 114.556114 
190.895935 116.589813 
184.539520 116.809708 
145.591919 155.696594 
154.016159 153.144180 
161.157013 150.938858 
165.731964 151.558411 
170.262558 150.292450 
177.604065 151.254562 
185.635681 151.982529 
177.816330 156.852921 
170.699997 158.694351 
165.895645 159.233566 
161.311935 159.257996 
154.359238 158.415207 
149.178284 155.242065 
161.568237 154.114563 
166.044357 154.420685 
170.631744 153.462296 
181.933289 152.401093 
170.417603 154.189316 
165.682037 154.801346 
161.235413 154.808304 
