68 2
169.976089 77.508705 
171.826218 93.748695 
175.024231 109.649712 
178.445984 124.959038 
184.585358 139.350159 
194.005310 151.494629 
205.753204 161.980652 
218.502487 169.909897 
232.678284 170.842728 
245.225266 166.696991 
254.876495 156.571960 
262.641754 144.352142 
268.699707 130.727844 
271.804291 116.798065 
273.723297 102.602898 
275.258636 88.079285 
275.530304 73.577240 
180.062607 76.811249 
188.244598 70.749176 
198.332687 68.777771 
208.897736 70.046379 
218.772141 72.814789 
237.773117 70.311981 
247.141876 66.362358 
256.683380 63.963657 
266.424377 65.000916 
273.071198 70.816536 
229.032013 80.521057 
229.419052 91.416412 
229.942032 102.185364 
230.500275 113.323959 
218.216965 117.676666 
224.200851 119.492218 
230.699646 121.136597 
236.780060 119.376602 
242.178925 117.363892 
191.164642 82.998680 
197.666306 79.857086 
205.631836 79.536133 
212.174576 83.272148 
205.599960 85.811317 
197.725052 86.436516 
242.521652 81.409149 
249.629883 76.680183 
257.040466 76.359146 
262.778046 79.080467 
258.066711 82.969040 
250.580627 83.240807 
209.625610 138.042252 
218.624298 135.257523 
225.638962 133.181931 
230.867355 134.458633 
236.575790 132.882324 
243.461914 134.909103 
251.046768 136.219589 
244.079163 143.371033 
237.767151 147.185104 
231.388000 148.441467 
225.530365 147.816391 
218.099182 144.230606 
213.205093 137.854828 
225.754944 136.587616 
231.033722 137.139114 
236.959900 136.157776 
247.567810 136.878555 
237.036133 139.183701 
230.998108 140.911591 
225.474869 140.001083 
