68 2
141.439270 107.164185 
142.872681 120.310455 
145.528778 133.200638 
148.286957 145.325211 
152.509583 156.935959 
159.805405 167.045486 
168.822433 175.683289 
178.808975 182.259338 
190.530273 183.482117 
202.298676 180.697922 
211.907089 173.204926 
220.290359 163.880539 
226.291931 153.366837 
230.078720 142.018677 
231.583984 130.138901 
232.555847 118.125107 
232.807831 106.008690 
146.243668 104.380402 
151.311279 95.772835 
161.240387 92.329201 
171.927048 93.143280 
181.560699 97.169647 
195.915970 96.403183 
204.951035 92.562256 
214.528946 91.849640 
223.569702 94.708771 
227.769455 102.706451 
189.340515 105.442284 
189.541107 114.075958 
189.749802 122.506020 
190.051056 131.324692 
178.549393 135.493439 
184.133087 137.407715 
189.940720 139.101517 
195.505295 137.251144 
200.438293 135.215622 
158.219345 107.880020 
162.715424 104.466774 
168.733246 104.312187 
174.440598 107.930672 
169.068176 109.357109 
162.946075 109.827972 
200.884354 107.091644 
206.114197 103.054840 
211.983582 103.053818 
216.544235 105.971207 
212.451630 108.059654 
206.537460 108.229271 
171.291550 152.413559 
178.268250 150.363556 
184.243805 149.429932 
188.603317 150.854462 
193.997650 149.629547 
200.259720 150.909363 
207.027512 152.340393 
200.709778 157.561523 
194.630676 159.396347 
188.749588 159.769165 
183.952911 159.368103 
177.965057 157.447998 
174.274399 152.457535 
184.593048 152.593399 
188.753647 153.375458 
194.169296 152.509857 
204.040054 152.854202 
194.173126 153.710632 
188.566025 154.259781 
184.415878 153.761429 
