68 2
128.354553 84.653152 
128.989532 98.140312 
131.020798 111.475166 
133.527863 124.436485 
137.411087 137.089050 
143.738464 148.676010 
153.443039 158.391571 
165.340057 166.099899 
179.359329 168.554657 
193.377411 166.956924 
205.337997 160.337280 
215.005478 150.528412 
221.834290 138.947891 
226.187164 126.550346 
229.487335 113.587837 
231.712830 100.376328 
232.152756 87.138206 
136.500427 69.641022 
143.323776 63.594780 
152.760803 62.107830 
162.245804 63.643051 
170.642593 67.704613 
191.919174 67.578133 
200.756866 64.914017 
209.707520 64.679474 
218.266129 67.079262 
223.821106 73.023743 
181.201721 78.752205 
181.180847 85.825775 
181.164139 92.978233 
181.316940 100.381325 
170.807846 109.178261 
175.605301 110.719925 
180.454407 112.008301 
185.726166 111.288551 
190.539642 110.248169 
147.019028 80.139938 
152.593048 76.552437 
159.624405 76.823288 
165.752472 81.209793 
159.462402 82.673439 
152.359253 82.689110 
195.086243 82.220100 
201.333359 78.273895 
207.947556 78.795670 
213.272568 82.475006 
208.252090 84.801544 
201.487869 84.394455 
162.396439 131.756195 
168.559402 126.235771 
174.490219 123.090485 
179.007751 124.747925 
184.296906 123.668121 
190.884018 127.779663 
196.326996 133.113586 
190.503616 139.141296 
184.285019 141.387039 
178.714020 141.790878 
173.646133 140.967712 
168.046616 138.282944 
165.866653 131.845093 
174.380356 130.303772 
179.168533 130.657104 
184.512863 130.780731 
193.245773 133.067551 
184.437561 132.211609 
178.984848 132.620789 
174.269775 131.789230 
