68 2
151.289688 74.358292 
150.138153 91.297256 
150.239929 109.097244 
151.451843 126.104317 
156.023010 142.418610 
165.872742 156.878738 
178.852783 168.818802 
192.721649 179.849533 
209.039139 183.897736 
225.841492 182.997009 
242.190948 175.807678 
257.505066 166.709351 
270.240601 153.885208 
278.860382 138.041016 
283.194702 120.606499 
286.388306 103.195885 
289.200073 85.056839 
161.240555 68.299698 
170.627548 60.551228 
183.690018 59.250767 
197.024826 61.455185 
209.132080 66.324013 
226.520752 67.021851 
240.102051 64.645012 
253.685608 65.460732 
265.988403 69.489166 
274.503174 77.525635 
216.392822 76.051941 
214.538483 89.723907 
212.777908 103.601242 
210.903442 117.684540 
197.651779 117.604927 
203.900497 121.366211 
211.045090 124.480240 
219.224838 122.417816 
226.608887 120.455444 
174.327393 72.889000 
181.982422 69.379303 
190.804001 70.467819 
198.005127 76.095184 
189.661575 76.817429 
180.904358 76.255653 
235.689102 79.337494 
243.820099 75.005280 
252.554550 75.917786 
259.630554 79.906723 
252.634933 81.965675 
244.176788 81.376175 
184.421036 132.012680 
194.835205 130.633179 
204.603546 131.072449 
211.245728 133.523132 
220.543091 133.050446 
232.290009 135.592010 
244.159149 138.468445 
231.688446 147.748154 
219.475586 149.655777 
210.015656 148.652542 
202.613495 147.110977 
193.088043 142.400940 
188.670486 132.972839 
204.313263 134.219009 
211.213043 136.349289 
220.060272 136.495972 
239.718323 138.977097 
219.545624 142.697784 
210.588669 141.476547 
203.562546 140.292801 
