68 2
120.915840 105.767059 
121.507721 121.339844 
123.436066 137.280075 
127.616295 152.181976 
134.286194 165.954285 
144.387634 177.645523 
156.698944 187.456604 
169.492935 195.457169 
184.239838 198.136185 
198.790802 195.111755 
211.906662 187.374832 
224.192535 177.745392 
234.400803 165.398270 
241.665421 151.034164 
245.205490 135.924225 
246.912537 120.067902 
247.631668 103.964165 
133.225159 91.744225 
141.066315 85.065269 
151.564270 82.598259 
162.899872 82.990662 
173.020004 86.118164 
193.362778 85.413895 
203.858185 82.610550 
214.846008 82.125114 
225.565216 84.810532 
233.116837 90.958359 
182.566315 102.238998 
181.817902 112.446136 
181.116272 122.589996 
180.574951 132.718872 
168.970322 137.156937 
174.635147 139.367645 
181.065002 140.770340 
188.140274 139.361496 
194.720032 137.484543 
145.767761 105.257446 
152.378555 103.051300 
159.346725 102.497490 
165.980164 104.314682 
159.496887 106.234100 
152.525208 106.948242 
199.736389 103.958824 
207.203644 102.179359 
214.048264 102.920753 
220.223236 104.658936 
213.805023 106.348633 
206.968491 106.012192 
163.045486 155.778992 
169.391296 151.340424 
176.277466 147.946228 
182.159470 148.497833 
189.159607 147.900711 
196.879715 151.647247 
204.405045 156.643005 
197.238113 165.832687 
189.970673 170.907791 
182.974380 171.980896 
176.413406 170.961365 
169.366760 165.537857 
167.818466 155.769257 
176.424667 152.277206 
182.240494 152.535645 
189.358124 152.415115 
199.441940 156.416473 
190.099411 162.063400 
182.995712 163.273972 
176.718750 161.846054 
