68 2
164.328568 104.360504 
164.853745 119.991493 
167.246490 135.516251 
169.963043 150.545013 
176.246094 163.819244 
186.526443 174.412292 
200.459503 181.775940 
215.794052 187.206726 
231.566757 188.838730 
245.431046 186.211731 
257.727814 179.926910 
268.806274 172.025803 
276.292847 161.634583 
279.731445 148.663391 
281.622803 135.320633 
283.341797 121.647636 
283.507843 108.331642 
179.530319 86.772247 
188.864929 81.057701 
200.228149 79.504784 
211.876724 80.661873 
223.002960 84.002563 
244.057449 83.903603 
254.328537 81.406212 
264.075043 81.229187 
272.781555 83.890228 
278.369843 89.787964 
233.457703 94.510384 
233.808136 101.698212 
234.295166 109.247696 
234.781281 117.023872 
222.246429 129.692078 
227.945251 130.542618 
233.498917 131.410873 
238.394562 131.115219 
243.203400 130.663208 
192.235519 98.019524 
199.535416 93.877350 
208.251984 93.710548 
215.361755 98.652222 
208.176941 100.702675 
199.435852 100.978058 
246.870056 99.710739 
254.399719 94.658325 
262.921509 95.542175 
268.785950 100.371689 
263.076996 102.881554 
254.733231 102.197731 
206.542130 151.006912 
217.349548 147.201843 
227.451111 144.399109 
233.067978 145.760742 
238.901291 144.633896 
246.378448 148.040070 
254.268448 152.184555 
246.131516 155.883240 
238.854309 157.438583 
232.704269 157.819092 
226.729248 157.477219 
216.901779 155.325378 
210.862442 150.976395 
227.328552 150.087204 
233.049973 150.270111 
239.010147 150.125732 
249.909363 152.118713 
239.048935 150.323715 
233.018829 150.744324 
227.260300 150.331604 
