68 2
109.298988 110.162659 
112.030960 134.471466 
116.864517 158.337280 
122.589516 181.157837 
130.957214 203.119705 
142.975937 222.704163 
159.544449 239.359756 
177.567017 252.350998 
200.463547 254.648651 
222.214294 249.947723 
240.108505 236.094589 
255.631760 219.269104 
267.434265 200.221832 
275.232147 178.813126 
279.120270 156.529678 
282.702789 133.706757 
285.333984 110.788857 
117.642349 86.921600 
128.438110 72.889984 
146.925049 69.583282 
165.684921 73.532112 
183.612671 79.750938 
213.130142 80.162338 
231.168274 72.800034 
249.166565 67.792686 
267.487976 70.192757 
277.981842 83.193436 
198.477173 95.973068 
198.275208 110.515259 
198.284363 124.938194 
198.263428 140.156418 
178.778000 155.366562 
188.652908 158.743347 
199.063416 161.734833 
209.813538 158.591125 
219.407028 155.233521 
136.706482 104.476067 
147.402390 98.803009 
160.459351 97.897354 
172.578720 103.163116 
160.731873 106.944756 
147.828583 108.535866 
224.234283 102.018280 
236.889893 96.057228 
249.571533 96.780052 
259.266541 101.831924 
250.005676 105.928772 
237.236816 105.418404 
163.922791 192.965439 
177.467621 185.486160 
189.504257 181.864929 
198.553757 185.377838 
209.454468 182.830170 
223.844788 187.223480 
236.969620 192.377335 
223.739624 203.140503 
209.301682 208.643692 
197.416748 209.613831 
187.516296 208.001312 
176.269775 203.244812 
169.386581 193.230896 
188.912628 190.289490 
198.555954 191.751999 
210.309006 190.694122 
232.122986 193.514511 
209.861847 195.714050 
197.894714 196.888779 
188.388123 195.012909 
