68 2
109.822105 94.869331 
110.118134 108.506187 
111.881546 121.995590 
114.479057 135.302658 
118.900848 148.011093 
125.395912 159.289276 
134.680176 168.684540 
144.552902 176.622650 
156.438858 178.849792 
168.192123 176.277344 
178.532700 168.786072 
187.707947 159.816330 
194.468811 148.784760 
199.008118 137.052933 
202.033371 125.021820 
205.006241 112.588348 
206.708771 99.632545 
116.659615 86.112984 
123.054741 80.900543 
132.085007 80.418472 
140.774628 82.695099 
148.592667 86.303337 
168.340256 86.933197 
177.131836 84.399918 
185.816101 83.585274 
194.038284 85.156281 
199.658417 90.633400 
158.432388 96.287834 
158.156311 103.952339 
157.973312 111.556541 
157.738358 119.604340 
147.299622 125.016739 
151.971939 127.232330 
156.947693 128.970612 
162.212265 127.798553 
166.994202 126.290512 
125.684975 95.746971 
131.175766 92.574860 
138.213898 93.132233 
143.801865 97.574791 
137.758453 98.930550 
130.767548 98.780350 
171.637894 98.979408 
177.940857 95.239258 
184.576462 95.793633 
189.457306 99.092583 
184.588104 101.385231 
177.936142 100.915855 
138.181030 143.211227 
144.678406 140.006287 
151.606735 138.864807 
156.433472 140.509689 
162.011414 139.577133 
168.740097 141.641235 
174.341202 145.048737 
168.277222 152.048370 
161.302170 155.214050 
155.386246 155.783630 
149.944336 154.807098 
143.360153 151.202042 
140.813904 143.414963 
151.158508 142.951248 
156.273300 143.808472 
161.960175 143.534454 
171.756577 145.076385 
161.512268 148.549622 
155.698929 149.378281 
150.569763 148.125549 
