68 2
98.325943 161.482697 
101.979248 181.375610 
106.868629 200.919464 
111.217293 220.917984 
118.040527 239.716873 
131.862061 254.132568 
152.035400 262.505768 
174.796844 267.892731 
199.132919 267.149048 
223.245132 263.412537 
244.112656 253.140701 
260.804230 240.374786 
270.927612 223.837952 
273.160248 203.080566 
273.602753 182.785568 
274.587219 163.736847 
274.262299 145.208221 
109.875114 116.301460 
118.596085 101.520782 
132.086273 91.806267 
149.001572 88.455376 
164.800964 91.567833 
204.210358 87.429214 
220.735977 82.531830 
237.559189 83.444916 
252.436447 91.619659 
261.794617 103.443726 
188.328110 112.650139 
188.779083 121.180504 
189.244324 129.544159 
190.015045 138.675903 
177.296860 164.361984 
184.304398 164.042664 
191.295914 164.514221 
198.324051 163.884521 
205.367981 163.574768 
128.734924 132.962524 
138.334061 124.311996 
151.021652 121.989532 
163.823425 126.689423 
152.313034 130.705231 
140.241257 133.017227 
211.915665 123.122421 
224.460083 117.150620 
236.500595 117.684113 
247.039490 124.278809 
236.813293 126.155434 
224.595840 125.708344 
155.897400 212.894501 
167.766388 190.908157 
183.179504 180.272491 
194.142548 180.364273 
205.801117 179.026672 
220.938782 187.982880 
233.282333 206.490738 
223.147034 217.246613 
209.178497 221.619568 
197.129410 223.037903 
186.167542 223.116333 
170.296326 220.440262 
162.712021 210.385361 
185.160934 193.968674 
194.927994 192.716370 
206.845032 192.882874 
226.954910 204.901825 
207.758713 207.196014 
195.836487 207.967606 
186.033585 208.506622 
