68 2
101.961113 158.297836 
105.709732 178.274277 
110.643097 197.601517 
114.683365 216.713196 
120.940323 234.571594 
134.141907 247.962784 
154.291611 255.911728 
177.029449 260.143188 
201.902039 259.579010 
226.752716 256.527557 
247.788879 248.701416 
263.740662 237.163712 
272.719910 220.509338 
275.249298 201.031967 
276.317902 181.599243 
277.314667 163.315048 
277.029663 145.686310 
114.628227 114.756401 
123.367462 100.395546 
137.380920 90.394051 
154.213409 87.031868 
169.955322 90.310760 
208.892883 86.176071 
225.597046 81.955399 
242.502518 83.454254 
257.266937 92.240723 
266.201355 105.075508 
193.521317 110.973190 
193.900513 119.375870 
194.352356 127.557411 
194.955841 136.539581 
181.815979 162.551331 
188.938232 162.368439 
196.053802 162.567017 
202.849838 162.315994 
209.654144 162.331711 
134.114685 131.320877 
143.670532 123.333427 
155.827957 121.280556 
168.486099 125.434692 
157.037827 129.036560 
145.268677 131.260254 
216.869720 122.721626 
229.015701 117.327690 
240.733673 118.113785 
250.652893 124.331940 
240.840652 125.431938 
229.127899 125.055908 
159.715714 206.504700 
172.712173 188.429504 
187.729095 178.933777 
198.457550 178.946594 
209.909454 177.682678 
224.389832 186.206879 
236.441345 201.906967 
225.888885 209.723755 
213.244202 213.105316 
201.828903 214.235474 
191.105484 214.496841 
174.941681 212.181274 
166.667419 203.949387 
189.544220 191.201248 
199.144531 190.044952 
210.652893 189.813049 
229.355743 200.084412 
212.098419 200.431580 
200.772614 201.091278 
190.732620 201.798767 
