68 2
104.273895 57.684162 
104.522682 75.263252 
105.907974 92.814781 
110.027039 108.640755 
116.704643 124.118286 
124.494545 138.853851 
134.697479 152.349792 
146.968155 162.863342 
161.935577 167.110260 
178.153427 164.180847 
192.892929 155.225113 
206.417297 143.538574 
218.106628 130.056534 
228.249405 114.455269 
233.496399 97.514297 
236.638290 79.733055 
238.604111 61.127773 
114.063690 43.919590 
122.479645 36.777187 
134.080292 35.454754 
146.047180 37.171928 
156.371048 42.143898 
177.758240 40.199623 
189.998825 36.548981 
202.444809 35.789204 
214.660690 38.242748 
222.274307 45.592972 
166.083160 56.813408 
164.746307 70.217545 
163.504089 83.346573 
162.150543 96.398598 
149.194717 95.787086 
155.151672 99.978172 
162.557159 103.005547 
170.828751 100.427322 
178.088501 97.005524 
127.005859 58.891785 
134.025986 56.222301 
141.650558 56.574059 
149.004013 59.258030 
141.300751 61.002422 
133.983566 61.121155 
185.283249 59.437187 
192.985809 56.866951 
200.543930 57.536621 
207.020065 60.140610 
200.186829 61.945808 
192.810013 61.565491 
142.585052 116.282265 
147.567841 112.106827 
155.134949 109.548920 
162.981567 109.585518 
172.630814 109.794670 
181.012100 112.636276 
188.089722 118.073120 
180.518967 131.454559 
172.116928 138.911957 
162.320953 140.631546 
153.727203 138.685806 
146.628113 130.811829 
146.943924 116.404625 
155.223953 113.050766 
163.102081 112.681511 
172.721024 113.287949 
183.312622 118.082939 
172.775635 130.284363 
162.791290 132.260437 
154.273254 129.829681 
