68 2
185.962128 95.039719 
186.121536 109.763512 
187.687820 124.131157 
190.793579 137.780655 
195.179886 150.384659 
201.499649 161.984665 
210.634018 172.078339 
221.741852 179.290588 
235.760559 181.414780 
250.308350 179.458221 
262.618866 172.788193 
273.071655 163.542252 
280.605499 152.415222 
285.595581 140.170868 
288.863647 126.989174 
291.109741 113.320221 
292.550842 99.502525 
193.459473 81.938553 
200.014374 75.683121 
209.315613 74.003082 
218.735809 75.910263 
226.787460 79.934189 
248.843079 80.363197 
257.878937 77.951241 
266.810181 77.449974 
275.527374 79.403336 
281.298798 85.297989 
237.487732 91.991028 
237.057648 98.483101 
236.784454 104.912628 
236.646378 111.740387 
226.403442 121.972206 
231.052979 123.565643 
235.703156 124.732056 
241.245575 123.953705 
246.291428 122.580933 
204.022385 92.605377 
210.334473 88.946075 
217.710342 89.306488 
223.767258 94.143486 
216.996887 95.576088 
209.686447 95.361710 
251.248291 95.181976 
258.322388 91.043289 
265.419983 91.330864 
270.637665 94.935837 
265.414001 97.614426 
258.248199 97.209480 
216.732040 144.889374 
223.598755 138.690048 
230.185272 135.659485 
234.672470 136.996002 
240.230957 135.776459 
247.399933 139.409485 
253.775528 145.295868 
247.408615 150.542343 
240.493790 152.661346 
234.576340 153.243515 
229.341721 152.908630 
222.842072 150.766785 
219.802490 144.900620 
229.589188 140.756241 
234.647629 140.703293 
240.809875 140.630341 
251.070145 145.141785 
241.076172 145.392639 
234.942322 146.109314 
229.768967 145.641891 
