68 2
156.279617 90.257217 
158.122253 100.931641 
160.381790 110.993507 
162.955200 120.959610 
167.008850 130.129089 
173.680237 137.673676 
182.266174 143.059540 
191.935684 147.075439 
203.011902 148.159607 
213.902359 145.994324 
223.408646 140.393051 
230.569824 133.643372 
235.061798 124.675102 
237.328506 114.822701 
238.576935 104.949715 
239.529999 94.988983 
240.206955 84.611366 
161.973267 67.393280 
165.748215 60.889362 
172.791992 57.392265 
180.430618 57.131348 
187.304276 59.587410 
209.023315 59.064987 
216.499146 56.855473 
224.027405 56.892292 
230.988205 60.299934 
235.280579 66.544884 
199.181686 70.836685 
199.492355 75.806946 
199.712860 80.682144 
199.960266 85.841423 
192.780014 95.747330 
196.440125 96.028694 
200.249512 96.108871 
203.763428 95.932617 
207.177734 95.703384 
170.256454 76.217224 
174.397324 72.234787 
180.355698 71.990143 
185.573273 75.748474 
180.510605 77.234337 
174.808411 77.634048 
212.543640 75.008499 
217.924988 71.341637 
223.587433 71.678963 
227.820862 75.579727 
223.487885 76.973160 
217.935898 76.546906 
184.992371 117.968155 
189.226715 110.171776 
195.493713 105.704575 
200.860840 105.697632 
206.171600 105.373009 
212.032043 109.981209 
216.021301 117.567383 
211.933838 123.540741 
206.340881 126.147064 
200.970978 127.190620 
195.412415 126.813301 
189.299911 124.120903 
187.986740 117.383095 
195.846710 111.596436 
201.177002 110.699432 
206.501724 111.251122 
213.212402 117.267006 
206.125992 119.556358 
200.671951 120.420792 
195.268585 120.063179 
