68 2
106.112885 117.238144 
106.347603 137.343201 
108.560097 157.334167 
113.724937 176.833176 
122.064957 195.466690 
132.115112 212.108719 
145.186462 227.123322 
160.125626 238.818146 
177.936554 242.226105 
194.750107 239.405594 
207.743011 227.977219 
218.057846 212.793900 
225.324478 195.755081 
230.746094 177.983353 
234.587509 160.318298 
238.116211 141.934631 
239.487305 123.740601 
122.515778 99.512291 
131.096832 92.267632 
142.817810 90.786087 
154.908997 92.847267 
165.255676 98.384377 
197.128159 100.699310 
207.999695 96.091675 
219.261826 95.541298 
229.585556 99.414352 
235.187073 107.416779 
180.775925 117.529434 
180.328842 130.974304 
179.738647 144.279160 
179.242966 157.696732 
165.608704 163.727463 
171.988449 167.063660 
178.838654 169.368454 
185.476212 167.803711 
191.313904 165.070297 
137.323166 115.989906 
144.831299 111.249542 
154.377991 112.125832 
161.711929 118.749825 
153.454971 120.710045 
144.102966 120.404175 
197.186737 121.443710 
205.822418 115.881561 
215.021744 116.348740 
221.271759 121.847359 
214.968018 125.306953 
205.951248 124.510902 
155.467377 192.236496 
163.513199 187.543396 
170.988434 185.640396 
177.887222 187.853409 
185.379074 186.619064 
192.981873 189.551605 
198.564392 194.185898 
193.275406 201.657425 
185.601273 205.790421 
177.763000 206.682327 
170.154053 205.083710 
162.880478 200.680374 
159.416870 192.516098 
170.223175 190.504684 
177.890045 191.842590 
185.860382 191.326614 
195.200729 193.910751 
185.963089 195.904282 
177.873734 197.354279 
169.985184 195.200256 
