68 2
132.404831 121.112457 
134.168274 132.921097 
137.056000 144.772049 
140.096130 156.139877 
144.925766 166.696396 
152.053360 175.688263 
160.883026 183.790939 
170.963501 189.804504 
181.967514 191.529846 
192.571960 188.585831 
201.745789 181.402115 
209.278091 173.101303 
215.152756 163.812546 
218.424698 153.136322 
220.483536 142.480362 
222.059738 131.306183 
223.040176 119.813148 
139.763687 111.836182 
146.941635 106.764076 
155.853043 105.550598 
164.820496 107.192696 
172.750565 111.338516 
189.211639 110.877472 
196.225327 107.474052 
203.581467 105.919518 
210.906311 107.355843 
216.034241 111.508751 
181.600327 121.514442 
181.832397 129.278900 
182.003250 136.740784 
182.179062 144.400467 
172.579025 148.821045 
176.919479 149.720764 
181.084305 150.593323 
185.266083 150.230972 
189.098007 149.657043 
151.571442 120.565201 
156.772552 117.645859 
163.045959 118.175606 
167.736420 122.807320 
162.682312 123.852905 
156.495529 123.611168 
191.500549 123.506752 
195.940277 118.807533 
202.028000 118.738312 
206.490875 122.074341 
202.646072 124.482948 
196.939209 124.674088 
166.726624 165.077438 
171.467529 161.032974 
176.164337 158.488739 
179.931473 159.257843 
183.974945 158.740219 
188.895691 161.912247 
193.424393 165.501328 
189.375183 172.363876 
184.968567 175.482361 
180.508621 176.344513 
175.852875 175.444382 
171.298157 171.506500 
169.764740 165.018906 
176.232086 163.110580 
180.141464 163.235062 
184.100861 163.445450 
190.580750 165.557587 
184.419006 168.014297 
180.248428 169.200851 
176.041748 168.215302 
