68 2
146.645493 89.948723 
148.498428 107.582840 
151.637085 124.513130 
155.405579 140.878357 
160.757111 156.608093 
169.129639 170.927521 
179.841446 183.001297 
192.704239 192.525330 
208.977402 194.585678 
224.553162 191.489151 
237.331543 181.610703 
248.563690 169.765030 
256.487579 155.358994 
261.891785 139.761215 
265.559631 123.123482 
268.360748 106.049149 
269.221680 88.225121 
154.823547 85.140800 
161.884277 74.361603 
174.755798 70.463936 
188.238998 72.357140 
200.616760 77.063141 
223.216400 74.623680 
234.878098 70.290894 
246.526672 69.013687 
257.342590 73.482758 
262.959381 83.709587 
210.877640 89.109100 
210.667465 99.905716 
210.516632 110.845345 
210.500244 121.970650 
196.984268 128.750000 
203.399429 131.152161 
210.119812 133.134674 
217.073212 131.063141 
223.314102 128.987442 
169.748917 92.619942 
176.810730 88.656013 
185.532074 88.250694 
192.938126 92.748985 
185.438156 95.465454 
176.594818 96.133034 
226.940033 91.970589 
235.390976 87.495346 
243.516357 87.817108 
249.428528 91.657066 
243.734070 95.037376 
235.447205 94.764427 
187.243134 154.489197 
197.073425 151.245361 
204.586700 148.929245 
209.789352 150.534943 
215.905212 149.142426 
223.592957 151.949280 
231.240692 154.608475 
223.483521 160.179626 
216.008972 161.391296 
209.384720 161.841980 
203.708786 161.252380 
196.392975 159.349716 
191.286743 154.952118 
204.511398 153.766129 
209.777847 154.360382 
215.943970 153.922485 
227.981384 154.950394 
215.873230 153.780838 
209.523132 154.536072 
204.456558 153.583221 
