68 2
154.845596 98.960342 
157.109863 111.283440 
160.432083 123.538048 
164.475891 135.661697 
169.653503 146.380569 
177.931290 154.639465 
189.612854 159.390030 
202.674210 161.182053 
216.260437 159.715927 
228.830399 156.416077 
241.083817 151.619568 
251.620575 145.059265 
258.561401 135.838669 
262.331421 124.455826 
263.845917 112.432968 
264.133789 99.583656 
263.706604 86.680000 
160.452621 77.685677 
167.211304 71.791405 
176.006531 68.899788 
185.811661 68.097885 
194.899353 70.217476 
212.586990 67.565224 
221.662735 64.066322 
231.228973 62.969135 
240.528976 64.367752 
248.410187 68.616264 
204.471375 78.871979 
204.641647 83.979599 
204.739990 89.007004 
204.914795 94.496849 
198.656570 108.931114 
203.057571 109.055862 
207.283997 108.789200 
211.847733 107.793732 
216.348175 106.594864 
172.154587 88.529961 
177.912735 84.369873 
184.977936 82.976654 
191.791428 85.731171 
185.879089 88.548912 
178.692184 89.981613 
220.381744 82.536964 
226.852234 78.381500 
233.836151 78.210579 
239.839844 81.105484 
234.739090 83.915833 
227.508743 84.101822 
192.466736 131.825180 
198.843155 125.319893 
204.661682 120.842125 
208.817169 121.259087 
212.649582 119.905113 
220.329605 123.044350 
229.388641 127.705620 
221.269394 129.437683 
214.243149 129.564514 
210.352768 129.806610 
206.291840 130.451797 
200.099716 131.423462 
195.964676 130.271439 
205.402969 125.723808 
209.435608 124.807045 
213.389816 124.665192 
225.450638 126.959351 
213.450531 124.786659 
209.473938 125.017891 
205.584595 125.761055 
