68 2
160.486099 82.839348 
161.251892 93.561668 
163.090103 104.419243 
166.348145 114.944061 
170.624786 125.072372 
176.463135 134.402496 
184.593277 142.054230 
194.245148 147.370972 
205.629272 148.492050 
216.728577 146.564438 
226.111023 140.956604 
233.966476 133.529617 
240.034943 124.348389 
243.595886 113.974190 
245.199875 102.738220 
246.143478 91.466446 
246.330078 80.110687 
166.259308 69.554642 
171.382477 65.524887 
178.453201 64.747772 
185.384125 66.124664 
191.537704 69.091751 
211.155380 67.348213 
218.029572 64.933853 
224.811172 63.579208 
231.559784 64.433273 
236.482254 68.130035 
202.126450 77.069427 
202.320557 83.251122 
202.586273 89.411591 
202.832092 95.848251 
194.997269 102.965668 
198.910583 104.102501 
202.979630 104.823265 
207.192459 103.979553 
211.100967 102.831505 
174.775925 79.350426 
179.283691 76.539185 
184.929855 76.347977 
190.179504 78.923882 
184.981445 80.864265 
179.403320 81.395966 
213.719833 78.345726 
219.049011 75.365616 
224.509918 75.668251 
228.912979 78.196930 
224.758865 80.367599 
219.170532 80.156738 
188.839264 120.185249 
194.078308 116.427002 
198.760651 114.189156 
202.799789 115.166275 
207.557404 114.046646 
213.371994 116.304916 
218.985413 119.394127 
213.574280 122.883858 
208.135345 124.325844 
203.299744 124.884644 
198.956848 124.544281 
194.279221 123.065674 
191.380875 120.205460 
198.766510 118.767281 
203.024734 118.785507 
207.959641 118.461761 
216.438889 119.479179 
207.994522 118.210487 
203.195175 118.856529 
199.025101 118.503120 
