68 2
101.127434 71.710266 
101.482719 86.255157 
103.296127 101.834305 
106.670258 117.033722 
112.799164 131.653152 
120.717613 144.617065 
130.253632 156.146484 
141.231476 165.178162 
155.841980 166.756073 
169.669327 163.751450 
180.064377 154.614761 
188.394608 142.407333 
195.207550 128.811600 
200.328094 114.134712 
203.202438 99.538147 
204.801544 84.706512 
205.401230 69.725143 
105.838173 60.456379 
113.482407 55.267906 
123.249420 54.504288 
133.170593 56.717960 
142.442520 60.404541 
164.143570 60.038376 
172.977997 55.552490 
182.383133 53.114910 
191.839554 53.995041 
198.451462 59.827881 
153.307053 69.030525 
153.627029 80.942154 
154.103760 92.853485 
154.447495 104.868027 
141.600906 107.000557 
147.200089 110.580109 
153.728058 113.182487 
160.530106 110.189583 
166.285461 106.571564 
117.237335 69.292397 
123.306602 65.723579 
131.123642 66.089119 
137.775208 70.538170 
130.826111 72.914444 
123.070663 73.138046 
167.809830 70.580513 
174.826736 66.085579 
182.144836 66.195808 
187.293167 69.474220 
182.585876 72.935760 
175.269241 72.994453 
133.094681 128.472717 
142.161697 126.811615 
149.547424 125.810791 
154.596710 126.920029 
160.516052 125.589081 
167.429504 126.233246 
175.087051 127.285957 
167.823029 132.252823 
160.871719 134.386749 
154.534500 134.952972 
148.938675 134.472183 
141.754059 132.952393 
136.664673 128.791077 
149.287888 128.777557 
154.668945 129.641693 
160.544693 128.707336 
171.669327 127.870064 
160.762634 127.794815 
154.600311 128.597610 
149.229553 128.109207 
