68 2
128.205597 32.270504 
129.239441 43.620182 
131.063126 54.966740 
133.074402 65.863319 
136.386017 76.453133 
141.970627 86.255562 
150.183990 94.720619 
159.423401 101.449142 
170.283234 103.096230 
180.581940 100.554008 
189.400208 93.908417 
197.439011 86.009102 
204.259338 76.803673 
208.584412 66.815765 
211.066284 55.881287 
212.949738 44.779263 
214.276993 33.446823 
134.108551 21.744993 
139.781555 16.714809 
147.848145 16.133371 
155.604767 18.351183 
162.933182 21.237404 
178.131561 21.404837 
185.631393 17.825928 
193.479187 15.084303 
201.655014 15.622242 
207.654129 19.936890 
170.807190 29.075169 
170.767639 36.450924 
170.768311 43.848118 
170.828308 51.381763 
162.046860 55.852676 
166.069855 57.212437 
170.341187 58.194206 
175.089508 57.113029 
179.192322 55.539322 
143.210999 30.296513 
147.955627 27.649197 
153.819534 27.423605 
158.550735 30.409742 
153.697006 32.178932 
148.066299 32.530083 
182.952698 30.006317 
188.436554 27.071581 
193.983887 27.080164 
198.297043 29.495382 
194.170517 31.761421 
188.628189 31.628502 
154.343292 72.382370 
160.103241 69.460754 
165.573486 67.533379 
169.846619 68.506935 
174.938293 67.635193 
180.746033 69.437584 
186.387894 71.825241 
181.106552 78.299393 
175.384064 82.288849 
170.084564 83.347137 
165.164383 82.518036 
159.891174 79.265732 
157.284805 72.605820 
165.525711 70.681923 
169.849106 71.055130 
175.155762 70.510765 
183.452957 72.207794 
175.571762 75.609856 
170.216385 76.728722 
165.591278 75.912903 
