68 2
147.860214 115.141830 
149.330902 126.720245 
151.718521 137.772430 
154.510742 148.838425 
158.686356 159.056412 
165.110489 168.011902 
173.215668 175.740417 
182.410690 181.740509 
192.664307 183.521149 
202.922791 180.907883 
211.593567 174.330185 
219.201920 166.871521 
224.971848 158.149719 
228.442078 148.074921 
230.715683 138.122299 
232.568741 127.501617 
233.753876 116.330429 
154.381912 106.421806 
161.285950 102.910820 
169.217529 102.321495 
176.924362 104.082985 
184.135315 107.220398 
201.376495 107.566750 
208.056564 104.904152 
215.090866 103.682602 
221.908127 104.835396 
226.903397 108.346596 
193.593384 117.286514 
193.653976 124.477570 
193.673218 131.473175 
193.715179 138.522247 
185.176117 143.032227 
188.970398 143.918655 
192.729675 144.890701 
196.617493 144.640533 
200.200134 144.209991 
165.382492 114.846954 
170.166397 112.081436 
176.101746 112.575027 
180.642487 117.247231 
175.723419 118.201904 
169.898727 117.917206 
203.694046 118.425903 
207.762711 113.977837 
213.551697 114.121109 
217.973373 117.371407 
214.170746 119.702797 
208.753754 119.768486 
178.835373 158.240509 
183.238007 154.566177 
187.752060 152.393417 
191.464981 153.260742 
195.453659 152.847336 
200.076767 155.532013 
204.579697 159.054291 
200.399994 164.632523 
196.018677 167.169861 
191.859787 167.860214 
187.623596 166.937668 
183.123871 163.755341 
181.716751 158.334381 
187.765381 156.551086 
191.613983 156.795197 
195.664734 156.995346 
201.960938 159.120056 
195.901382 160.426865 
191.718750 161.420044 
187.697021 160.414886 
