68 2
142.012726 110.691475 
142.867065 127.156616 
145.114807 142.934280 
146.657410 159.125366 
149.910660 174.916595 
157.052917 188.973785 
168.197647 200.541046 
182.385178 210.408401 
199.856262 213.585632 
216.240585 211.924377 
230.059509 203.475159 
241.024139 191.781311 
248.651917 177.409866 
252.699463 160.790833 
255.077255 144.792984 
257.829193 128.432678 
259.292603 112.466660 
147.778152 100.158394 
154.533905 89.498779 
166.926086 84.369408 
180.418274 85.470261 
192.735199 90.252853 
208.915359 90.649826 
221.556870 86.390106 
234.856094 85.765663 
247.025711 91.154068 
254.127625 101.643059 
201.525696 104.185455 
201.211746 114.368492 
200.813690 124.469322 
200.407867 135.062683 
188.890411 143.791183 
194.516495 145.874054 
200.099106 147.607788 
206.426849 146.273102 
212.129089 144.797638 
161.948593 106.871613 
168.784576 101.468224 
178.219589 101.842209 
185.255646 108.845490 
177.570328 111.372353 
168.275574 111.239067 
217.406555 109.320709 
225.314514 102.570473 
234.376083 102.752403 
240.764297 108.438263 
235.060822 112.304710 
226.170639 112.101616 
176.885437 171.474762 
185.912781 166.811218 
193.956741 163.868088 
199.280350 165.888397 
205.291519 164.191086 
214.168671 168.104080 
223.358948 173.606384 
214.596359 178.263779 
206.366150 178.982346 
199.772034 179.276871 
193.658051 178.841553 
185.633682 177.290359 
180.297989 171.894379 
193.670349 170.904037 
199.567581 171.458237 
205.936035 171.059494 
219.695145 173.404694 
205.977783 170.720856 
199.485168 171.133606 
193.608322 170.485458 
