68 2
126.052055 110.569771 
126.220757 134.097122 
128.328751 156.550583 
130.891312 178.161911 
136.405075 198.984482 
144.638062 218.663559 
156.235779 235.534042 
170.396881 249.628448 
190.635406 254.596741 
211.537415 252.969482 
229.626144 241.235733 
246.036240 227.683517 
259.720306 210.518127 
270.255951 191.222824 
276.975067 170.355728 
282.861877 148.669067 
287.547241 125.929634 
130.816208 94.974480 
141.419495 83.270447 
157.747650 82.269135 
173.500412 87.896339 
188.059464 95.692101 
220.860764 98.888084 
237.595428 94.653603 
253.473145 91.471405 
269.481232 94.015060 
279.536377 105.257378 
202.793762 113.791679 
201.183731 127.649117 
199.542068 141.372894 
197.841141 155.928802 
180.522186 165.039612 
188.174850 169.403580 
196.108124 173.151215 
205.966339 170.975830 
214.739441 168.190918 
146.462814 111.641220 
155.918777 106.160675 
168.317764 106.936806 
178.272614 114.815010 
167.485352 117.672394 
155.206863 117.750648 
227.676926 118.607948 
239.398743 112.823639 
251.478409 114.218170 
260.058868 120.513443 
251.109924 124.587646 
239.100662 123.051109 
164.993774 199.955658 
176.524689 195.309052 
186.919159 192.867477 
193.810455 196.342285 
203.037979 194.449280 
213.879700 198.385315 
224.896423 204.472412 
213.252609 214.226288 
202.210266 217.823792 
192.325256 217.965729 
184.439514 216.466064 
174.665222 212.167404 
169.954025 201.093689 
186.206055 200.979431 
193.656189 202.841370 
203.303650 202.331085 
220.189499 205.050720 
203.077209 204.552307 
193.435303 205.229523 
186.007629 203.346588 
