68 2
186.171448 98.553673 
186.376755 112.968887 
188.089966 127.230385 
191.198517 140.965714 
195.499481 153.866211 
202.070892 165.620361 
211.252670 175.408844 
222.037796 182.721909 
235.873611 184.733780 
250.074326 182.809280 
262.363983 175.896027 
273.130005 166.647095 
280.662201 155.545837 
285.682800 142.881668 
288.619141 129.550323 
290.663330 116.155678 
292.126587 102.440590 
193.156418 85.045547 
199.422638 79.271942 
208.317520 77.350105 
217.345306 78.807823 
225.457184 82.390045 
247.495575 82.748428 
256.531097 80.234024 
265.446930 79.614235 
274.073273 81.562202 
280.040131 87.466644 
235.970047 94.498314 
235.753738 100.865028 
235.630798 107.148003 
235.486511 114.048256 
225.919357 124.515099 
230.338623 125.953773 
234.777527 126.991997 
240.256287 126.077354 
245.235291 124.495987 
203.160797 95.857948 
208.860413 91.994537 
215.915726 92.176979 
221.966400 96.447807 
215.480545 98.096756 
208.516907 98.252037 
250.601288 97.034409 
257.659088 93.298470 
264.513184 93.741364 
269.641602 97.612946 
264.395996 99.723732 
257.438202 99.033745 
216.416718 147.216843 
223.373169 140.921097 
229.877991 137.835785 
234.193542 139.121948 
239.479248 137.869064 
247.014404 141.382782 
253.788391 147.173218 
247.006134 151.769531 
239.733459 153.511169 
234.155624 154.060318 
229.339539 153.611160 
223.104996 152.140030 
220.066711 147.147263 
229.550156 142.897476 
234.113708 142.821503 
239.893936 142.730164 
250.710098 147.049988 
240.209686 146.575439 
234.516953 147.210190 
229.896408 146.682983 
