68 2
145.163147 72.586800 
145.894089 86.218048 
147.976852 100.234612 
151.052078 113.841293 
156.591125 126.585533 
163.852844 138.203217 
172.428619 148.486694 
183.694305 155.715775 
197.321167 156.508240 
210.405243 153.674530 
220.751892 145.083374 
229.268127 134.365799 
235.686737 121.628189 
240.460999 107.772408 
242.463791 93.535851 
242.932236 78.933113 
242.901672 65.279068 
151.314529 57.115498 
157.138397 51.053200 
166.080338 49.057419 
175.648438 50.238510 
184.271255 54.130127 
204.292999 54.224392 
212.030930 48.812180 
220.962692 46.143417 
229.800705 47.935055 
235.407654 54.679695 
194.370422 63.113899 
194.947891 73.392982 
195.596741 83.764679 
196.166000 94.225746 
183.577042 97.542824 
189.440369 100.622589 
196.105164 102.797523 
202.650223 99.837204 
208.157150 96.673256 
162.002548 65.483994 
166.943390 62.242691 
173.615540 62.365059 
179.035828 65.966652 
173.225861 67.794525 
166.660889 67.998856 
208.808701 65.431534 
214.967056 61.366890 
221.201065 61.191696 
225.863739 64.164703 
221.705750 66.961861 
215.420776 67.022369 
175.030441 119.072472 
184.319214 116.326080 
192.037735 115.280190 
197.343307 116.595665 
203.065125 114.963554 
210.505600 114.926598 
218.156876 116.364311 
210.762390 120.759171 
203.403595 122.856689 
197.074677 123.355293 
191.414093 123.230194 
183.800827 122.422958 
178.820190 118.689209 
191.750076 118.459175 
197.286972 119.366158 
202.850418 118.121979 
214.409302 116.281578 
202.717346 116.743866 
196.790115 117.460358 
191.367981 117.399864 
