68 2
107.442497 119.954346 
108.687843 133.764877 
110.668953 146.870743 
112.752228 160.139130 
117.034439 172.577286 
124.188515 183.920212 
134.026016 193.585892 
144.295471 201.821640 
155.839493 203.873047 
167.043381 201.699997 
176.622757 194.652664 
184.918228 185.388565 
191.305115 174.795486 
195.665634 162.642853 
198.353043 150.172440 
201.103531 137.539368 
202.970871 124.711494 
116.841484 113.602386 
123.622330 108.546661 
132.622559 108.136192 
141.423630 110.343803 
149.526794 113.609467 
167.608887 114.335236 
176.076721 111.492950 
184.582581 110.469429 
192.701736 112.131691 
198.097366 117.703682 
159.115631 123.433578 
159.223785 131.604004 
159.372025 139.690384 
159.510895 148.121399 
148.073532 152.752686 
153.141190 154.705276 
158.238388 156.319458 
163.237823 154.938538 
167.655197 153.080704 
126.206512 123.525551 
131.518967 120.992104 
138.074951 121.216362 
143.839203 124.926620 
138.007507 126.431259 
131.397614 126.420441 
171.200623 125.896187 
177.128006 122.758774 
183.159042 123.247452 
187.929443 125.834946 
183.398926 128.138000 
177.320313 127.866371 
135.910400 167.945251 
144.082214 166.378220 
151.746765 165.352249 
156.576233 166.864197 
162.226013 165.977631 
168.683563 167.483963 
173.993820 169.395477 
168.171936 176.664902 
161.531586 179.840515 
155.584152 180.305511 
150.126755 179.623108 
142.760529 176.496613 
138.811584 168.669128 
151.322220 168.667450 
156.299103 169.483704 
162.256912 169.003464 
171.274460 169.974442 
161.827042 174.136566 
155.806351 174.848465 
150.648544 173.986893 
