68 2
118.889488 73.840904 
118.622330 93.610352 
121.129066 113.719986 
124.239227 132.937546 
129.703232 151.830429 
137.279541 169.159515 
149.856247 183.433929 
164.518616 194.392029 
184.128464 197.985764 
204.102722 195.876144 
222.220581 187.849258 
239.474335 177.186249 
253.740585 162.908813 
263.510376 143.770859 
268.776733 124.209473 
272.860321 103.414795 
275.941681 81.828949 
120.460747 46.446171 
129.234177 34.746292 
144.231842 31.971558 
159.344498 35.645302 
173.587051 42.451233 
201.789078 43.400368 
218.759186 37.542706 
235.916336 34.982891 
252.789490 39.102470 
263.725891 50.925667 
186.145615 58.832840 
184.209045 69.797562 
182.209549 80.867012 
180.119659 92.566536 
167.207916 105.829361 
173.917374 108.908569 
181.345383 111.335541 
190.376770 109.500191 
198.835175 106.981987 
135.585022 63.559502 
143.895096 56.668560 
155.861252 56.599747 
165.768448 63.750698 
155.613663 67.035431 
143.917999 67.691650 
212.796448 64.112129 
223.693588 58.038372 
235.556747 59.222466 
244.057892 65.787079 
235.555450 69.381256 
223.858948 68.279144 
156.012558 144.991241 
165.168274 136.506165 
174.263275 132.105209 
181.078262 134.570175 
190.133911 132.479599 
202.193878 137.330292 
214.828308 146.919952 
203.255722 154.148102 
191.324844 156.797043 
181.691437 157.281998 
173.818085 156.506210 
164.939713 153.578903 
161.638199 145.127914 
174.400742 140.657944 
181.545929 141.639481 
191.083069 140.724838 
209.492142 146.758118 
191.430450 143.839493 
181.995514 144.285324 
174.826447 143.314713 
