68 2
151.569901 87.268242 
153.433548 98.080193 
155.975830 108.727806 
158.562668 119.282455 
162.669540 128.775909 
169.637878 136.775055 
178.833801 142.420837 
189.099716 146.745209 
200.600311 147.313126 
211.016800 144.843613 
219.717560 138.732986 
226.837463 131.690369 
231.309052 122.943985 
233.411835 113.091545 
234.572433 102.761162 
235.678528 92.453369 
236.326797 81.915688 
158.294739 73.617592 
162.101791 66.169563 
169.837509 62.532619 
178.242981 62.957417 
185.900269 65.613113 
205.595871 65.286919 
212.873428 62.241619 
220.267288 61.725185 
227.142807 64.441849 
231.224548 70.018211 
197.128296 75.831017 
197.748367 81.547150 
198.405289 87.185745 
199.040466 93.300262 
190.340759 102.528908 
194.740051 103.315895 
199.168228 103.834145 
203.023956 102.865013 
206.568390 102.037407 
167.035217 80.131561 
172.092133 76.057114 
178.784729 75.841675 
184.561188 79.720490 
178.859497 81.740669 
172.274948 82.302025 
208.111420 79.002068 
213.933716 74.840935 
220.169678 74.956902 
224.691467 78.488167 
220.492203 80.690262 
214.284286 80.504341 
182.205719 120.459526 
189.288956 116.311615 
195.789719 114.074219 
199.705795 115.081001 
203.650513 113.764008 
209.173538 115.772079 
214.834595 118.992104 
209.500061 124.319649 
204.256729 126.628311 
199.909882 127.823189 
195.619034 127.639580 
189.076874 126.183929 
184.728210 120.367393 
195.805298 118.104683 
199.781311 118.232574 
203.850723 117.442368 
212.197693 119.179184 
203.894257 121.615814 
199.735870 122.603271 
195.595627 122.321442 
