68 2
103.442482 91.184219 
104.012596 106.772728 
106.575317 122.161919 
110.271873 137.541550 
115.537003 151.697098 
123.680313 164.045776 
133.510254 175.575027 
145.593323 183.922791 
158.848907 185.909485 
170.884064 182.716278 
180.975845 173.957275 
190.106873 163.717804 
197.423492 151.505890 
202.427414 138.448257 
206.374695 125.173721 
209.742645 111.229218 
211.687332 97.055954 
115.956139 80.229851 
124.685562 73.545746 
135.900360 71.265060 
147.349564 72.809273 
157.071228 78.244171 
171.957962 78.778099 
182.334717 75.480309 
192.618835 75.307495 
202.027298 78.811951 
207.234375 86.360603 
163.321182 91.771164 
162.935638 102.592010 
162.650269 113.153236 
162.436584 124.012627 
151.691483 129.641418 
156.227615 131.599182 
161.092880 133.355865 
165.716995 132.304733 
169.857101 130.895081 
126.677193 90.412399 
133.441483 86.556229 
141.589874 87.493393 
147.459900 93.815567 
140.501160 94.873756 
132.640121 94.215836 
176.274368 94.880875 
183.016159 89.577400 
190.685379 89.818985 
196.026306 94.326263 
190.832047 97.087921 
183.544922 96.915939 
143.086029 153.096558 
150.236038 147.779663 
156.716202 144.213684 
160.309158 145.535431 
164.144318 144.919571 
169.601578 149.376801 
174.356613 154.316040 
168.942551 161.948486 
163.775131 165.426208 
159.394958 166.236526 
154.904816 165.231934 
149.394958 161.161942 
147.203674 153.154480 
156.488083 149.775574 
160.052551 150.377518 
163.611877 150.496262 
170.721527 154.168304 
163.473862 156.011627 
159.637512 157.034958 
155.830826 155.746277 
