68 2
173.403030 114.557915 
173.291306 126.747589 
173.925568 139.429504 
174.492264 151.942108 
176.253143 164.156754 
180.978241 175.321350 
187.899841 184.794952 
196.660095 191.747177 
208.341187 194.607376 
221.152069 193.764755 
233.280487 188.675171 
244.415344 182.175293 
252.882889 173.413910 
258.513153 162.646500 
262.500763 151.066254 
265.531097 138.653793 
268.357483 126.184952 
174.513474 106.349854 
179.353455 100.289871 
187.321106 98.763275 
195.345581 100.997589 
202.497879 105.227081 
222.137650 107.705719 
231.439880 105.413963 
240.836212 105.805168 
249.492493 109.849831 
255.495117 116.592491 
210.868118 118.216934 
209.442429 126.045166 
208.074799 133.716171 
206.726669 141.823715 
198.036346 147.635925 
202.328552 149.659470 
206.987854 151.301163 
212.430252 150.697693 
217.659073 150.309891 
182.019714 115.901581 
187.229874 113.173294 
193.982391 114.394547 
199.609940 119.246460 
193.071243 119.994492 
186.146576 119.364418 
224.445984 122.269989 
231.325623 118.757294 
238.418396 120.201645 
244.065353 124.087646 
238.133789 125.732071 
230.964630 124.766930 
190.486923 163.418900 
197.429993 161.629837 
203.250366 160.801697 
207.260712 162.867996 
212.750397 161.889252 
219.989594 164.270645 
227.806427 167.289795 
219.668457 172.171738 
212.389923 173.460159 
206.804718 173.432190 
202.227097 172.560455 
196.412125 169.844299 
192.960907 164.217422 
202.743179 165.581894 
207.039459 166.679932 
212.673767 166.569473 
224.889008 167.534973 
212.582367 167.238403 
207.128845 167.067398 
202.762848 166.180222 
