68 2
126.940216 112.093735 
127.976372 130.596054 
130.458542 149.064468 
132.074966 167.015228 
136.177017 184.511307 
144.291580 200.220764 
155.218979 214.140594 
169.052719 226.003601 
187.227020 229.316589 
204.958847 226.961426 
220.083755 217.196594 
231.893173 203.695465 
240.424911 187.727432 
245.616531 170.396774 
248.717941 152.176514 
251.574982 133.237671 
253.320343 114.172691 
130.470596 110.151527 
137.096283 98.381721 
149.877701 93.995163 
163.843842 95.841911 
176.600296 101.045692 
194.306793 101.628929 
208.272888 97.634209 
222.265076 96.326012 
235.765930 101.038139 
243.708176 110.956909 
186.199371 117.053604 
185.538147 130.013931 
184.819931 143.109589 
184.063721 156.488693 
171.926025 162.111420 
178.118347 165.125961 
184.652298 167.489304 
191.788147 165.621353 
198.127518 163.745865 
144.567169 117.458702 
152.036469 111.750465 
162.316925 112.620972 
169.742462 120.805038 
161.053955 123.281090 
151.015198 122.704742 
203.375946 121.232216 
212.359726 113.213043 
222.571503 113.380714 
230.119522 119.053917 
223.269928 124.105995 
213.206787 124.057129 
160.829926 187.699463 
169.807053 185.924179 
177.962784 184.392593 
183.341934 186.445908 
189.602890 184.907562 
199.230179 187.780167 
209.957123 190.793045 
199.729813 197.303268 
190.694260 199.466217 
183.999222 199.770126 
177.339783 198.953827 
169.334656 195.592667 
164.100204 188.507904 
177.544891 190.873352 
183.653427 191.874969 
189.710938 191.358902 
205.637726 191.275803 
189.930298 190.534485 
183.813431 191.284393 
177.527039 190.214050 
