68 2
122.923744 51.241501 
123.829803 72.720581 
127.041344 94.846176 
131.219345 115.767944 
137.093063 136.523010 
145.553970 156.497375 
157.271332 173.457687 
172.227600 187.155548 
193.702225 191.237656 
215.867004 188.324783 
235.755722 177.111664 
253.862030 162.561111 
269.101685 145.234863 
280.422363 124.939056 
286.453796 102.689705 
289.565521 79.136871 
291.622437 54.809162 
121.007988 34.597366 
128.914413 20.037102 
145.209763 15.953569 
161.912979 20.089964 
177.851563 27.286167 
207.048401 26.924736 
225.254150 20.278435 
243.426727 16.484884 
261.725464 19.995054 
273.903809 32.541695 
192.004318 43.230858 
190.407654 55.773026 
188.660797 68.079727 
187.013519 81.269684 
172.640152 96.637863 
180.382843 99.855331 
188.772522 102.388741 
198.825806 99.676117 
208.461853 97.079353 
138.728271 48.460449 
147.399353 42.183220 
159.729034 42.074162 
170.179016 49.018391 
159.553192 52.482651 
147.405975 53.214962 
221.693558 48.607937 
232.738831 41.954384 
245.133865 42.798176 
254.951004 48.612904 
245.572327 52.913994 
233.151611 52.256168 
162.401459 135.626846 
172.749451 129.553650 
182.653793 125.788780 
189.711182 129.126404 
198.500259 126.082397 
210.919739 129.980118 
224.901505 135.720306 
212.192322 145.804352 
199.958450 150.334229 
189.906937 151.542374 
181.685699 150.728973 
172.067368 146.826965 
167.117126 136.784439 
182.339371 135.587891 
190.075760 136.946671 
199.445160 135.268738 
220.030579 136.786133 
199.798553 136.716614 
190.114243 138.220764 
182.373047 136.778244 
