68 2
140.697617 82.431282 
141.976135 98.177620 
144.532425 113.548126 
147.324051 128.375458 
151.703659 142.945267 
159.364426 155.759796 
169.456848 167.110626 
181.328995 176.363724 
196.752731 178.897415 
211.772552 176.581238 
224.207947 167.844360 
235.128693 157.078949 
242.960037 144.150818 
248.053787 129.706085 
250.933945 114.514076 
253.427322 99.292007 
254.298065 83.824600 
148.658981 77.534332 
155.710464 67.878944 
167.739395 64.633842 
180.146652 66.676956 
191.470123 71.377533 
207.855408 69.625069 
219.373138 65.108994 
231.182968 63.989571 
242.191956 68.004669 
248.135147 77.755409 
199.739975 82.695709 
199.527649 92.384468 
199.345367 102.053085 
199.169144 112.112366 
186.311356 118.727448 
192.407730 121.109825 
198.682648 122.998985 
205.107574 121.182266 
211.012543 119.483574 
161.743271 84.607742 
168.126907 80.855553 
176.295731 80.568169 
183.445587 85.008141 
176.253464 87.471642 
168.100998 87.909523 
214.590683 84.828766 
222.431564 80.751732 
230.051788 80.937233 
235.649933 84.589798 
230.505020 87.809265 
222.676010 87.632828 
177.443329 142.593384 
186.654160 138.989563 
193.785782 137.210495 
198.030533 139.185593 
203.647949 137.721130 
211.064590 140.233826 
218.399109 143.032532 
211.202133 148.021912 
203.997192 149.353210 
198.060318 149.511688 
193.105515 149.008514 
186.019897 147.370255 
180.748199 142.692108 
193.559753 141.502014 
198.069412 142.249481 
203.871552 141.682327 
215.431122 143.326889 
203.910202 142.615128 
198.057632 143.101837 
193.549881 142.342926 
