68 2
88.200806 93.326103 
88.238815 111.514511 
89.650581 128.601837 
92.073029 146.066345 
96.007835 163.066101 
103.654549 178.936111 
116.976479 192.140640 
132.848846 202.108765 
150.634903 205.730347 
168.450928 203.833801 
184.600433 196.309433 
198.304504 185.492249 
207.883179 170.616714 
213.498566 153.468201 
217.164307 136.247375 
219.795242 118.513634 
221.149353 100.963806 
101.269760 78.346336 
110.355385 70.998260 
122.278389 68.720604 
134.591461 71.228310 
145.353851 76.634628 
169.085449 76.649681 
180.982117 73.070908 
193.061279 72.189789 
204.371170 75.396278 
211.566040 82.826233 
157.367981 92.965363 
156.640732 104.127525 
155.885361 115.231773 
155.175262 126.599396 
141.154266 133.791931 
147.417450 137.205338 
154.163330 139.779938 
161.065948 137.768692 
167.146820 135.014145 
115.749146 94.202446 
123.874809 90.654816 
132.640076 91.320961 
139.898193 96.962685 
131.939606 98.398270 
123.143730 97.769005 
172.893875 98.658028 
181.404434 93.772644 
189.812820 94.087700 
196.653900 98.549858 
190.006943 101.327972 
181.492737 101.020363 
125.473076 157.687500 
136.688446 153.210709 
146.883499 151.229065 
152.636459 152.825409 
159.545898 152.151733 
169.392197 155.619385 
179.132797 160.615738 
169.161728 171.445480 
158.808151 176.824387 
151.102158 177.622726 
144.335266 176.217209 
134.595154 169.845520 
129.112335 158.436371 
146.199570 155.559464 
152.432678 156.106949 
159.838486 156.336594 
175.416870 161.090317 
159.273270 168.262756 
151.762772 169.392395 
145.315369 168.195114 
