68 2
105.345490 94.220795 
102.306854 111.769142 
101.162903 129.494034 
102.227798 147.221252 
105.508278 163.811722 
111.319489 179.500259 
121.711334 193.166809 
135.336777 204.356537 
152.171692 209.779114 
170.648087 211.149796 
188.750885 206.952881 
205.038620 199.571350 
218.115005 186.598541 
227.511780 170.798584 
232.993866 153.594421 
238.036240 135.500320 
242.353516 118.511391 
119.169800 68.753853 
127.698189 58.339825 
139.856369 53.045719 
153.187729 54.178185 
164.701645 59.986504 
191.830429 63.351974 
205.530579 61.083584 
219.404922 64.263176 
231.051407 73.157684 
236.614609 86.139977 
174.390808 86.797798 
171.899338 98.922905 
169.149780 110.915764 
166.282440 123.239342 
151.668228 128.798279 
157.693451 132.179474 
163.981628 135.329727 
172.141342 135.120865 
179.818878 134.753998 
129.637726 85.618195 
137.575363 79.924622 
147.194611 81.406944 
154.415039 89.625107 
145.977768 90.174179 
136.579391 89.061188 
193.366486 95.163864 
203.029724 89.228165 
212.848724 91.145363 
218.956482 98.771034 
211.846558 100.305145 
202.416855 98.480721 
133.155945 151.838882 
142.434937 145.553741 
152.860458 144.216660 
159.859329 147.012177 
169.401398 147.710281 
180.221130 154.273544 
189.542053 163.931061 
177.201736 171.479080 
165.280579 172.974014 
156.022705 171.963455 
148.444397 169.838882 
139.399475 163.962067 
138.486816 152.401886 
152.121353 151.821838 
158.998856 154.271545 
168.357590 154.875732 
183.863968 162.208878 
167.216248 162.056442 
157.944519 161.168381 
150.732071 158.671371 
