68 2
173.497482 73.361778 
175.350082 88.942436 
178.354874 104.645576 
181.797485 119.657387 
187.820969 133.554306 
197.430038 145.391937 
209.501160 155.186356 
222.376740 162.771835 
236.666336 163.729675 
249.446503 160.192200 
259.206909 150.344849 
267.549896 138.851730 
274.275757 125.983780 
277.584045 112.047203 
279.317261 97.876358 
280.342163 83.451553 
280.211243 69.473930 
184.313080 70.196419 
192.240768 64.103821 
202.295807 61.551365 
213.053391 62.467930 
223.329056 65.331329 
243.225449 63.286087 
252.436844 59.068970 
262.164429 56.594017 
272.017212 57.822136 
278.629028 63.865303 
234.048035 73.834473 
234.609314 84.098015 
235.189148 94.411049 
235.720245 104.903961 
223.021057 110.710716 
228.994843 112.364510 
235.425323 114.042198 
241.555038 112.335175 
247.169998 110.705132 
195.660065 77.149223 
202.256638 74.074768 
210.346054 73.508949 
217.118347 77.186050 
210.378067 79.696632 
202.297531 80.490685 
247.786865 75.806480 
255.103928 71.199715 
262.587769 70.819031 
268.380066 73.390556 
263.608795 77.114418 
255.973175 77.573204 
213.336136 129.718857 
223.364227 128.490463 
230.934784 126.578400 
235.747940 127.860565 
241.143097 126.406494 
248.427628 127.915840 
256.518677 128.041763 
249.187149 135.716553 
242.499374 139.252319 
236.687805 140.187408 
231.200363 139.734390 
223.230774 136.257538 
217.637924 130.033585 
231.181702 130.063110 
235.875595 130.618713 
241.196884 129.846466 
252.205002 128.954758 
241.614578 130.784988 
236.256241 132.049988 
231.326721 131.268356 
