68 2
106.886185 141.076584 
107.417038 153.619873 
109.460052 166.422363 
112.462242 178.844543 
116.824448 190.001633 
124.004990 199.550476 
134.733963 205.692856 
146.739365 209.141693 
160.066177 209.460327 
173.504059 206.789627 
185.649841 201.983215 
196.529449 195.054092 
204.017166 185.483154 
208.464294 174.412201 
210.706650 162.566467 
211.247253 150.760635 
211.470978 138.947113 
113.775429 123.948212 
119.286118 116.047401 
128.639313 112.073273 
138.908356 113.212387 
148.166199 117.287811 
163.953186 116.720650 
173.068558 112.449303 
183.115921 110.793610 
192.799576 113.193649 
199.262161 120.108795 
155.712387 128.030563 
155.440857 132.873901 
155.253235 137.570709 
155.229630 142.823074 
147.823730 155.664001 
151.978928 156.344696 
156.090759 156.579346 
160.509583 155.955551 
164.648438 154.963318 
124.621513 133.670227 
129.762451 129.615143 
136.269836 128.931503 
142.609070 132.281967 
136.897049 134.493027 
130.226715 135.436646 
170.197525 130.751923 
176.214233 126.878387 
182.526550 127.264107 
187.418350 130.768951 
182.622772 132.725159 
176.324356 132.535965 
140.228134 178.554840 
147.754654 172.446732 
154.320831 168.415161 
157.504898 169.491714 
161.190704 168.135529 
168.825333 171.450470 
177.217102 176.292130 
169.247787 179.902908 
162.080627 180.866776 
158.057678 181.164703 
154.341980 181.553513 
147.774307 181.172791 
143.457703 178.023911 
154.686096 174.771194 
158.001297 174.691849 
161.903641 174.314255 
173.902496 176.108566 
161.631668 174.183868 
157.596497 174.406921 
154.295090 174.875671 
