68 2
147.277649 100.486420 
149.035614 116.464096 
153.327667 132.303284 
158.740036 147.534714 
166.325119 161.193237 
176.304214 173.013123 
188.261642 183.433945 
202.399002 189.842102 
216.381607 189.865036 
228.225525 185.674408 
237.284454 176.077454 
243.908661 163.793930 
249.037109 150.340942 
252.203888 137.120819 
254.989502 123.547081 
256.579681 109.531464 
255.988525 95.809700 
162.245850 87.706062 
171.306702 80.486847 
182.523560 77.753716 
194.728851 78.819252 
205.457901 83.425835 
219.780411 83.603096 
228.947189 79.116119 
238.393555 77.353897 
247.579163 79.179405 
253.193329 84.932343 
213.419220 95.678764 
214.635727 106.461426 
215.977234 117.031631 
217.405136 127.957993 
205.258301 135.106384 
210.597076 136.335495 
216.070877 137.763550 
220.575989 136.297989 
224.473877 134.499893 
174.352982 97.306763 
181.031738 92.821228 
189.424622 92.980217 
195.946976 98.874672 
188.926376 100.859184 
180.695969 100.937080 
224.725189 97.960785 
231.015213 91.886002 
238.694260 91.601112 
244.260361 95.655579 
239.758194 99.196541 
232.306473 99.613831 
197.545471 159.390076 
205.708359 153.049194 
212.826767 149.159363 
216.483826 150.633926 
219.657166 149.123444 
224.989563 152.794952 
229.742218 157.531036 
225.454681 164.468582 
220.910431 168.014053 
216.769501 168.830261 
212.264267 168.395676 
205.547424 165.761566 
201.642090 159.188843 
212.847595 155.633286 
216.549789 156.103333 
219.705475 155.636230 
226.422882 157.912231 
219.748657 157.807968 
216.159180 158.692078 
212.485046 158.260773 
