68 2
105.574402 121.200821 
106.209320 143.802155 
109.269936 166.111923 
115.852989 188.390732 
125.332916 209.011932 
135.942200 227.770050 
150.232346 244.786240 
166.984192 258.021362 
186.919739 261.663147 
205.782990 257.399841 
220.445786 243.446396 
231.643982 225.649155 
239.128906 206.499161 
245.254318 187.134583 
249.601639 167.836929 
253.214767 147.325073 
254.497589 127.598236 
121.611168 98.696075 
130.682800 89.184959 
143.576935 86.254868 
157.591476 88.117973 
169.638428 94.040436 
207.416565 96.566353 
219.365784 91.310265 
232.158661 90.909859 
243.970978 96.161057 
249.774475 105.773026 
188.129242 117.009766 
187.813431 132.370880 
187.273376 147.740509 
186.873352 163.070496 
171.631149 170.220627 
178.641083 174.165756 
186.328491 176.984009 
193.783875 174.955994 
200.079575 171.477112 
137.923096 116.188354 
146.487457 110.115036 
157.891403 111.112099 
166.960800 118.956963 
156.759766 121.379776 
145.663452 121.068573 
206.080048 121.609756 
216.559982 114.690887 
227.444763 115.218834 
234.624680 121.796249 
227.243454 125.794418 
216.674225 124.909477 
159.918823 203.217209 
169.322296 198.357880 
177.826157 196.306458 
185.695206 198.614761 
194.284225 196.972916 
202.716934 199.587585 
209.518951 203.970978 
203.060410 214.097961 
194.768524 218.603210 
185.770493 219.987167 
176.957809 218.425690 
168.335510 213.412140 
164.312241 203.655548 
176.961990 201.837372 
185.838425 203.355042 
195.026947 202.351852 
205.541153 204.265213 
195.149323 207.631104 
185.749176 209.982361 
176.661575 207.618958 
