68 2
139.369644 106.362518 
141.426544 122.792900 
145.912369 139.089951 
151.410889 154.354370 
158.832108 168.473145 
169.722687 180.676819 
182.753113 190.874680 
196.721191 198.363220 
211.581726 199.265106 
224.891190 194.766922 
235.645187 184.294342 
244.826447 172.050995 
251.651123 158.060867 
254.704483 143.076141 
256.676666 127.755165 
258.119507 112.878632 
257.480835 97.846512 
151.105713 93.199158 
158.061340 85.078339 
168.155243 80.821976 
179.422089 81.291367 
189.512268 84.347672 
216.753967 81.912865 
226.415421 77.877373 
235.988602 76.553436 
245.269501 79.833672 
251.232208 86.440338 
203.739105 99.185623 
204.648621 108.925209 
205.734482 118.419731 
206.736694 128.149048 
196.084412 139.539124 
201.718384 139.911026 
207.144211 140.520889 
212.135422 139.435699 
217.023590 138.528152 
163.097900 104.242615 
170.058777 99.289543 
179.262970 98.880081 
186.868332 104.290276 
179.392654 106.724747 
170.328796 107.349152 
219.058701 102.597198 
226.549728 96.124214 
234.953445 95.823082 
241.464874 100.102028 
236.024063 103.678162 
227.676331 104.205856 
185.698669 161.370850 
194.454819 153.746368 
203.060379 149.846802 
208.344772 151.012665 
213.984207 149.527847 
222.834152 153.059052 
230.650146 158.652771 
223.888046 168.890381 
216.075867 174.108826 
209.743134 175.507782 
203.815887 174.923248 
195.210678 170.372299 
190.333054 160.769501 
203.844543 156.672638 
208.495911 156.900665 
213.983734 156.368988 
226.243683 158.986221 
214.772247 164.827469 
209.109390 166.062881 
204.228867 165.428543 
