68 2
152.064194 75.122711 
154.012711 86.438400 
156.854813 96.851105 
159.939835 106.960472 
164.130798 116.283920 
170.348694 124.809906 
178.300125 131.650482 
187.027100 136.548950 
196.584534 137.222534 
205.842072 134.962753 
213.388000 129.259995 
219.591263 122.069550 
224.274658 113.488258 
226.937500 104.021820 
228.329865 94.034233 
229.761551 83.339951 
230.725098 72.485214 
157.272354 71.115616 
163.046280 67.039238 
170.495117 66.070404 
177.786591 67.391006 
184.593979 69.610649 
198.295883 68.807274 
205.145874 66.150826 
212.253036 64.634796 
219.362610 65.437515 
224.864777 69.110687 
192.295395 75.380241 
192.849304 82.506935 
193.402115 89.654381 
193.911896 97.005836 
185.624680 100.484138 
189.562683 102.063873 
193.761169 103.303703 
197.786499 101.699135 
201.238007 99.776878 
165.818054 76.936142 
170.392929 74.150215 
176.166321 74.235565 
181.022263 77.611816 
176.045410 79.175316 
170.261658 79.462540 
202.199631 76.970978 
207.137772 72.991928 
212.675476 72.843689 
217.164658 75.104927 
213.470535 77.785721 
207.841034 78.096695 
179.784821 113.916176 
184.796295 111.378189 
189.752151 109.944000 
193.731903 110.807762 
198.232681 109.528725 
203.374924 110.717842 
208.252792 112.531479 
204.213303 117.440430 
199.396301 119.888832 
194.582336 120.711456 
190.149979 120.486504 
184.946228 118.465508 
181.988159 114.008514 
189.831650 112.789513 
193.883957 112.997780 
198.669998 112.225792 
206.152588 112.956329 
199.015137 114.924232 
194.283569 115.991142 
190.096786 115.484344 
