68 2
141.262054 116.142929 
142.340469 128.231781 
144.236328 139.994492 
146.235489 151.681885 
149.733643 162.206970 
156.717270 171.596405 
166.479218 178.548645 
177.166260 183.535950 
188.966309 184.863220 
200.916504 183.042542 
211.490952 177.130264 
220.495407 169.923660 
226.258316 160.567566 
229.571457 149.265900 
231.317001 138.022598 
232.466248 125.800697 
233.594452 113.338150 
148.232834 100.061218 
153.360291 93.415215 
161.893433 90.779488 
170.798767 91.728569 
178.869431 95.119835 
198.779541 95.410233 
206.445770 91.781303 
214.837585 90.966850 
222.598526 93.249222 
227.350311 99.564751 
189.225555 110.358978 
189.235733 116.618912 
189.257065 122.886353 
189.282806 129.171753 
180.271072 136.435303 
184.647110 137.282196 
188.934540 137.861572 
193.147598 137.497940 
197.217026 137.100204 
160.163040 113.082512 
165.183945 110.715904 
170.431152 110.778511 
175.547607 113.266212 
170.570007 114.741859 
165.270920 114.870728 
199.705933 113.293320 
204.774353 110.654503 
210.070877 111.050713 
214.619202 113.178917 
210.135559 114.783501 
204.898758 114.753105 
173.476929 154.207443 
178.187027 148.699814 
183.809387 146.165146 
188.313324 147.275650 
193.208267 147.037659 
199.435898 150.460907 
204.527206 155.660339 
199.249664 162.029388 
193.457382 164.575012 
188.020660 164.900894 
183.099274 164.034134 
177.672913 160.501404 
176.049835 154.249649 
183.678162 150.107803 
188.285812 150.427063 
193.407425 150.767487 
202.138657 155.572983 
193.365326 158.892853 
188.036316 159.202545 
183.431473 158.302277 
