68 2
123.801483 104.994980 
124.631035 121.095375 
126.447647 137.673065 
130.515457 153.266113 
137.679016 167.522369 
148.386902 179.559448 
161.050690 189.556580 
173.779724 197.922150 
187.918350 200.229843 
201.923019 197.558105 
214.261612 188.943069 
226.018082 178.941437 
235.992706 166.870132 
242.799530 153.115326 
246.130310 138.069641 
247.773010 122.275597 
248.859726 105.964180 
137.084518 96.647827 
145.058136 89.340240 
156.262192 86.898163 
168.481720 88.002853 
178.934326 92.744400 
196.086731 91.944023 
206.768646 88.238426 
218.094345 87.290848 
229.315567 89.678955 
237.109756 96.341957 
186.717728 106.983551 
186.204315 117.385185 
185.731720 127.755142 
185.429489 138.178970 
173.635529 141.479523 
179.340332 143.851028 
185.795105 145.435944 
192.469742 143.879517 
198.544250 141.921249 
150.258392 108.333923 
157.034073 106.197716 
163.738388 105.972008 
169.979797 108.399300 
163.729446 109.989761 
156.933273 110.357086 
203.371231 108.242180 
210.210281 106.113228 
216.713013 106.640594 
222.486954 108.277847 
216.752121 110.239159 
210.061813 110.117706 
167.245926 159.455017 
175.078690 157.543182 
182.512283 155.913651 
187.119827 157.004913 
193.053116 155.955353 
200.860382 157.910782 
208.765762 160.712799 
201.359741 170.053040 
193.959869 173.985092 
187.746674 174.562958 
182.178162 173.920990 
174.671860 169.079163 
172.040222 159.774536 
182.624573 158.862244 
187.280640 159.506256 
193.049805 158.975479 
203.836243 160.780609 
193.762878 165.511536 
187.977600 166.138290 
182.979141 165.056702 
