68 2
109.283775 133.069260 
109.815048 146.789276 
111.834122 159.793625 
114.573120 172.719955 
118.841743 184.614929 
125.472626 195.518280 
134.501831 204.904922 
146.048126 211.604263 
158.929947 213.601135 
170.508377 211.909973 
180.673294 205.606277 
188.933762 196.714935 
194.390839 185.311676 
198.373352 173.172684 
201.777939 160.980545 
204.464172 148.874115 
205.541061 136.531708 
118.952553 119.955254 
126.536377 112.935493 
136.812454 110.386307 
147.283920 111.793152 
156.558777 116.030190 
168.284805 116.001953 
177.602692 113.142319 
187.141541 112.698921 
196.041885 116.048233 
200.968201 123.267075 
162.382355 126.910309 
162.399170 135.654022 
162.416153 144.294037 
162.567627 153.112015 
152.045639 161.204651 
156.602402 162.167465 
161.028732 163.424011 
165.034103 162.663849 
168.746918 162.142273 
129.151672 128.262283 
135.005508 124.980019 
141.526794 125.436676 
147.099899 129.967255 
141.125381 130.727173 
134.626770 130.442932 
173.673935 130.882538 
179.789734 126.505600 
186.109802 126.802788 
190.899078 130.323242 
186.161316 132.155167 
180.078201 132.062164 
139.806290 181.452911 
146.928482 175.901794 
154.991196 172.975876 
159.991211 174.185516 
165.251419 173.482468 
172.184784 177.192444 
176.954712 182.712646 
171.968018 190.376389 
165.488190 194.355545 
159.919006 194.939499 
154.321457 194.084412 
146.633102 189.795609 
142.832336 181.594574 
154.902313 178.620987 
159.714706 178.791092 
165.095276 178.943192 
174.400818 182.595856 
165.205353 186.566559 
159.901993 187.172836 
154.911438 186.343323 
