68 2
105.034210 90.939903 
106.068329 106.505272 
109.170158 121.767784 
113.041779 136.772354 
118.205429 150.961365 
126.016815 163.325424 
135.518753 174.379440 
146.993713 182.020630 
160.007996 184.219666 
172.045685 181.108414 
182.637192 172.807007 
191.565018 161.973404 
198.429916 149.477951 
203.181229 136.134460 
206.727295 122.759346 
209.675583 108.436378 
211.600571 93.851891 
116.014313 80.232185 
124.254364 73.781998 
134.884140 72.026268 
145.745300 73.912682 
155.237244 78.789474 
169.359665 79.384918 
179.547104 75.668289 
189.981949 74.843147 
200.061844 77.839752 
206.167419 84.916786 
161.973877 91.662079 
161.616928 102.769798 
161.234634 113.673485 
160.848938 124.765991 
151.598801 129.703857 
155.802933 131.577316 
160.543427 133.270050 
165.022110 132.090027 
169.087646 130.713303 
128.862061 90.361763 
135.311829 87.657539 
142.256195 88.303162 
147.518326 93.170586 
141.446991 93.881859 
134.743423 93.357857 
175.003159 93.880501 
181.047897 89.598953 
187.716293 89.775131 
193.045212 93.127251 
187.985321 95.444550 
181.622986 95.263077 
144.983109 152.538437 
150.603958 147.388107 
156.081757 144.017639 
159.997025 145.448059 
163.767151 144.640045 
168.532928 148.816544 
172.707626 153.048325 
168.037323 158.634567 
163.487640 162.274490 
159.355118 163.307953 
154.809753 162.106445 
150.108368 158.244583 
148.830444 152.468430 
156.008347 149.900589 
159.872330 150.455811 
163.346436 150.608795 
169.328445 152.848465 
163.174973 153.018097 
159.534088 154.203491 
155.645157 152.883820 
