68 2
134.920578 77.744728 
135.794144 97.796661 
139.107208 116.806801 
142.839569 135.742554 
148.625153 154.346619 
158.267670 170.893280 
172.724472 184.297501 
190.085999 194.223343 
208.692200 196.953339 
226.828293 193.471939 
243.379181 183.922546 
257.655273 170.907211 
267.764862 154.585236 
273.479553 136.248154 
277.153778 117.434540 
280.173035 97.939102 
281.640930 78.461250 
146.028366 64.129784 
155.961929 55.684711 
169.159607 53.587753 
182.604630 56.629807 
195.180267 61.819782 
219.767883 60.171638 
233.485168 55.718094 
246.760315 53.423313 
260.073181 55.960255 
270.092590 63.333870 
207.798615 77.856964 
207.534241 89.986946 
207.226288 102.149025 
206.831161 114.679443 
193.304184 125.278481 
199.963211 127.936188 
207.179825 130.229156 
214.437256 127.960907 
220.938324 125.432709 
162.749298 79.121391 
171.628281 74.321960 
181.774765 75.190018 
190.053040 82.453163 
180.892273 84.228088 
170.666092 83.558380 
226.504211 82.461792 
235.152176 75.088242 
245.163986 74.694084 
253.201340 79.922867 
246.345810 84.187202 
236.409744 84.421455 
180.026596 148.804108 
191.559662 146.009064 
201.534485 143.526581 
207.451935 145.415466 
214.119400 143.612762 
224.502167 146.458023 
236.796738 149.279968 
225.407776 157.616653 
215.784714 162.088348 
208.282074 163.644150 
201.195328 162.773788 
191.110611 158.528915 
184.626297 150.429947 
201.293076 150.689590 
207.881149 150.962616 
215.029953 150.114441 
232.139954 150.554642 
215.293137 152.105209 
207.951660 153.530685 
201.284119 152.750046 
