68 2
181.510010 60.698513 
182.735840 74.425690 
185.110672 88.131927 
188.300964 101.377190 
193.215057 114.181046 
200.585327 125.472115 
210.220520 135.907990 
220.306076 144.766785 
232.502686 146.511047 
243.280838 143.122955 
252.176376 133.747742 
259.961578 122.402397 
265.967346 110.285393 
268.987366 97.868973 
270.776703 85.116295 
272.199280 72.141891 
272.536072 58.968445 
189.528839 64.520432 
196.419617 59.953072 
204.960541 58.847527 
213.380920 60.286797 
221.056396 63.214207 
237.244949 62.391586 
245.288437 58.432976 
253.745636 56.235203 
262.013336 57.139568 
268.200897 61.243164 
229.796799 69.831085 
229.855194 79.526115 
229.913361 89.162758 
230.070419 99.040894 
219.786530 101.898979 
224.771149 103.985748 
230.231277 105.848602 
235.660706 103.944740 
240.337479 101.885300 
199.131287 70.142334 
204.546310 67.534142 
211.217087 67.354416 
216.829834 71.147377 
211.198624 73.139977 
204.470398 73.493698 
241.770935 70.296669 
248.070206 66.302460 
254.516174 65.986359 
259.394623 68.247124 
255.288300 71.711792 
248.810608 72.103996 
213.210953 116.835869 
220.787445 116.532990 
226.945007 116.132111 
230.609192 117.633003 
234.711212 116.264229 
241.175293 116.846771 
248.054016 116.593925 
242.123108 123.423004 
236.386719 126.563248 
231.729218 127.357018 
227.211502 126.681030 
220.738037 123.043419 
215.981003 117.641342 
226.979507 119.147270 
230.801300 120.305351 
234.850769 119.277481 
245.297668 117.474854 
235.522522 120.003487 
231.349472 121.110260 
227.299057 119.908844 
