68 2
147.925293 91.824997 
149.748917 104.640656 
152.250458 117.292564 
155.149139 129.685425 
160.094620 140.716141 
167.455368 150.062454 
176.877808 158.287750 
187.613770 164.882233 
199.879898 166.347107 
211.287338 163.070068 
220.571014 154.679947 
228.386658 145.726120 
233.707596 135.590576 
236.304581 124.228134 
237.931992 112.272911 
239.274246 100.833061 
239.964951 88.980545 
156.359772 82.900604 
161.773224 75.541740 
170.274490 72.020653 
179.509903 72.867157 
188.043396 75.907822 
208.375107 76.072205 
215.998123 73.080223 
223.615952 72.383484 
230.750488 75.181442 
234.881760 80.987358 
198.976181 86.602303 
199.563736 93.981392 
200.169510 101.158966 
200.846298 108.726929 
190.538788 116.990372 
195.414459 117.811050 
200.566528 118.496567 
204.844223 117.386925 
208.902313 116.300102 
166.791809 90.311241 
172.436829 87.126846 
179.174454 86.820175 
184.892654 90.194916 
179.092743 91.790932 
172.507019 92.273300 
210.256775 90.068848 
216.568329 86.764557 
222.883331 86.973175 
227.526855 89.759727 
222.864563 91.742836 
216.765991 91.595215 
182.375671 135.488251 
189.635071 130.332458 
196.326172 127.796402 
201.458008 128.608475 
206.470917 127.473495 
211.924026 129.971146 
216.374741 134.168640 
211.912659 141.094299 
206.525604 144.815063 
201.130264 146.336853 
195.627609 145.825500 
188.884796 142.864883 
186.028900 135.151794 
196.405838 132.002869 
201.337952 132.042099 
206.271454 131.617340 
213.236801 134.108643 
206.163849 137.734695 
200.986908 139.267548 
195.877350 138.490723 
