68 2
153.404358 73.373062 
155.253616 84.363708 
157.923355 94.651649 
160.904678 104.932037 
165.209351 114.131905 
171.762726 122.413628 
179.975037 128.746582 
188.798889 133.610855 
198.296036 134.372787 
207.380417 131.937332 
215.296738 125.962349 
221.568985 118.621796 
226.253189 109.998444 
228.647278 100.453163 
229.819580 90.839935 
231.071152 80.613968 
231.860001 70.225677 
159.812119 67.609482 
165.185394 63.550713 
172.423355 62.712933 
179.364258 63.837280 
185.887268 65.867622 
198.988647 65.300125 
205.622650 62.495682 
212.660294 61.206070 
219.500702 62.086411 
224.761658 65.713226 
193.415543 71.863594 
193.922302 78.569786 
194.465790 85.272133 
195.021057 92.389839 
186.196716 96.128967 
190.414093 97.842094 
194.884705 99.254532 
199.034683 97.587067 
202.753021 95.656746 
167.546051 74.006371 
171.757355 71.274452 
177.276428 71.300407 
182.030334 74.528473 
177.134216 75.897255 
171.745209 76.181801 
203.029327 73.889816 
207.767197 70.181633 
213.201584 70.186417 
217.750366 72.434982 
213.831299 74.634552 
208.399796 74.926353 
179.272141 108.958923 
185.390793 106.137123 
191.410187 105.006546 
195.248840 106.028458 
199.667938 104.730064 
205.524719 105.561737 
211.270355 107.301422 
206.378067 113.876251 
200.834244 116.415543 
196.037445 117.067139 
191.702942 116.928497 
185.366455 115.058090 
181.495255 109.048424 
191.416718 107.776100 
195.290695 108.196716 
199.833282 107.364151 
208.979797 107.861008 
200.295776 111.908867 
195.692444 112.650093 
191.682907 112.408951 
