68 2
144.420471 85.466408 
145.935684 101.664528 
148.542572 117.539825 
151.638458 132.709412 
156.643234 147.318329 
164.840836 160.579437 
174.499084 171.872681 
185.698059 181.285919 
200.318619 183.503906 
215.069931 180.648895 
227.039017 171.079437 
237.776642 160.344391 
245.636719 147.312988 
250.624588 132.970444 
253.706726 117.790634 
256.213440 102.092819 
257.237091 85.745667 
151.837830 82.602409 
159.153595 73.787704 
170.734665 71.500580 
182.732727 73.634979 
193.517776 77.957909 
211.869415 76.054123 
222.801331 71.985161 
234.259277 71.086197 
244.747482 74.880569 
250.715088 83.381271 
202.204361 88.693527 
201.895416 98.586884 
201.649307 108.526009 
201.384216 118.805923 
189.018738 124.830269 
195.046677 126.897247 
201.250320 128.692307 
207.481934 127.032021 
213.284729 125.629654 
164.661072 90.304474 
171.341736 86.608795 
179.682159 86.462906 
186.661758 91.037933 
179.522522 93.481750 
171.185120 93.846458 
216.692215 90.974510 
224.427917 86.509888 
232.209824 86.770676 
237.883057 90.305771 
232.618835 93.831245 
224.614136 93.615242 
180.934753 147.445374 
189.058868 143.797363 
195.862244 141.320206 
200.846130 143.223938 
206.707184 141.864990 
213.705383 144.796219 
220.633957 148.225159 
213.757568 155.521896 
206.731064 157.971008 
200.445816 158.480377 
194.857986 157.662781 
188.169083 154.715851 
184.139954 147.668320 
195.816895 145.891129 
200.852264 146.460648 
206.988770 146.188950 
217.767029 148.540146 
206.572876 150.366104 
200.402618 151.237900 
195.474060 150.064377 
