68 2
134.736023 74.720177 
134.604950 87.879684 
135.903214 101.010452 
138.788345 113.874969 
142.829559 126.118462 
148.847595 137.145996 
157.509109 146.164886 
167.812241 152.124130 
180.701492 153.712570 
194.095474 151.651520 
206.053497 145.997116 
216.109756 138.002548 
223.140060 127.928886 
227.880539 116.819252 
230.896133 104.779343 
232.805344 92.068718 
234.243103 79.489624 
142.998138 58.380474 
148.656097 53.712994 
156.325027 52.300503 
164.110062 53.715401 
171.215179 57.095173 
193.257568 57.093277 
201.432632 55.279324 
209.180954 55.257816 
216.639084 56.903652 
221.775940 61.808697 
181.409393 68.612297 
181.044022 74.962234 
180.664261 81.253990 
180.368668 87.812637 
171.678391 97.209885 
175.929825 98.269127 
180.325989 99.037285 
185.141556 98.592812 
189.898163 97.734505 
152.892761 72.272705 
157.416977 70.677109 
162.654953 70.385361 
168.043854 71.435707 
162.753784 72.891327 
157.628036 73.179871 
195.558884 72.152679 
201.090454 72.023598 
206.116882 72.907616 
210.787292 74.668274 
205.893570 75.006035 
200.642075 74.090782 
164.781799 119.552216 
169.541473 112.374596 
174.872787 109.045044 
179.604477 109.979095 
184.908371 109.392738 
191.175491 113.200539 
196.725845 119.766632 
190.609177 124.442055 
184.148117 126.015678 
179.095108 126.267891 
174.322525 125.817352 
169.305695 124.083427 
168.399017 118.768394 
175.074966 113.884399 
179.589600 113.908310 
184.867050 114.132271 
193.148651 119.232666 
184.509293 118.901337 
179.307709 119.090782 
174.838196 118.785835 
