68 2
91.537544 137.767548 
92.216560 158.358261 
94.440414 178.018173 
96.590919 198.679382 
102.029572 217.618271 
112.306305 234.078781 
125.923370 248.590118 
141.666702 260.723083 
161.518127 263.896759 
180.502930 260.609833 
195.778000 247.944855 
208.346878 232.870926 
218.344360 215.646301 
223.783875 196.485168 
226.324295 177.293564 
228.541504 157.222931 
229.995850 137.225098 
97.672035 130.654099 
105.948456 118.013863 
121.304184 113.536369 
137.499451 115.065834 
153.119278 120.004707 
170.609299 118.661758 
186.743240 114.413696 
202.408264 113.294220 
217.098618 118.051811 
225.329590 129.400681 
162.395126 133.254822 
162.349411 145.839371 
162.158859 158.310349 
161.966980 171.518707 
146.830994 181.590027 
154.007980 183.929901 
161.666992 186.337708 
169.512863 184.410583 
176.828857 182.483582 
115.097481 136.793564 
123.641617 131.469086 
134.195557 131.107803 
142.446182 137.667694 
134.115616 140.336639 
123.502235 140.718262 
180.771240 137.601486 
190.636963 130.737885 
201.065155 131.290558 
209.085190 136.602234 
201.432953 140.474335 
191.042786 140.084320 
132.836212 211.959946 
144.105743 208.585144 
153.940704 205.944275 
160.327698 208.500092 
168.070557 206.102066 
179.116852 209.309189 
190.148499 213.498184 
179.173248 222.515244 
168.801849 225.441498 
160.627945 226.261322 
153.311172 225.694061 
143.519669 222.218765 
137.667191 212.961594 
154.000610 213.862122 
160.521500 214.831238 
168.050110 213.869705 
185.096375 213.981140 
168.378799 214.073776 
160.730698 215.177139 
154.172531 214.344788 
