68 2
127.558624 76.225677 
129.079712 92.094025 
131.909714 107.598991 
135.158112 122.501923 
139.895081 137.311218 
148.127869 150.807999 
159.037567 162.012848 
171.237457 171.310974 
186.644684 173.253281 
201.268478 170.321457 
213.424026 160.908432 
224.107849 150.009094 
231.765076 137.239334 
236.756104 122.818832 
239.849777 107.720787 
242.374100 92.207268 
243.324188 76.361748 
135.931213 69.290436 
143.218674 60.174473 
154.695496 56.954617 
167.070740 58.456951 
178.274887 62.580120 
197.600677 60.226799 
208.760406 56.595562 
219.838562 56.250687 
229.865509 60.361492 
235.730362 68.754852 
187.401718 74.343872 
187.177521 83.840309 
186.931046 93.406242 
186.740295 103.468628 
173.962051 110.842239 
180.064285 112.934174 
186.214249 114.823936 
192.620392 113.101059 
198.469131 111.595917 
149.528625 77.163292 
155.818176 73.389420 
163.859634 73.059219 
170.842728 77.407661 
163.891418 79.862373 
155.870926 80.224220 
202.186325 77.061417 
209.886414 72.683189 
217.474335 73.072136 
223.144897 76.690453 
217.855621 79.821915 
210.210510 79.710991 
165.070633 135.825378 
173.903732 131.517761 
181.118759 128.812546 
185.695618 130.557159 
191.388519 129.221710 
199.156845 132.296631 
206.613144 136.398560 
199.551971 144.001480 
191.860046 146.333496 
185.615723 146.571533 
180.159988 145.955872 
173.005020 143.355164 
168.295654 135.841965 
180.961380 132.921585 
185.792160 133.305420 
191.820145 133.226105 
203.799561 136.756454 
191.529602 139.025574 
185.427399 139.520615 
180.536819 138.765518 
