70 2
234.239288 129.461075 
232.025909 146.407333 
230.661209 163.725861 
231.784531 180.090866 
237.716736 195.071594 
248.770615 208.247498 
263.056305 219.699265 
277.906372 228.995224 
293.212830 233.041962 
306.001617 231.794922 
317.128967 223.707809 
327.068634 214.377533 
334.711365 204.522705 
340.724976 193.047134 
345.876984 180.747208 
349.365356 169.200638 
351.266785 157.331863 
260.829498 116.436073 
271.738922 110.472099 
284.207733 108.035789 
296.674622 111.140259 
307.180450 117.537704 
330.965332 123.043854 
339.517365 122.074234 
347.355133 123.515350 
353.123413 128.940491 
354.201385 136.263367 
316.858124 137.069412 
316.716400 146.348816 
316.861115 155.556808 
317.004517 164.928665 
299.000977 172.766129 
305.104889 174.961273 
310.519226 177.086121 
314.718872 177.429901 
318.516968 177.108551 
271.795349 131.478088 
279.961273 129.198547 
288.496460 130.908707 
294.825256 137.203476 
287.111938 137.646576 
278.566132 136.161407 
324.700043 144.782150 
333.256042 142.232071 
340.525085 144.379242 
344.386688 149.423218 
339.091919 150.881775 
331.879395 148.879700 
275.835999 188.354599 
289.568237 186.348007 
300.765869 185.702393 
306.731201 187.937851 
312.879395 188.369614 
318.332123 192.421677 
322.359436 197.551758 
316.006500 200.276047 
309.777710 201.359390 
303.634796 200.937317 
297.133850 199.365005 
287.427124 195.030853 
280.334259 188.960632 
299.163330 191.631409 
305.704651 192.769333 
311.629730 194.039215 
318.821259 196.678970 
311.424652 194.300613 
305.271301 194.069687 
298.938232 192.468246 
281.500000 131.833328 
334.166656 143.666672 
