68 2
86.967018 79.027847 
86.414291 94.523643 
87.208527 110.682320 
89.930542 127.187958 
95.486343 142.898453 
102.155350 156.889465 
111.252899 168.950516 
123.304985 177.180405 
139.376526 178.194077 
155.583359 175.690781 
168.769928 167.790710 
179.039230 156.246826 
186.868210 142.278381 
193.217667 127.358604 
196.890320 112.098648 
198.938721 96.110649 
200.367691 80.903000 
91.590309 54.325649 
98.102478 47.172516 
107.646408 44.875824 
118.065269 46.179874 
127.626724 49.690708 
148.598892 50.386673 
159.154221 46.361065 
170.689758 45.126579 
181.665634 48.253948 
188.488861 57.128983 
137.942642 61.652290 
137.343704 72.443756 
136.919785 83.398865 
136.318314 94.628181 
124.808990 103.186272 
130.285782 106.135406 
136.481689 107.639641 
143.692719 106.213181 
150.230850 103.625656 
101.392723 64.587303 
107.438454 60.133221 
115.710434 60.302422 
122.190948 64.922234 
115.037270 68.252106 
106.823242 68.551727 
155.517502 66.066673 
162.965363 61.391132 
171.025208 62.203987 
176.570480 66.956291 
170.828690 70.005096 
162.966492 69.428314 
115.128212 134.870789 
123.694794 129.488937 
131.681793 126.766029 
137.101303 127.690643 
143.076385 126.204803 
151.107635 128.575806 
160.010651 133.014709 
151.638596 134.933640 
143.856491 135.347260 
137.556152 135.628906 
131.648605 135.709488 
123.911797 135.913361 
119.343300 133.288895 
131.343063 130.311600 
137.062500 130.749741 
143.127518 129.824402 
155.528885 131.637512 
144.001114 128.598068 
137.698593 129.300522 
131.982544 129.194885 
