68 2
169.117523 111.242897 
169.902374 126.444862 
172.230560 140.896423 
175.538254 155.429718 
180.023895 168.978729 
187.188446 181.357803 
196.400574 192.800003 
207.531906 201.664017 
220.213043 204.196732 
232.231934 201.427567 
243.444656 192.722580 
252.930099 182.844482 
259.873932 170.620529 
264.746063 157.438614 
268.578949 143.926895 
272.079163 130.347198 
273.997772 116.079193 
178.086044 102.032600 
185.982239 93.897064 
197.400650 90.989182 
208.946152 93.251129 
218.990341 98.261566 
232.838623 98.579887 
243.107986 95.713409 
253.298401 95.507111 
262.805420 99.311981 
268.462280 106.957428 
225.562576 110.295753 
225.321335 120.335899 
224.921844 130.196167 
224.673553 140.310562 
214.535995 147.712662 
218.926224 148.719833 
223.414856 149.728760 
227.573624 149.235840 
231.474579 148.447006 
190.056213 109.160072 
196.405685 105.582092 
203.908173 106.235352 
209.204559 111.789734 
203.039551 112.686867 
195.871078 112.246628 
238.172302 113.810638 
244.624451 108.828743 
251.901291 109.429565 
256.961578 113.548653 
251.811142 115.866158 
245.107483 115.586182 
205.731323 171.201279 
211.690048 165.415298 
218.203903 161.527557 
222.202301 162.656464 
226.756149 162.235840 
232.011505 166.914322 
236.007599 172.940674 
231.342667 180.709610 
225.823914 185.488113 
220.703293 186.433426 
215.697083 184.932068 
210.460724 179.793518 
209.435440 171.082474 
217.848419 166.718231 
221.859558 166.777771 
226.491592 167.260330 
233.416824 172.580963 
226.149826 176.560532 
221.142899 178.001755 
216.925507 176.281067 
