68 2
107.501732 76.797256 
110.683640 98.161751 
115.785736 118.557793 
120.976669 137.985718 
128.310776 157.151047 
138.158508 174.320831 
151.711670 188.669754 
166.787460 198.526657 
185.693680 199.884720 
203.192108 195.878738 
217.378204 184.070709 
229.881775 170.120987 
239.754456 153.797913 
246.624725 135.558899 
250.833420 117.498619 
254.394943 97.721191 
256.747742 77.562119 
114.637589 62.893806 
124.309242 51.867859 
140.320587 49.320816 
156.340042 52.790970 
171.909393 58.228096 
197.748672 57.447067 
212.044189 51.763275 
225.946365 47.373398 
240.691788 48.105453 
250.438507 56.809250 
185.082703 70.911133 
184.979675 84.356056 
185.025467 97.768585 
184.925507 111.857796 
167.985458 122.087944 
175.966919 124.885132 
184.739288 127.101753 
193.413605 124.620323 
201.289948 121.816513 
131.361435 76.938278 
140.541367 71.718613 
151.886566 71.280251 
161.461227 77.329460 
151.731506 81.002678 
140.351944 81.885269 
206.227798 75.532990 
216.137589 69.427528 
227.206757 69.587975 
235.206161 74.073578 
227.900009 78.924347 
216.908081 78.854530 
157.583923 153.829483 
168.051300 148.531174 
177.664917 145.244568 
184.343781 147.608826 
192.353531 145.207687 
202.365173 148.066971 
212.205276 152.253265 
202.554642 162.730789 
192.635071 167.212677 
184.006088 168.266388 
176.376617 167.521179 
166.990906 163.216553 
162.848648 153.873596 
177.610580 151.522400 
184.469162 152.615646 
192.552414 151.371140 
207.440445 153.231384 
192.262070 155.788101 
183.950439 157.325623 
176.981155 156.331039 
