68 2
105.166740 73.495354 
106.590424 93.508881 
109.217697 113.073540 
112.308632 131.714188 
118.255684 149.717880 
128.605865 166.316696 
140.977081 181.143921 
154.811584 193.742310 
172.939194 197.820389 
190.328049 195.725937 
205.109177 184.110901 
216.576233 169.185791 
227.474060 152.517273 
235.367508 134.714905 
240.550430 115.637001 
244.299103 95.443794 
246.062317 75.630043 
113.894501 74.094444 
122.587372 64.248932 
136.294952 61.622883 
150.259354 64.667328 
163.555923 69.108192 
182.498886 68.747612 
196.379333 64.826225 
210.103378 62.370171 
224.085297 64.968391 
233.137146 73.517944 
173.780823 83.188423 
173.657135 96.052490 
173.583328 108.897858 
173.496735 122.190216 
158.626312 128.701859 
165.871399 131.742844 
173.519073 134.543350 
181.267105 131.939087 
188.100891 129.176193 
128.836166 83.207298 
137.065445 78.446411 
147.368607 78.956520 
155.122055 86.059372 
146.343506 88.464470 
136.073486 88.343658 
191.623077 85.868729 
200.221268 78.633583 
210.405289 78.837196 
218.195419 83.527893 
211.349487 88.234215 
201.486023 88.446846 
147.261658 154.965683 
157.950378 152.980026 
166.752426 151.205917 
172.594315 153.401596 
179.557068 151.361710 
188.716522 153.283600 
199.070053 155.765869 
189.102798 163.390549 
180.567474 166.235336 
173.280487 167.085037 
166.287292 166.187759 
157.590118 162.725586 
151.212830 155.997406 
166.351273 157.281509 
172.783310 158.320175 
180.164490 157.011475 
195.305847 156.247009 
180.115204 157.002563 
172.898926 158.332123 
166.372696 157.383759 
