68 2
101.491806 75.804779 
102.547379 89.889297 
104.693878 104.121140 
108.098511 117.840118 
114.281654 130.844788 
121.785904 141.961365 
130.667297 151.877151 
141.145844 159.402771 
154.495270 161.039871 
166.946198 157.786652 
176.001526 148.531631 
183.259750 137.750488 
189.405991 125.396820 
193.641220 112.071640 
195.827942 98.589684 
197.135666 84.794647 
197.111389 71.390205 
109.135315 65.215141 
114.565811 58.413269 
123.075264 56.385605 
131.925934 57.585430 
140.152023 60.527058 
158.151306 59.750217 
166.554733 56.102062 
175.584656 54.527145 
184.427948 56.399765 
189.423187 63.380692 
149.899475 67.945313 
150.433624 78.199287 
151.059799 88.563705 
151.584335 99.154404 
139.404221 102.292534 
144.973633 105.320877 
151.250031 107.200546 
157.711227 104.741989 
163.070221 101.518646 
119.234428 70.009094 
123.828560 66.207275 
130.713165 65.754082 
136.266922 69.496368 
130.878387 71.853363 
124.291016 72.571960 
162.315399 69.091339 
168.129807 65.119476 
174.913391 65.542725 
179.711441 68.953300 
175.218506 71.551041 
168.596603 71.276939 
134.297913 125.712784 
141.347076 121.941071 
147.606552 119.642471 
152.063751 120.723495 
157.099777 119.248917 
163.660568 121.161812 
170.325104 123.834023 
164.349548 127.725006 
158.229797 129.535431 
152.878036 130.051834 
148.163162 129.730286 
141.905014 128.877045 
137.343735 125.425171 
147.653702 123.258980 
152.368164 123.712471 
157.342941 123.086060 
167.283417 123.775131 
157.565018 123.477570 
152.384857 124.128906 
147.822937 124.001083 
