68 2
124.896332 114.880669 
125.442032 133.593155 
127.378906 151.902084 
129.675674 169.914795 
134.193832 186.995575 
142.003204 202.191589 
152.998825 215.585663 
166.530579 226.178314 
183.087265 228.969864 
199.037918 226.856308 
211.677460 216.760559 
222.368546 204.046234 
230.150940 189.413742 
235.285370 173.120758 
238.692276 157.057037 
242.229111 140.040131 
244.219208 123.137054 
133.818787 100.951714 
141.667297 93.647430 
152.826309 92.200569 
164.353012 94.374847 
174.007324 99.860168 
201.055481 101.526558 
211.780579 97.302094 
222.974899 97.017853 
233.320374 101.275360 
238.751572 109.988274 
186.301025 117.495087 
185.420761 130.029724 
184.470688 142.305893 
183.640869 154.884918 
172.116562 161.059891 
177.618973 163.754776 
183.482849 165.623352 
189.479904 164.447998 
194.899078 162.616165 
145.961884 116.046127 
152.874237 111.722824 
161.828735 112.704262 
169.180603 119.101593 
161.033600 120.751221 
152.121368 120.383247 
201.896240 121.725235 
210.461365 116.397964 
219.028122 116.917763 
224.973663 122.157608 
219.008392 125.257256 
210.417542 124.579987 
162.655930 187.323380 
170.477020 182.987808 
177.157928 181.145706 
183.014221 183.387863 
189.743500 182.139221 
196.230286 184.946960 
201.835236 189.511383 
196.415512 194.600708 
190.025757 197.501846 
182.848709 198.215744 
176.327271 196.874588 
169.660980 193.934814 
166.504135 187.375183 
176.832291 185.776627 
183.035400 187.161285 
190.016663 186.556122 
198.484802 188.975281 
190.003006 188.828232 
182.818604 189.864685 
176.538956 188.340546 
