68 2
116.419037 133.819519 
117.631889 153.375977 
120.653336 173.155380 
125.188019 191.985596 
132.003189 209.689041 
142.143265 226.085052 
155.572449 239.733856 
171.152161 250.145538 
188.818314 252.183701 
205.133972 248.195343 
217.823700 237.566864 
228.563156 223.535355 
236.502792 208.565857 
241.655731 192.861435 
245.752411 176.010193 
249.162491 158.845917 
250.948029 141.061127 
126.266762 130.596817 
137.471619 123.999962 
150.663391 124.772797 
163.325333 128.861923 
174.774017 135.249374 
203.218460 136.324432 
215.432510 130.686707 
228.223663 127.778320 
240.688065 128.556747 
248.081161 136.673187 
190.245941 148.982742 
190.091248 159.537781 
190.032913 170.254944 
190.064270 181.160461 
175.016052 188.912186 
181.752487 191.007217 
188.595108 192.930023 
195.227325 191.661301 
201.220200 189.723328 
142.397644 145.108505 
150.652176 142.160675 
160.051422 142.953247 
168.367249 148.239044 
159.487991 149.489594 
149.915680 149.213242 
208.235016 150.136963 
217.805923 145.308456 
226.698578 145.450348 
233.507111 148.574280 
227.047226 152.232056 
218.122742 152.116394 
160.966721 211.382874 
172.006973 208.634125 
181.405457 207.458725 
186.555511 209.432968 
193.128220 207.625031 
201.571335 209.638947 
209.842377 212.545868 
202.013443 219.645096 
194.076248 222.993027 
187.310501 223.772141 
180.996277 223.072601 
171.751389 219.479233 
164.897079 212.007874 
181.130722 211.917892 
186.657196 213.117599 
193.402512 211.653336 
206.111237 212.945007 
194.039871 214.238190 
187.453003 215.271133 
181.475525 214.458954 
