68 2
65.747055 94.895012 
68.478752 119.742867 
73.175041 144.119873 
78.210266 167.240570 
86.582809 187.983978 
97.540039 206.945099 
111.535980 223.602814 
128.579788 236.405823 
149.723846 240.531525 
169.332535 237.499573 
184.928345 223.946838 
197.872375 206.996643 
208.933334 188.156677 
216.537292 168.004913 
222.314590 147.549011 
227.866806 126.403603 
231.693817 103.707809 
76.543320 80.797760 
86.677963 67.801010 
103.982117 65.644562 
120.794540 70.102875 
137.206253 76.806610 
169.689514 78.344360 
185.898880 72.990570 
201.611176 68.260941 
217.176865 70.161606 
225.382553 82.656952 
153.670715 94.657417 
153.451157 109.816704 
153.273651 124.725739 
153.211426 140.358475 
134.192474 149.941101 
142.867615 153.268692 
152.255966 156.398865 
161.713913 153.491394 
170.149094 150.105164 
94.420700 97.914215 
104.489044 92.490799 
116.741852 92.184448 
127.314537 97.891617 
116.632950 101.174881 
104.535027 102.347748 
176.630692 98.870926 
187.854828 93.711159 
199.555679 94.414719 
208.041885 99.545891 
199.540787 103.483482 
188.119415 102.534729 
120.561279 185.158844 
133.267166 181.993469 
143.687500 179.669495 
151.424805 182.573166 
160.473679 180.126144 
170.338104 182.554932 
179.299942 185.101349 
170.172287 195.612625 
160.339539 201.291779 
150.383804 202.453934 
141.665756 201.249786 
131.817352 196.768860 
125.447685 186.278381 
143.109741 187.843948 
151.294464 189.191269 
160.775192 187.625061 
174.799286 186.147736 
160.583801 187.540237 
150.982147 189.339706 
142.489502 187.508316 
