68 2
179.227051 118.150513 
180.757156 132.292847 
183.353653 145.672440 
186.832932 158.568481 
191.597336 170.981018 
199.004318 181.690826 
208.458893 190.770294 
219.585205 197.738113 
231.311249 199.796127 
241.924210 197.371857 
251.318466 190.407120 
259.696350 182.130310 
266.070221 171.774841 
270.627472 159.994034 
274.047394 148.112762 
276.817505 135.253189 
278.233276 122.375160 
190.934631 104.800171 
198.167648 97.841949 
208.253357 95.194542 
218.978485 96.517723 
228.065506 100.829010 
240.033554 101.043060 
248.878723 98.264984 
258.397583 98.014992 
267.283234 101.351494 
272.744659 108.112801 
234.169006 112.229805 
234.140701 120.657227 
234.168945 128.887177 
234.171692 137.233124 
224.707108 145.954285 
228.992813 146.677887 
233.330948 147.137146 
236.851395 146.947708 
240.402206 146.467941 
201.172470 112.741608 
207.041916 108.955994 
214.260681 109.508934 
219.571243 114.940826 
213.637466 115.931602 
206.598984 115.666611 
245.572403 115.826279 
251.346008 110.766891 
258.086914 111.174187 
263.068481 115.325981 
258.288239 117.444092 
251.782089 117.340126 
218.970886 167.975189 
223.836746 161.436707 
229.863937 156.995987 
233.957306 157.678589 
237.786346 157.513947 
242.327911 162.220444 
245.587402 168.442810 
242.048126 175.186127 
237.873230 179.325989 
233.610596 180.389511 
228.770020 179.229279 
223.414291 174.977890 
222.431976 167.038437 
229.519745 160.974640 
233.645081 160.839981 
237.350586 161.561554 
242.491776 167.618317 
237.678955 172.245697 
233.727295 173.707932 
229.210373 172.240860 
