68 2
167.765976 116.841850 
167.769547 131.701187 
168.537689 145.862656 
170.129501 160.095566 
174.131470 172.690765 
182.014236 182.899246 
193.438354 191.222107 
206.475616 197.640808 
220.148468 200.068115 
233.349365 198.930756 
246.383362 194.592667 
258.690033 189.804306 
268.931885 181.518753 
275.295044 169.582901 
279.340759 156.228790 
283.144470 142.486038 
286.009857 128.105911 
179.667343 96.683968 
187.956787 90.449959 
198.270691 87.924683 
209.389893 88.553429 
219.287445 91.863770 
241.988068 92.759972 
251.902420 91.100372 
262.154877 92.553467 
270.837128 96.966736 
276.466644 104.715111 
229.816757 104.139877 
229.022629 111.374969 
228.209641 118.609222 
227.345978 126.337120 
215.710129 135.522705 
220.602203 137.173965 
225.614273 138.653503 
231.091660 138.454239 
236.120850 137.926620 
190.472305 106.116058 
197.836395 101.187134 
206.693497 101.680428 
213.777359 107.838745 
206.068100 109.026451 
197.331482 108.907227 
244.201065 110.188942 
252.118088 104.832237 
260.501465 106.168243 
266.297394 112.233940 
259.977356 113.943710 
251.860519 112.798813 
199.192978 158.054626 
208.445984 151.113785 
217.948135 147.517960 
224.573074 148.602921 
231.999649 148.857605 
240.443115 154.017273 
248.177811 162.246063 
239.385071 167.863007 
230.306885 169.120102 
222.668442 169.037170 
215.831726 168.275925 
206.864853 165.613083 
203.897812 157.782547 
217.681824 152.093094 
224.331604 152.155167 
231.805588 153.236191 
243.995178 161.287048 
231.141357 162.844269 
223.313309 162.643661 
216.609787 161.969360 
