68 2
131.710571 111.147919 
132.568558 127.118256 
134.900696 143.607681 
139.631866 158.593079 
146.913879 173.127457 
156.582947 186.203064 
168.108231 197.562424 
180.171341 207.506165 
194.502274 210.722931 
209.221603 208.310684 
222.398087 200.120926 
234.103790 188.848206 
244.094513 175.157776 
252.464294 160.552963 
257.816406 144.973541 
260.848114 128.541809 
262.672089 111.092247 
144.791443 99.970078 
153.254028 94.157455 
163.902130 92.439026 
175.114029 93.694633 
184.924698 97.400742 
202.956680 96.025917 
213.918274 92.930847 
225.028122 92.164825 
236.125870 94.666176 
244.421387 100.558899 
193.218628 112.148071 
192.465088 123.084625 
191.711456 133.844971 
191.108521 144.641052 
179.431808 146.644699 
185.008469 149.450470 
191.706482 151.462280 
198.947525 149.355652 
205.664474 146.904816 
157.184601 113.404106 
163.812164 111.563278 
170.784103 111.348122 
176.840668 113.427017 
170.698135 115.242348 
163.769058 115.729095 
211.004318 113.252861 
218.089966 111.311089 
224.790176 112.039764 
230.725403 113.633263 
224.484604 115.662933 
217.817337 115.399673 
174.670532 164.469757 
179.266281 159.751770 
185.663727 156.497864 
192.650421 157.215881 
201.054504 156.941330 
208.767563 160.520889 
215.167831 165.964813 
208.325348 176.361267 
200.595352 182.056320 
192.027954 183.343948 
184.485519 181.663727 
178.796906 175.042999 
179.547928 164.743073 
185.632355 160.316635 
192.678024 160.461609 
201.254776 160.808197 
210.574600 165.729721 
201.286591 173.371643 
192.402664 174.949356 
185.041397 172.558685 
