68 2
145.443542 66.417389 
146.439713 79.548508 
148.749420 92.998375 
152.201721 106.331406 
158.279327 118.153389 
166.656479 128.391525 
176.199631 137.130096 
187.276688 143.903549 
200.919403 144.030121 
213.809616 140.357025 
223.314240 130.600708 
230.806808 119.553871 
236.341141 107.269882 
239.682098 94.102730 
240.232498 80.817726 
239.764954 67.353371 
238.859482 54.389118 
149.796097 50.784893 
155.102722 44.310818 
163.448441 41.663555 
172.588211 41.909813 
181.158508 44.692913 
199.785950 43.424248 
207.648010 38.317013 
216.384888 35.779068 
225.135361 37.117065 
230.877930 43.113251 
191.196976 54.414536 
192.187332 63.615860 
193.301239 72.801933 
194.293060 82.076317 
182.623856 86.752388 
188.582306 89.049751 
195.043121 90.476028 
201.277618 87.407005 
206.729874 84.252197 
161.037521 58.453377 
165.439102 55.220402 
171.531311 54.892746 
176.872803 57.773396 
171.643936 59.671402 
165.705505 60.334038 
205.399277 55.589310 
210.670349 51.606304 
216.430725 51.247375 
221.385605 53.413883 
217.184814 56.073608 
211.395370 56.552433 
176.001785 107.112747 
184.096527 103.984589 
191.723511 102.528290 
197.004227 103.566010 
202.491043 101.681183 
209.884003 101.436890 
217.613449 102.496513 
210.424347 107.895210 
203.238571 110.206932 
197.180145 111.093643 
191.464539 111.146385 
183.914703 110.258057 
179.341339 106.836067 
191.530762 105.664719 
197.259506 106.307144 
202.795273 104.741119 
214.166565 102.889481 
202.641891 104.839447 
196.764587 105.958450 
191.109482 105.955963 
