68 2
105.314026 97.416351 
105.946198 118.581123 
107.923187 138.925613 
112.074936 159.297852 
118.822006 178.783798 
127.898804 196.932556 
140.427597 213.585052 
155.765289 226.799011 
175.060547 231.155273 
193.081345 228.243271 
207.591385 216.420395 
219.658020 201.293381 
227.976532 184.118042 
233.762390 165.328552 
237.726151 146.573166 
241.934631 126.801796 
244.714630 107.002960 
119.204376 86.672112 
127.855606 77.375244 
140.678314 74.694824 
154.302094 76.917877 
166.078918 83.640823 
195.358978 85.433502 
207.604553 80.639076 
220.321121 80.340912 
232.047012 85.340523 
238.192795 95.138687 
179.478333 102.781273 
178.541336 116.465363 
177.527939 129.935699 
176.719543 143.732208 
162.819061 150.331604 
169.302216 153.706711 
176.359543 156.278992 
183.541992 154.528748 
189.936188 151.919159 
133.961548 101.544441 
142.002151 96.613060 
151.979630 97.645683 
160.051941 104.469330 
151.097473 106.543076 
141.239883 106.248474 
196.825912 107.157295 
206.315384 101.611908 
215.932541 102.282936 
222.458298 107.936699 
215.644943 111.150848 
206.189316 110.338287 
152.228516 180.891739 
161.344788 175.748230 
169.128372 173.701462 
176.168304 175.724426 
184.213943 174.695862 
192.192566 177.947693 
198.807922 183.228775 
192.570496 192.160461 
184.596603 196.807953 
175.897949 198.080368 
167.778458 196.106277 
160.194885 190.950546 
156.593765 180.992111 
168.388245 178.393478 
176.084473 179.389053 
184.480972 179.150635 
195.117950 182.654907 
184.703506 187.258743 
176.060989 189.088684 
168.069519 186.703339 
