68 2
153.816406 96.047867 
155.799332 109.850883 
158.336380 122.738861 
161.437805 135.554031 
166.406723 147.137772 
174.878281 156.977493 
186.334167 163.433899 
198.493408 167.936035 
211.514572 168.607117 
224.220795 165.944672 
235.210419 158.922668 
244.824219 150.340530 
250.779083 139.477859 
253.741623 126.662544 
255.203644 114.441689 
256.258087 101.524910 
257.288696 88.624916 
161.206940 74.747993 
167.558243 67.240875 
177.363312 63.866898 
187.957596 64.395447 
197.160843 67.897453 
218.623016 66.842339 
227.381119 62.268982 
236.656570 60.734421 
245.667419 63.124771 
250.945343 70.598755 
208.607208 83.992950 
208.747513 91.289116 
208.976578 98.394775 
209.134995 105.497948 
199.316940 114.268272 
204.358124 114.846642 
209.246597 115.218781 
213.980896 114.684708 
218.567566 114.238144 
175.050598 89.313652 
180.799713 85.685356 
187.354660 85.530182 
192.980743 88.778793 
187.470810 90.841393 
180.973572 91.267250 
220.861389 87.496468 
226.399857 83.205803 
233.048660 83.074257 
238.278534 85.879387 
233.503204 88.396599 
226.943024 88.853165 
192.305084 135.622986 
197.181366 128.602631 
203.543091 124.910995 
208.632462 125.931427 
214.404709 125.256020 
221.823532 129.278961 
228.284012 135.420319 
222.765106 142.685379 
215.906357 146.119843 
209.586624 146.858078 
203.974380 145.911316 
197.535492 142.294067 
195.222244 135.282394 
203.617798 129.797607 
208.792343 129.841812 
214.970367 129.934113 
225.413879 135.325653 
215.730331 139.233444 
209.390915 139.917496 
204.006073 138.876099 
