68 2
122.910629 115.639069 
123.608467 134.361511 
125.535172 152.725128 
129.440536 169.705185 
136.404724 185.392349 
146.745483 199.983383 
159.865845 211.918640 
173.850861 221.129654 
189.618103 224.078293 
205.875397 221.866104 
221.615692 213.760315 
236.477325 204.048523 
248.113937 190.499557 
256.760620 175.631104 
262.820313 159.827499 
267.291443 142.336029 
271.061584 123.101089 
135.947495 107.618279 
146.376053 101.164391 
159.379852 101.661942 
172.737732 104.843239 
184.862091 111.023773 
207.345642 111.494438 
220.498459 107.270638 
234.106583 106.273094 
247.357849 108.417145 
256.854004 115.946747 
194.537460 125.182823 
192.807343 139.810333 
191.122116 154.572205 
189.609711 169.186707 
175.061188 167.174011 
181.639862 172.294495 
189.969940 175.935013 
198.627884 173.304749 
206.068451 169.689682 
151.244614 122.978394 
159.183624 121.955414 
167.396561 122.497398 
175.008499 125.561981 
166.953415 127.307198 
158.577530 126.899345 
214.190277 128.346695 
222.612701 126.560928 
230.500412 127.572540 
237.725800 129.705612 
230.552551 132.463211 
222.286560 131.781433 
165.750473 181.016861 
175.382599 181.550049 
183.819809 183.226242 
189.947601 185.573181 
197.468536 184.621262 
206.293900 184.864334 
215.949448 186.028503 
205.932404 192.419876 
196.609085 194.294159 
189.151718 193.861984 
182.466965 192.881226 
174.239090 189.183243 
170.042084 181.433853 
183.765457 186.036041 
189.864334 188.378601 
196.838074 187.249786 
210.859177 186.058975 
196.796921 186.856201 
189.711868 186.303238 
183.428345 185.288666 
