68 2
148.873230 67.671539 
148.235229 81.475655 
148.978210 95.761826 
151.105774 109.661499 
155.822403 122.842339 
163.440781 134.992706 
172.517136 145.747253 
183.589706 153.790771 
196.947693 155.509735 
209.585098 152.729568 
219.843750 144.027618 
228.479980 133.868332 
235.365173 122.368706 
240.617950 109.425125 
243.267715 96.110619 
244.663330 82.210419 
245.515656 68.625084 
154.998978 53.747635 
161.908508 47.815807 
171.803024 46.341003 
181.630615 48.388126 
190.141739 53.326797 
208.259720 53.832405 
216.495880 49.089779 
225.726563 46.709343 
234.768066 48.813320 
240.030334 55.684624 
199.273682 63.123089 
199.291397 72.927444 
199.415756 82.723885 
199.500214 92.709106 
186.285431 96.439301 
191.871552 99.473312 
198.119461 101.647514 
204.569992 99.387421 
210.094513 96.825752 
165.560089 62.469543 
171.212616 60.190231 
177.916977 60.920059 
183.377991 64.886703 
177.306534 66.151978 
170.693329 65.693901 
212.394150 65.996475 
219.150467 62.447250 
225.493759 62.637154 
230.107803 65.671188 
225.521500 68.417458 
219.208221 68.113510 
177.205246 117.122490 
186.006332 115.361969 
193.117447 114.487213 
197.961105 116.133316 
203.498367 114.824844 
209.777924 115.801727 
216.288895 117.571686 
209.474304 121.958954 
203.167801 124.317223 
197.166321 125.072075 
191.566605 124.220421 
184.832352 121.812958 
180.519974 117.470856 
192.354538 118.376984 
197.798126 119.274506 
203.432724 118.433502 
213.472137 117.660538 
203.375626 118.096191 
197.465027 119.114906 
191.997208 118.174545 
