68 2
137.656448 131.934708 
137.755859 147.369873 
138.661819 162.229919 
140.644211 177.126923 
144.966400 190.868011 
152.019119 203.065689 
162.685410 213.473221 
174.796967 221.421555 
188.342102 224.020859 
202.123962 222.075119 
214.103027 215.158096 
225.308411 207.203537 
234.515564 196.119629 
240.934250 182.862854 
245.208496 168.760269 
247.896790 153.391418 
249.918457 137.993225 
144.685349 120.582748 
152.533798 114.313911 
163.866180 113.687187 
174.763123 116.133339 
184.893860 120.374916 
201.298050 119.810913 
212.008301 116.829086 
223.141556 115.681290 
233.882568 117.620956 
241.134659 124.751183 
192.496704 130.137558 
192.069962 140.424026 
191.746964 150.671082 
191.395325 161.088745 
179.703064 165.983444 
184.591919 168.192474 
189.854797 169.741852 
195.859177 168.538269 
201.263672 166.618103 
155.905823 130.547745 
162.123062 127.017960 
169.821121 127.590073 
175.646896 132.555984 
168.930145 134.051437 
161.290878 133.819168 
207.597351 133.484482 
214.502151 128.763824 
222.265594 129.376984 
228.111145 133.394394 
222.303787 136.064087 
214.757309 135.722961 
170.198547 186.856018 
176.257095 181.630035 
182.774902 179.125290 
188.243439 180.626617 
194.620865 179.618225 
201.339920 183.029999 
206.896545 188.927307 
200.792648 196.611588 
193.708221 199.948700 
187.102600 200.432693 
181.019302 199.205399 
174.644272 194.719620 
174.111954 186.985489 
182.508850 183.267090 
188.002975 183.811478 
194.402496 183.753967 
203.176865 188.854858 
194.094513 191.617661 
187.585373 192.489090 
181.810318 191.092346 
