68 2
88.075089 114.141930 
88.150864 130.821106 
89.647415 146.795349 
91.669487 162.305710 
95.962448 177.490082 
103.536415 191.603012 
115.092636 203.169083 
129.154373 211.847488 
144.075760 215.296066 
159.417572 213.386414 
173.260605 205.795425 
184.443542 194.991028 
192.407242 181.613892 
197.215530 167.147537 
200.776245 152.497482 
203.924179 137.157410 
205.750610 121.548676 
101.055023 97.777046 
109.952606 93.591949 
120.058472 93.104248 
129.936615 96.022369 
138.769196 100.003220 
160.191101 99.915138 
169.601837 97.476913 
178.671356 96.220703 
187.589111 97.115112 
195.193909 100.634735 
149.331726 114.196968 
148.770325 124.131065 
148.173401 134.026886 
147.601425 144.189774 
136.076843 150.783783 
141.167557 153.421860 
146.589096 155.386520 
152.167206 154.015198 
157.251617 152.053528 
113.093536 114.955948 
119.816925 113.135124 
126.932091 113.587051 
133.053375 117.001747 
126.297028 118.534630 
119.341347 117.900215 
163.872101 118.479752 
170.343689 116.156845 
177.021149 116.491875 
182.922470 119.129669 
177.108353 121.154350 
170.575790 120.775063 
122.912354 172.674774 
132.032776 167.660263 
140.399963 165.492554 
146.129440 166.816650 
152.770828 166.046951 
160.700790 169.064880 
168.007660 174.047104 
160.714584 183.660553 
152.632889 188.030441 
145.394531 189.000031 
138.803635 187.857346 
130.688858 183.156281 
126.641449 173.081711 
139.970917 169.915161 
145.885284 170.351547 
152.723022 170.345657 
164.394836 174.316238 
152.720947 180.351700 
145.764725 181.374466 
139.699539 180.410614 
