68 2
135.636200 149.668030 
135.380661 166.635605 
135.976059 184.356735 
137.347824 201.397766 
141.840622 217.494064 
150.641235 231.493439 
162.706940 242.846603 
176.223557 252.425125 
191.498901 255.430176 
206.479980 252.916336 
219.694397 244.883972 
232.306915 235.165665 
242.438797 222.263443 
248.932587 207.161850 
252.737122 191.406906 
255.244736 175.712891 
257.462280 159.212952 
141.954712 146.847198 
150.444824 138.467300 
163.540680 137.302002 
176.194931 139.662781 
187.653946 145.010040 
204.209183 145.794891 
216.877029 141.626099 
230.069519 140.336777 
242.479218 143.809189 
250.229385 152.626343 
196.028564 156.317474 
195.430878 168.047577 
194.860275 179.732452 
194.378967 191.731522 
180.337540 195.839920 
186.417694 198.701172 
192.913086 201.067795 
199.598129 199.291870 
205.569519 197.303955 
155.485535 154.484467 
162.846634 150.546478 
171.790863 151.451996 
178.133316 158.128113 
170.541870 159.401031 
161.704666 158.768936 
211.998917 160.045135 
220.196198 154.400238 
229.305389 154.937775 
235.959259 159.344543 
229.440353 162.749496 
220.538620 162.467072 
169.390060 215.912582 
178.664490 212.729813 
187.053864 211.738693 
191.769760 214.009796 
197.446228 212.426590 
205.387726 214.720459 
213.634735 218.300705 
205.123245 226.198654 
196.752258 230.505264 
190.589935 231.363708 
184.818512 229.729431 
177.207703 224.318954 
173.404251 216.623489 
186.403152 215.684372 
191.504822 217.057800 
197.202576 216.308167 
209.688019 218.320816 
196.960938 222.528290 
190.971161 223.707626 
185.471359 221.942749 
