68 2
141.404358 138.919617 
140.758392 155.459732 
141.092514 172.122467 
142.404861 188.254395 
147.072464 203.791824 
155.938614 217.267273 
168.293579 228.889297 
183.320435 237.348419 
200.785492 239.662659 
218.406815 238.386154 
235.073730 232.280167 
250.329758 222.830688 
262.925964 210.598083 
271.122925 194.799988 
275.024292 177.656204 
276.724457 159.793457 
278.099976 142.471786 
153.381836 115.698639 
160.890747 107.452690 
171.645584 105.001877 
183.438019 105.553581 
194.308136 109.147163 
219.909622 107.864571 
232.055359 104.776855 
244.127335 104.161102 
256.069519 106.521736 
264.600983 114.369141 
206.184418 123.507843 
205.305725 133.624435 
204.217377 143.674225 
203.124557 154.095612 
190.312469 163.413040 
196.166199 165.362350 
202.564575 167.341492 
210.270447 166.276672 
217.660538 165.128174 
164.722961 131.411896 
172.261169 127.925453 
180.883835 127.383705 
188.628128 130.613861 
180.906006 132.737656 
172.599930 133.338242 
226.812103 130.306381 
235.353699 126.813370 
244.081680 127.265503 
251.290314 130.892136 
244.356094 133.016144 
235.955978 132.494400 
176.021835 188.702759 
183.492615 181.145782 
193.178543 177.787079 
200.052216 179.409775 
208.290665 178.545471 
219.596085 182.981873 
230.320969 190.828888 
219.559875 199.050385 
208.265991 202.088364 
199.947464 202.078003 
192.572678 201.460571 
183.199203 197.691589 
181.244186 188.372131 
193.277039 185.097321 
200.038406 185.879501 
208.402039 185.527176 
224.958817 189.897842 
208.621094 191.501556 
200.159393 191.862396 
193.061401 191.253922 
