68 2
160.212860 118.208344 
159.450943 131.760147 
160.323822 145.734924 
162.505569 160.401581 
167.081604 174.215439 
172.841492 187.231003 
180.585846 198.721344 
190.487961 207.418686 
203.980225 209.525513 
218.349014 206.770935 
229.825378 198.015320 
238.924103 186.874329 
246.029846 174.115051 
251.175430 160.551575 
254.226135 147.019409 
255.776917 132.743744 
256.567963 118.226578 
164.434158 105.481567 
170.100143 99.772873 
178.768814 98.196098 
187.674011 99.713295 
195.857254 103.071877 
215.919510 103.150665 
224.192734 99.042831 
233.297195 97.410950 
242.110901 99.003624 
247.811798 105.071701 
205.710205 112.655922 
205.160110 122.663818 
204.761978 132.652283 
204.268631 142.918228 
193.085999 146.920593 
198.319153 150.128220 
204.483902 152.408875 
211.275772 150.135376 
217.197113 147.388168 
174.998352 115.501328 
180.210617 112.415497 
186.854370 112.332367 
192.153503 115.584091 
186.489960 117.932983 
179.967377 118.194183 
219.874939 115.767853 
226.660858 112.477081 
233.157394 112.801567 
237.653839 115.645180 
232.969070 118.370117 
226.591034 118.166382 
184.989243 172.387024 
192.161072 168.532761 
199.724792 166.807144 
204.901794 168.620148 
210.766312 167.031372 
218.232712 168.602341 
225.073792 171.819885 
218.295380 178.720184 
210.913315 181.660492 
204.431580 182.324310 
198.480560 181.345108 
191.165161 178.478638 
187.780975 172.668396 
199.474152 171.987534 
204.882614 172.782166 
210.880463 172.194946 
222.036514 172.432693 
210.871124 173.957016 
204.562149 174.775879 
199.150208 173.740417 
