68 2
101.765533 118.024117 
101.754860 133.870285 
102.953644 149.171204 
104.292755 164.077774 
107.694565 178.759521 
114.830048 192.211975 
126.033867 203.499435 
140.463959 212.318542 
156.299042 215.816544 
171.636292 214.197235 
185.639542 207.540833 
197.153259 198.161331 
205.570969 185.661163 
210.376984 171.479019 
213.834442 157.181671 
216.916000 142.557739 
218.554657 127.808525 
114.403282 102.436707 
122.809517 96.720619 
133.594971 95.618591 
143.902710 98.451637 
152.958466 103.354546 
173.757095 103.287491 
183.233475 100.378334 
192.598694 99.374336 
201.805618 100.702110 
209.031784 105.619675 
163.244934 116.326569 
162.559525 126.475922 
161.841278 136.590424 
161.088257 146.976624 
148.965546 152.980225 
154.433044 156.173141 
160.168854 158.522919 
166.152710 156.718887 
171.485428 154.118652 
126.204620 117.434235 
133.298615 114.093246 
141.330032 114.788170 
148.028946 120.171944 
140.675110 121.625557 
132.817810 120.862709 
177.059387 121.875748 
184.199036 117.370224 
191.791687 117.614380 
197.707260 121.999809 
192.008591 124.491348 
184.603378 124.041473 
134.209534 172.272034 
144.080215 168.348358 
153.030579 166.900040 
159.356369 168.554596 
166.094162 167.798431 
174.500229 170.434753 
183.037750 174.913376 
174.303818 183.659195 
165.513168 187.589233 
158.165222 188.401108 
151.308533 187.134827 
142.583069 182.750320 
137.931824 173.078964 
152.568481 170.959824 
159.168640 171.556870 
166.096725 171.764465 
179.413025 175.403641 
165.736374 180.353851 
158.533371 180.981262 
151.873291 179.926102 
