68 2
108.746567 134.120300 
109.494186 147.900513 
111.859184 161.151978 
115.171982 174.143616 
119.405487 186.621521 
125.972237 197.816925 
135.216797 207.307205 
146.331116 214.312332 
158.955124 216.294159 
170.619919 213.988113 
180.650192 206.942673 
188.769119 197.531311 
194.070129 186.106903 
198.012024 173.936340 
201.344162 162.462494 
203.974472 150.276672 
205.398514 137.971909 
118.488701 120.846954 
125.906830 113.656815 
136.191498 110.748795 
146.753372 111.848511 
156.008728 116.004326 
167.478531 115.932892 
177.046204 112.973129 
186.730820 113.006836 
195.666534 116.470795 
200.526062 123.667656 
161.883713 127.417793 
162.008224 136.311234 
162.002747 144.984985 
162.196808 153.876831 
151.894394 161.845886 
156.388077 162.921387 
160.823975 164.069748 
164.726776 163.458466 
168.468521 162.591705 
129.364212 129.065979 
135.263184 125.601898 
141.763397 125.991241 
147.090149 130.739624 
141.328964 131.443665 
134.909195 131.099960 
173.367310 131.298203 
179.448975 126.944336 
185.733826 127.305527 
190.521393 130.972687 
185.697449 132.601059 
179.574051 132.438705 
140.973343 183.444992 
147.510071 176.774963 
155.468750 173.288391 
159.817657 174.336212 
164.503754 173.659851 
170.996094 177.911057 
175.252609 184.701416 
170.653519 193.516144 
164.111877 198.082596 
159.065216 198.759415 
153.854584 197.792145 
146.517014 193.144699 
143.939423 183.379166 
155.311768 178.516983 
159.539825 178.486008 
164.231384 178.888046 
172.649490 184.796524 
163.887573 190.079681 
159.080627 190.625488 
154.608688 189.929642 
