68 2
130.322647 116.791542 
130.072479 134.656769 
131.594406 152.347977 
133.974731 169.986740 
138.454727 187.167648 
145.650421 202.686874 
156.150589 216.571503 
168.808807 227.663986 
185.020325 231.149231 
200.736633 229.130066 
212.777420 218.471848 
222.422302 205.035156 
229.290741 190.240005 
234.148132 174.634689 
237.839432 158.882721 
241.285965 142.270767 
243.436218 125.663643 
141.021057 104.596382 
148.283768 97.650902 
159.012543 96.515053 
169.717239 98.999748 
178.663940 104.534904 
204.948105 106.996140 
214.906631 102.784790 
225.195602 102.407150 
234.825134 106.422882 
239.039307 115.214424 
190.507751 120.579140 
189.716553 132.658951 
188.811295 144.698227 
187.924408 156.957184 
176.495544 162.391449 
181.675217 165.245911 
187.410599 167.263687 
193.355362 165.993134 
198.898331 163.921219 
152.448685 118.855453 
158.923187 115.100250 
166.832581 115.948761 
173.131897 121.476669 
165.980316 122.843643 
158.177475 122.429962 
205.675858 124.524170 
213.318680 120.313461 
220.915604 121.024384 
226.080734 125.529869 
220.678528 128.022995 
213.208405 127.135010 
166.106110 186.181549 
174.237320 183.607864 
181.052322 182.541855 
186.518967 184.720276 
193.157761 183.748734 
199.846252 185.938568 
205.000412 189.114944 
199.484238 195.974396 
192.627274 199.713913 
185.691162 200.421066 
179.450546 198.736435 
172.931610 194.534103 
169.545883 186.759811 
180.657898 186.779465 
186.466736 188.192322 
193.266266 187.714081 
201.669464 189.204651 
192.974136 191.512817 
186.027908 192.636826 
180.015640 190.704773 
