70 2
72.664223 54.784157 
75.471901 83.343483 
80.854042 111.235825 
87.666077 137.672958 
97.163734 161.977066 
110.857544 184.522568 
130.377441 202.348236 
153.166077 214.456055 
179.683990 217.215012 
205.980011 212.496033 
226.994461 197.013580 
244.305771 177.018021 
256.541809 155.642242 
263.904114 131.563049 
268.488495 107.951286 
272.463562 83.062042 
274.383789 57.785164 
89.117928 19.295650 
102.907928 5.128644 
122.348007 -0.973345 
143.584793 0.002330 
162.699829 5.114995 
199.711365 5.184988 
218.757141 0.166662 
238.510529 0.492149 
255.981583 6.752122 
266.461853 21.558878 
180.967850 26.213764 
181.148544 40.837826 
181.189880 55.063618 
181.384827 70.698174 
158.021271 92.021622 
168.628418 95.641609 
179.880722 98.567223 
191.559967 96.052216 
201.829559 92.477013 
110.333076 41.931301 
121.976494 35.746586 
136.132675 34.265015 
149.886337 38.993317 
136.818527 43.411354 
122.683975 44.989368 
208.177460 38.855896 
221.733780 34.756348 
235.005402 36.632393 
245.662003 42.692719 
235.081680 44.999500 
221.526917 43.336678 
136.976517 144.392578 
152.924713 129.790955 
168.050049 123.418510 
178.763992 126.641930 
190.801697 123.869476 
205.205338 130.897522 
217.303543 144.099380 
204.570816 154.319168 
190.156693 158.980042 
177.688324 160.181992 
166.202820 158.911880 
151.702698 154.186584 
144.953873 142.428070 
167.865875 133.816498 
178.633057 135.022614 
191.234848 133.900818 
209.405289 143.192200 
190.851608 143.820480 
178.165192 145.637802 
167.234528 144.029236 
126.699997 37.900002 
225.899994 36.200001 
