68 2
81.542877 71.152069 
81.004990 87.348732 
81.936913 103.518036 
83.770554 119.075348 
87.958923 134.451721 
94.579781 147.651794 
103.584175 159.411377 
114.604828 169.185379 
130.484543 172.245789 
146.522003 171.047012 
160.508804 163.700317 
172.376572 153.121033 
182.476929 140.347397 
189.370102 124.735733 
192.932343 108.643066 
195.693008 91.971924 
197.756134 75.610794 
86.219780 54.468658 
91.957794 45.793781 
102.256668 42.584183 
113.265625 43.351315 
123.600449 47.018368 
143.975159 48.246414 
155.688446 43.814194 
168.289993 42.733120 
180.269882 46.664852 
188.051651 56.115646 
133.318481 60.193134 
132.445618 71.226929 
131.622391 82.284698 
130.726990 93.514832 
118.947998 100.067345 
124.497284 103.260498 
130.832611 105.476105 
138.768936 103.550873 
145.857178 101.097450 
97.590569 63.748753 
104.245888 59.126194 
112.931770 59.235764 
119.733047 64.997414 
112.388504 67.267693 
103.764107 67.295937 
151.124420 65.905212 
159.925308 60.122177 
168.488098 60.372089 
174.494324 65.530731 
168.480392 69.080246 
159.861877 68.631622 
109.506401 127.767105 
117.219566 123.407051 
125.470810 121.299103 
131.100739 122.461967 
137.803680 121.450043 
146.276077 123.740494 
154.900482 127.399483 
146.205215 129.631485 
137.879837 130.044708 
131.239029 130.130539 
125.368286 129.913788 
117.424995 129.320969 
114.007965 126.827011 
125.375031 124.982162 
131.173157 125.640663 
137.722870 125.071045 
150.219055 126.290283 
137.976593 124.532906 
131.521423 124.826485 
125.557076 124.462929 
