68 2
136.214920 114.383629 
136.640457 135.033066 
139.072601 154.798981 
140.460251 174.442245 
144.923569 193.507370 
153.822296 210.384445 
166.590103 224.793686 
182.319519 237.719299 
201.954651 241.906555 
220.335098 239.844208 
235.682968 229.078918 
248.195389 214.360672 
257.939392 197.627121 
263.893188 178.268692 
267.723633 158.711761 
271.486572 138.780640 
273.518341 118.730850 
142.716843 106.667969 
151.455109 94.636139 
166.825134 90.413315 
182.722198 92.656273 
197.555740 98.438934 
215.342514 98.780487 
230.826874 94.400116 
246.428955 93.071465 
261.327515 98.068329 
269.509644 110.125351 
206.799652 113.960991 
206.151627 126.322578 
205.460037 138.676483 
204.722198 151.728149 
189.457947 161.721497 
196.814407 164.538361 
204.378601 166.739548 
212.042221 165.003967 
218.925766 162.904083 
159.077820 115.039917 
167.776001 109.388275 
178.904526 109.922333 
187.209763 118.370415 
177.967056 120.767174 
166.839615 120.436493 
224.677109 119.670059 
234.578262 111.645866 
245.248886 111.813530 
253.147873 118.043297 
245.963867 122.854332 
235.250839 122.583740 
174.912292 191.874374 
186.063171 188.270142 
195.851257 185.571533 
202.050400 188.433746 
209.139954 186.232010 
219.089661 190.568848 
230.405487 195.340714 
219.631500 201.788101 
209.995255 203.346375 
202.248154 203.550583 
194.974182 202.577988 
185.505600 199.751297 
179.758972 192.940247 
195.363083 192.193283 
202.010193 193.375610 
209.379822 192.817032 
225.682388 195.528564 
209.688309 193.884048 
202.239044 194.490814 
195.525055 193.150452 
