68 2
100.021233 30.083500 
101.302292 52.576992 
105.283508 74.079056 
110.115639 94.781380 
117.193741 113.753136 
127.567665 132.012741 
140.804749 147.071060 
155.752228 158.599030 
174.397110 162.147400 
192.504333 159.181427 
208.428207 147.764084 
222.468384 133.850922 
233.504562 117.679756 
240.934891 99.291054 
246.648376 79.840042 
251.489288 58.543892 
254.477722 37.568657 
109.441887 11.943130 
120.384628 1.225131 
136.162399 -0.406260 
152.648499 3.099844 
166.549484 10.490454 
193.491638 10.550802 
208.173401 4.333438 
223.633606 2.491334 
238.557068 5.493979 
247.986389 16.665480 
179.232086 24.920506 
178.487228 38.564579 
177.803162 52.373848 
177.028046 66.711479 
159.502777 77.835175 
167.538635 80.710793 
175.929352 83.553833 
184.917831 81.839355 
192.978043 79.783562 
123.687202 28.835218 
132.828842 23.325499 
144.528870 23.872448 
154.991226 31.247751 
143.974487 33.589863 
132.165054 33.897385 
201.169220 32.500523 
212.458115 25.534353 
223.770874 26.331465 
232.302032 32.338844 
224.476349 36.121719 
212.673401 35.388165 
145.397812 108.639961 
156.840851 103.332542 
166.621109 100.484077 
173.484680 103.745964 
181.747604 101.916710 
192.255676 106.155624 
203.653839 110.739258 
191.780457 119.999474 
180.941772 123.508507 
172.115372 123.757675 
164.310013 122.427353 
154.893356 118.276154 
149.769699 108.921974 
166.320084 106.825958 
173.366776 108.611603 
181.759338 107.916969 
199.048035 111.298660 
181.293716 112.980995 
172.622665 113.829315 
165.544647 112.109444 
