68 2
120.477890 101.308723 
121.030708 119.402130 
123.279625 137.545959 
126.652382 155.339355 
133.060349 171.540695 
142.571594 185.627136 
154.086334 198.071014 
168.573547 207.642487 
186.104950 209.217972 
203.101135 206.715027 
215.539978 196.086029 
226.262817 182.983353 
234.875427 168.921585 
240.460129 153.550919 
243.407410 137.071564 
245.525208 120.871368 
246.084900 104.403893 
128.313095 84.414055 
135.559143 73.114494 
148.094833 68.251350 
162.319672 69.417694 
174.861557 74.510612 
196.566345 74.296570 
209.426880 70.170372 
222.461578 70.429115 
234.228821 74.494667 
240.172607 85.007828 
185.374847 90.601044 
184.878738 101.752586 
184.324936 112.850662 
183.887375 124.242226 
169.369095 133.441360 
176.552979 136.041107 
184.108536 138.211914 
191.997757 136.287430 
199.303131 134.383041 
142.017776 95.123749 
149.534821 90.012978 
159.193024 89.880966 
167.582397 95.495636 
159.166656 97.945709 
149.854828 98.426422 
201.969696 96.091782 
211.207367 90.675880 
220.352356 91.232841 
227.109558 95.945709 
220.485626 98.954460 
211.574783 98.651382 
158.500900 165.071442 
168.785904 157.257813 
178.144485 153.102066 
184.553406 154.870422 
192.145615 153.285706 
202.791580 158.012878 
212.244934 165.290039 
203.236176 172.820572 
193.176971 176.161942 
184.953613 176.725891 
177.673737 175.986771 
168.570374 172.877731 
162.708282 165.322815 
178.175598 159.243622 
184.793945 159.545380 
192.730194 159.144547 
208.447067 165.349060 
192.960861 167.049789 
184.786819 167.913834 
177.919662 167.104752 
