68 2
143.994812 89.685295 
145.210449 102.920509 
147.389236 115.587006 
149.858307 128.124237 
154.309280 139.653381 
161.285568 150.471100 
170.184021 159.509384 
179.700928 167.309494 
191.344528 168.915161 
202.559616 166.645325 
212.259674 159.289185 
220.651352 150.696823 
227.425919 140.438126 
231.581024 128.740402 
233.714905 116.686958 
236.199951 104.268448 
238.259445 91.698639 
149.918396 85.328842 
155.650818 79.043861 
164.332458 77.836288 
173.019363 79.813316 
180.973007 83.250870 
199.652878 82.990295 
208.426239 80.149185 
217.357712 79.426170 
225.951309 81.692749 
231.658417 87.744942 
190.925262 91.186928 
190.998398 99.561493 
191.015457 107.989838 
191.010239 116.657867 
180.850494 120.073715 
185.669693 121.778130 
190.608002 123.275253 
195.561203 121.727608 
200.202744 120.127548 
159.461365 91.930923 
164.527649 88.901855 
171.120148 89.180138 
176.625687 93.578735 
170.834976 94.634956 
164.273682 94.509102 
203.951843 94.179527 
210.078918 90.246109 
216.159363 90.463654 
221.137009 93.511673 
216.566376 95.906860 
210.222824 95.778229 
170.394531 133.570938 
177.876160 130.753250 
185.395706 129.895935 
190.464005 131.299713 
196.334412 130.042480 
203.799622 131.139572 
210.447418 133.849380 
203.927490 141.310013 
196.304703 144.347260 
190.321640 144.857773 
184.778748 144.376617 
177.296387 141.494446 
173.422180 133.852722 
185.379166 132.983765 
190.445740 133.768936 
196.128860 133.066299 
207.461502 134.083710 
196.082916 139.101654 
190.262756 139.733078 
185.079208 139.113693 
