68 2
121.961128 75.493134 
121.130859 91.056015 
122.170395 107.251335 
124.786201 123.030113 
129.853409 138.271011 
136.296936 152.787704 
145.453629 165.955292 
156.630341 175.782501 
171.477158 178.452209 
186.539856 175.568024 
199.257462 165.817596 
209.261063 153.555283 
217.277222 139.463104 
223.089417 124.708946 
226.457062 109.581268 
228.938477 94.259033 
230.621262 78.409157 
126.535797 65.850746 
134.335022 61.009609 
144.088715 61.302658 
153.573486 64.156403 
162.490616 68.425392 
185.991776 68.207741 
195.309708 63.007431 
205.394409 60.403130 
215.499176 61.147442 
222.300964 67.205406 
174.664932 76.928055 
174.154724 89.416168 
173.736893 102.013580 
173.124695 114.782318 
160.481400 115.750122 
165.862091 119.700768 
172.315720 122.799248 
179.405807 119.910439 
185.312576 116.446289 
138.153931 76.447464 
144.254669 72.868439 
152.510071 73.219986 
158.658478 78.306313 
151.785187 81.067123 
143.725662 80.828529 
189.740707 78.769806 
196.960037 73.723122 
204.871765 73.937592 
210.306061 77.814552 
205.019760 81.873642 
197.305008 81.685699 
149.934052 139.927002 
158.625610 137.970459 
167.228455 136.542679 
172.371277 138.191833 
178.331360 136.875656 
186.173447 138.520691 
194.004517 140.010666 
186.422729 148.184326 
178.555817 151.803925 
172.031281 152.475052 
165.911514 151.795837 
157.391342 148.048615 
153.160522 140.779190 
166.959885 142.192444 
172.359314 143.053802 
178.186646 142.298126 
190.768967 141.030197 
178.309494 142.780945 
172.229309 143.521347 
166.848938 142.711884 
