68 2
147.850403 71.600983 
148.232285 84.575005 
150.119675 97.976990 
153.102219 111.013390 
158.524292 122.994316 
165.864716 134.270462 
174.463898 144.337662 
184.720398 152.489365 
197.622421 153.518402 
210.296173 150.319443 
220.517014 141.404175 
229.158798 130.709854 
235.688446 118.537018 
240.521622 105.296959 
242.285995 91.675835 
242.914230 77.906685 
242.917969 64.633537 
152.226257 57.878155 
157.577698 51.898434 
166.187500 49.962543 
175.146515 51.020760 
183.345398 54.357082 
201.052551 53.715988 
209.264893 48.465542 
218.583572 45.376385 
228.191574 46.324806 
234.801620 52.647099 
192.664093 64.397667 
193.134064 74.497650 
193.712204 84.676590 
194.144226 95.006874 
182.627533 97.981133 
188.236649 100.697754 
194.503891 102.520020 
200.931732 99.677826 
206.339676 96.708031 
162.228165 66.436501 
167.265213 63.120476 
174.034241 63.084961 
179.722916 66.559731 
173.944611 68.799622 
167.303650 69.197578 
206.649277 65.189507 
212.667831 60.640816 
219.091461 60.233379 
224.279327 62.858601 
219.796173 66.027901 
213.390381 66.606621 
175.857773 116.997772 
183.439270 114.341339 
190.062454 112.845917 
195.284027 113.655159 
200.927795 112.283363 
207.606293 112.759979 
214.630142 114.188583 
208.039322 118.775894 
201.475235 121.257133 
195.371399 122.143646 
189.784576 121.941093 
183.215637 120.575768 
179.387512 117.002228 
189.971298 116.254745 
195.548157 116.659210 
201.163696 115.644196 
211.557236 114.491486 
201.064926 115.933105 
195.150589 116.884033 
189.610168 116.600967 
