68 2
89.307693 97.912132 
89.413033 116.242592 
91.084976 133.849792 
93.081604 151.622299 
96.699631 169.069077 
105.271324 184.890961 
118.289589 198.458923 
134.497742 208.458481 
153.363144 211.437012 
172.585175 208.512115 
189.039658 199.593781 
202.678452 186.994202 
212.227798 171.569748 
217.536133 154.063248 
220.512878 137.051300 
223.131210 120.062469 
224.158264 103.030434 
101.586403 81.389069 
110.441811 73.129852 
122.600304 70.524078 
135.151138 73.296318 
146.230637 78.420677 
171.274399 78.204308 
183.240784 74.640976 
195.099014 73.273262 
206.514282 75.701462 
214.299042 82.946838 
159.065811 95.157135 
158.510971 106.440094 
157.887390 117.614365 
157.254913 129.055008 
143.629654 138.168213 
150.149551 141.320007 
156.922897 143.540405 
163.688370 141.457581 
169.837585 138.747452 
116.213242 97.838837 
124.267174 93.763901 
133.562454 94.238060 
141.640381 100.098061 
133.043564 102.047073 
123.848907 101.669418 
175.264069 101.238495 
183.682922 95.835625 
192.530869 96.117004 
199.630554 100.772736 
192.757858 103.775703 
184.016556 103.580597 
126.937904 162.031097 
138.831268 156.849487 
149.560608 154.684357 
156.022324 156.615021 
163.487411 155.223831 
173.661102 158.090897 
184.339203 162.828339 
173.540634 173.436401 
163.393066 178.275314 
154.991394 179.449295 
147.625580 178.363083 
137.114944 173.614578 
131.137695 162.714554 
148.937546 159.848999 
155.869766 160.542023 
163.776047 160.234741 
180.157837 163.602524 
163.462479 169.367813 
155.149689 170.630585 
148.071350 169.677841 
