68 2
120.754608 64.730415 
119.426758 77.057770 
119.229523 89.890900 
120.661705 102.593788 
124.401581 114.884575 
129.729141 125.786324 
137.164429 135.202240 
147.127533 142.559952 
159.753723 144.982483 
173.222824 144.029541 
185.939178 138.548508 
197.232666 131.491302 
207.078186 121.936523 
214.194626 110.828033 
218.960907 97.976044 
221.368484 84.369003 
222.567657 71.053238 
128.017029 48.763847 
133.714554 42.739094 
142.776306 40.787735 
152.121216 42.238365 
160.471420 45.486710 
176.079910 46.323296 
184.756165 43.455585 
194.061600 42.925781 
202.687210 45.753708 
208.178253 52.151569 
167.484802 56.521912 
166.845886 64.371284 
166.195175 72.399925 
165.523056 80.635788 
154.755310 87.419205 
159.429581 89.909210 
164.655823 91.478783 
170.649002 90.346992 
176.070145 88.492432 
137.068039 56.582554 
142.637070 53.276203 
149.315964 53.777592 
154.456238 58.386040 
148.433533 59.866169 
141.859344 59.601555 
180.474686 59.794304 
186.719589 55.601395 
193.385193 56.453781 
198.426895 60.251823 
193.106903 62.871643 
186.576782 62.336201 
145.089417 110.752731 
152.543015 106.965973 
159.715332 104.258240 
163.631729 105.739532 
168.703247 105.028839 
175.037170 108.067451 
181.865051 112.644501 
174.439102 116.340874 
167.446426 117.884186 
161.997040 117.808868 
157.364685 117.100922 
151.411179 115.427650 
148.286926 110.765823 
159.060303 107.904327 
163.320068 108.357353 
168.359558 108.637581 
178.926575 112.264038 
168.081543 111.828468 
162.579422 111.993629 
158.433182 111.421646 
