68 2
107.887939 132.422699 
108.452301 145.764374 
110.421982 158.928192 
112.330727 171.931458 
115.851997 184.460907 
122.088310 196.175323 
130.422150 206.562439 
141.167297 214.639221 
153.913986 216.971130 
166.274277 215.109406 
176.481308 207.324463 
184.761169 197.504196 
190.775513 185.830948 
194.945343 173.491592 
197.719177 161.455307 
199.966354 149.233948 
201.273499 136.709320 
116.521446 123.466904 
123.523193 116.803864 
133.532120 114.878876 
143.646820 116.461792 
152.371658 120.855942 
163.601074 121.163910 
172.629807 117.815292 
182.035126 117.372627 
191.045837 120.227631 
196.419769 126.802002 
157.947922 130.503967 
157.648926 140.056061 
157.310699 149.618591 
157.010941 159.364059 
145.200867 163.077499 
150.448486 165.352753 
156.149582 167.498718 
161.567535 165.906708 
166.439575 163.813538 
127.074722 130.578476 
132.949387 127.681084 
139.215256 128.433624 
144.346130 133.087952 
138.497192 133.550323 
132.366531 132.807724 
169.131317 134.098587 
175.186493 129.815262 
181.273422 129.900726 
186.022797 133.304062 
181.390564 135.156189 
175.446594 135.072662 
132.927307 180.636169 
140.171326 175.992249 
148.602585 174.653259 
154.397934 176.188095 
160.687988 175.277466 
168.402222 177.963516 
174.276169 183.160934 
168.272736 192.644241 
160.947189 196.904999 
154.140320 197.477295 
147.401825 196.244354 
139.302414 191.186310 
135.454346 181.070862 
148.166428 178.523224 
154.149994 179.182755 
160.728836 179.173828 
171.981476 183.467880 
160.966797 189.983948 
154.153427 190.617889 
147.833984 189.489807 
