68 2
115.504448 67.923309 
114.254082 83.921112 
114.791260 100.613037 
116.589996 117.740318 
120.820381 134.464493 
127.005646 150.266342 
135.508987 165.100998 
146.206802 176.460587 
161.508240 179.833054 
177.242401 178.380951 
191.297073 168.997910 
202.693451 156.311188 
212.232101 141.766891 
219.615524 126.046913 
223.760437 109.857063 
226.887573 93.162834 
229.343750 76.352104 
120.490448 59.047607 
128.450272 53.664108 
138.377548 53.674679 
148.172241 56.812099 
157.143570 61.727364 
181.774200 62.388046 
192.174255 57.923271 
203.031311 56.141426 
213.444107 58.385635 
219.648239 66.134178 
169.122498 71.205536 
167.955994 84.220001 
166.963440 97.357384 
165.731216 110.803192 
152.931229 111.939659 
158.261612 116.382660 
164.780579 119.638077 
172.175186 117.264297 
178.437759 114.095474 
132.340164 68.948608 
138.948380 64.982536 
147.335938 65.563324 
153.139938 71.606255 
146.055573 73.978851 
137.930801 73.547943 
185.465393 74.258904 
193.292770 69.303955 
201.284164 69.876892 
206.701904 74.542915 
201.074890 78.151901 
193.230652 77.500862 
141.515839 135.789520 
151.009964 135.811218 
159.251511 135.818634 
163.927658 137.763336 
169.831650 136.763779 
177.850739 138.414734 
187.202164 139.244644 
177.907166 143.989212 
169.354462 145.409607 
162.995087 145.249237 
157.448700 144.214767 
149.688065 141.254120 
145.390533 136.326935 
158.741638 138.620667 
163.572220 140.243347 
169.244675 139.625763 
183.416550 139.310120 
169.551407 138.038651 
163.682083 138.360245 
158.789276 137.063278 
