68 2
126.890663 116.253922 
126.848671 132.503204 
128.177673 148.705170 
131.929672 164.754822 
137.642761 179.527161 
147.507629 191.912567 
160.308273 201.946579 
174.826904 209.259460 
191.574478 211.006271 
209.022644 209.422791 
224.301239 202.846466 
238.332214 194.046799 
248.986084 181.436966 
256.041412 166.245712 
259.058014 150.232422 
260.322052 133.056519 
260.706604 116.770317 
137.711365 90.723236 
144.144897 80.996574 
154.672806 75.660950 
166.865616 74.259903 
178.154694 77.417694 
205.608139 75.527870 
217.711914 71.789093 
230.212296 72.782997 
241.908142 77.985962 
248.206482 88.284630 
191.084473 97.954811 
190.828033 108.264275 
190.512772 118.886200 
189.990265 129.492966 
177.097687 138.302658 
183.623657 139.033218 
190.130997 140.075439 
197.517044 139.148468 
204.734756 138.478821 
149.324646 104.240845 
155.677216 98.497353 
164.101227 97.841026 
171.815308 102.689636 
164.400818 104.582550 
156.498199 105.598198 
211.844864 101.234856 
219.643173 95.471443 
228.420975 96.033867 
235.154297 101.439224 
228.689133 103.094582 
220.286194 102.882652 
166.524216 162.730911 
172.060699 152.494843 
180.803711 147.650223 
188.576859 148.529541 
197.266342 148.310181 
207.050262 154.126648 
215.176743 163.876923 
206.479889 170.440781 
197.005417 174.013870 
188.462311 174.661743 
180.456345 173.265305 
172.434448 168.541641 
171.669846 161.184265 
181.341629 154.971481 
188.806961 155.675751 
197.176254 155.671997 
209.391998 162.482819 
197.004318 163.267822 
188.422852 164.251617 
180.854065 162.414063 
