68 2
137.425293 115.291748 
139.212189 133.174789 
142.240616 150.741455 
145.998398 167.934265 
152.613785 183.330688 
162.815704 196.471527 
174.272934 208.253357 
186.675110 218.058426 
202.305969 220.923981 
217.181595 216.990540 
229.264816 206.087799 
240.354141 193.302383 
249.850616 179.617493 
255.809143 163.651855 
259.044403 146.782532 
261.368683 130.600235 
262.488098 113.345695 
143.816879 108.889236 
152.524551 103.533501 
163.357483 103.656769 
174.106384 106.096001 
183.679611 110.236771 
213.068359 109.221313 
223.508362 105.026909 
234.377518 102.956680 
245.145233 103.098907 
253.957581 107.708199 
199.117783 121.926727 
199.416626 132.009140 
199.705612 142.252716 
199.953979 152.530701 
187.798767 158.704727 
193.804443 160.510239 
200.369019 162.145676 
206.763550 159.830566 
212.784515 157.930038 
155.811844 123.491714 
163.943405 122.993164 
171.792892 122.837280 
180.024445 123.983925 
171.634018 124.047363 
163.783508 124.303169 
218.051285 123.385361 
226.759552 122.390411 
234.194580 122.456772 
241.479034 122.512314 
234.050842 123.571205 
226.573074 123.396553 
172.419327 174.029739 
183.341980 173.307907 
193.483536 172.417358 
200.253464 173.694077 
208.060486 172.415375 
218.034515 172.691971 
228.600937 173.124619 
218.550125 185.473465 
208.289322 190.777161 
200.278564 192.013138 
192.979752 191.615707 
182.583527 186.996857 
176.598587 175.383835 
193.514816 176.076523 
200.393188 176.825867 
208.396072 175.729797 
224.469666 174.565704 
208.237213 182.827896 
200.220398 184.297852 
193.163635 183.561462 
