68 2
107.753906 51.976078 
109.122490 67.096756 
111.759270 82.193115 
114.608185 97.235687 
119.796837 110.966309 
128.465515 122.512329 
139.554749 132.415955 
152.423340 140.414413 
167.586472 142.410202 
181.919220 139.284363 
193.841492 130.344788 
204.173660 120.121132 
211.380035 108.011337 
215.320862 93.918671 
217.578873 79.368042 
218.992905 65.457306 
219.561737 51.275551 
116.592773 37.267929 
122.870834 28.389431 
133.183273 24.346235 
144.380188 25.181358 
154.742493 29.123745 
181.671738 30.543087 
191.338837 27.418430 
200.954773 27.090326 
209.653397 31.111599 
214.556107 38.858856 
168.378815 44.529648 
168.784561 53.381470 
169.226395 61.995438 
169.756622 71.089989 
156.174713 81.025429 
162.536209 82.207603 
168.840576 83.574371 
174.720291 82.404022 
180.324585 81.594559 
128.668884 47.448841 
135.490005 43.786751 
143.416885 43.738632 
150.492554 47.930084 
143.192932 49.364872 
135.438965 49.728168 
183.710617 48.876308 
191.546417 45.221695 
199.203461 45.745369 
204.753418 49.325390 
198.931259 51.159710 
191.402390 50.516445 
143.995911 102.040108 
153.869446 96.895966 
163.108521 94.578911 
169.548447 95.838387 
176.352478 94.311867 
184.477524 97.073692 
191.561874 101.271797 
184.715836 108.637848 
176.806396 112.475639 
169.326675 113.961861 
162.308594 113.423859 
153.058929 110.078537 
147.874939 102.286583 
163.075867 99.960724 
169.568680 100.254517 
176.685974 99.541901 
187.803696 101.688072 
176.721222 104.653831 
169.215378 106.185112 
162.516327 105.450089 
