68 2
107.483849 136.960571 
108.696312 157.409775 
112.547920 177.231583 
119.086723 196.491776 
127.813980 214.701065 
137.339249 231.163162 
150.539764 246.019073 
165.700073 257.035828 
182.906967 259.811066 
199.186768 255.668884 
211.965500 243.334854 
221.986465 227.173767 
228.531357 209.465073 
233.054581 191.489609 
236.376144 173.979797 
239.804764 156.132156 
240.913818 137.805191 
120.824203 114.797745 
129.553406 106.661049 
141.773071 104.493324 
154.102539 106.427223 
164.926300 111.691757 
199.617340 113.810791 
210.378662 109.032173 
221.578079 107.921448 
232.153076 111.694618 
237.572998 120.390381 
182.695313 131.983032 
182.804337 145.754608 
182.840271 159.598328 
182.938538 173.367981 
169.899261 180.001938 
175.807053 182.987488 
182.192581 184.921814 
188.409546 183.480438 
193.780029 180.820786 
136.542160 130.468277 
144.300186 125.122108 
154.329605 126.025215 
162.247070 133.077103 
153.447723 135.293137 
143.501221 135.036926 
199.172348 135.313934 
208.196548 128.976089 
217.712845 129.357483 
224.033661 135.093216 
217.651672 138.837540 
208.327179 138.121353 
157.760223 208.488037 
166.782990 204.693146 
174.532043 202.758087 
181.165451 205.058640 
188.325287 203.868668 
195.370834 206.534698 
200.511490 209.992264 
195.476059 217.475037 
188.310928 221.323776 
180.878387 221.939758 
173.304306 220.419830 
165.698715 216.054474 
161.596008 208.972366 
173.610382 207.952698 
181.251541 209.412521 
188.765793 208.898376 
197.068039 210.314514 
188.615540 211.420120 
180.811508 212.545959 
173.001801 210.620377 
