68 2
151.610077 106.567650 
151.674576 125.870331 
153.190369 144.623062 
156.788376 162.192932 
163.154114 179.031250 
172.223999 194.834732 
183.532913 209.190903 
196.147034 220.786591 
211.931213 226.139633 
228.345810 224.070251 
243.695908 215.283707 
257.536652 204.224884 
269.015778 189.623138 
278.166138 173.176529 
284.281036 155.781097 
288.279358 137.282242 
291.348053 117.735260 
163.656906 95.693741 
173.385590 90.588455 
184.871307 90.967316 
196.731293 93.387138 
207.814896 98.383148 
232.105896 99.913300 
244.498322 96.518799 
256.986633 95.683800 
269.026947 98.521690 
277.434937 106.032860 
217.099060 113.331993 
215.171326 127.144638 
213.342804 141.046799 
211.746445 154.981689 
199.636246 155.396545 
205.366531 159.810394 
212.442139 162.771835 
220.765564 160.354874 
228.298447 157.242783 
176.541641 112.814522 
184.095398 110.774445 
191.922668 111.171028 
199.278015 114.217476 
191.723038 115.855995 
183.599136 115.792694 
237.795303 116.763100 
245.944763 115.412018 
253.773376 116.544159 
260.296326 118.988441 
253.473083 120.873520 
245.676758 120.034393 
191.513412 171.865051 
200.162888 171.679474 
207.820755 172.237610 
213.621994 174.087875 
221.291473 173.484024 
231.212433 174.740173 
240.386749 178.078018 
230.471497 187.669113 
220.254059 191.116669 
212.298676 190.836243 
205.902161 189.336380 
198.607559 184.041870 
195.926712 173.113266 
207.750916 174.847992 
213.505692 176.333420 
221.373444 176.107834 
235.870926 178.135391 
221.155182 183.295441 
213.187195 183.088699 
207.054260 181.029633 
