68 2
106.872574 115.577217 
107.501587 135.338196 
109.685806 155.145828 
114.697823 174.542175 
123.101105 192.472107 
133.372986 208.601654 
146.447296 222.830551 
161.602219 234.024414 
179.543152 237.384064 
196.111984 234.667862 
209.121857 223.565353 
219.967773 209.418579 
228.051025 193.387619 
233.779129 175.727295 
237.493866 158.358383 
241.236633 139.852402 
242.505997 121.638985 
124.572296 96.738861 
133.925293 89.726212 
146.246658 88.129913 
159.037308 90.322517 
169.738434 96.543266 
199.487503 98.103928 
210.472031 93.251434 
222.111008 92.772758 
232.833115 97.098549 
238.426590 105.551971 
183.293549 115.632988 
182.791687 128.646896 
182.234039 141.380249 
181.952942 154.392365 
168.509781 161.676010 
174.676300 164.729004 
181.315933 166.815094 
187.736755 165.505432 
193.429031 163.216156 
138.409943 114.154091 
146.092041 109.157036 
155.925400 109.982544 
163.670227 116.941933 
155.113266 118.912262 
145.402832 118.653282 
199.292908 119.526337 
208.211533 113.558319 
217.613251 114.139076 
224.111145 119.884117 
217.587830 123.346733 
208.322357 122.630562 
157.771896 190.781250 
166.633987 186.044785 
174.105072 183.701248 
180.646622 185.938629 
187.698532 184.836258 
194.602036 188.125824 
200.303772 192.422455 
195.014465 199.595840 
187.900253 203.328171 
180.498154 204.088058 
173.235413 202.606873 
165.956665 199.015976 
161.706207 190.935608 
173.509537 189.053436 
180.712143 190.291443 
187.911697 189.963501 
196.743271 192.220322 
187.952652 193.187729 
180.514923 194.429871 
173.242249 192.695938 
