68 2
139.943817 115.998154 
141.521545 127.507294 
143.957352 138.527512 
146.603928 149.550888 
150.396378 159.870117 
157.181839 168.931015 
165.500076 176.861191 
175.378204 183.083313 
186.770111 184.892273 
197.716553 182.286316 
207.195877 175.362457 
214.586731 167.008011 
219.983505 157.547104 
222.765991 147.147034 
224.543503 136.655518 
225.812164 125.786652 
226.571228 114.758720 
146.397629 106.997139 
153.057968 102.703163 
161.325745 101.962769 
169.445007 103.778030 
177.003494 107.002029 
193.213120 107.035843 
200.117950 103.913536 
207.343445 102.118927 
214.468002 103.312340 
219.617462 107.087433 
186.620392 116.212593 
186.915710 123.348404 
187.206436 130.346573 
187.481781 137.481766 
178.512741 142.592957 
182.572922 143.452332 
186.535477 144.344574 
190.244446 144.045349 
193.786087 143.566086 
157.711380 115.005058 
162.586594 112.619537 
168.423752 113.160004 
172.778503 117.248306 
167.981857 118.291191 
162.176300 118.035492 
197.036072 117.921928 
200.704926 113.830757 
206.266220 113.894775 
210.763397 116.808365 
206.961975 119.105698 
201.679749 119.230263 
171.423019 157.631332 
175.990936 153.827438 
181.022110 152.036377 
185.061050 153.444336 
189.277344 152.446304 
194.295380 154.979431 
198.480148 158.299698 
194.370102 164.176590 
189.598541 166.739136 
185.108231 167.442307 
180.485489 166.599854 
175.559875 163.421906 
174.224396 157.645203 
180.985779 156.862244 
185.066391 157.352661 
189.361572 157.208664 
195.751892 158.603928 
189.413635 159.542542 
184.955963 160.399338 
180.639832 159.547363 
