68 2
145.863785 101.105942 
145.797012 115.393745 
147.600357 129.682663 
150.166367 143.556427 
153.877960 156.825500 
160.380447 168.507614 
170.066528 177.899475 
182.028137 184.782516 
196.807922 186.488312 
211.580093 184.857376 
224.421814 178.961182 
235.329895 170.047638 
243.344788 158.952057 
248.320908 146.423752 
251.543701 133.172516 
253.837570 119.888275 
255.238937 106.103043 
153.313431 89.539131 
159.458878 82.833038 
168.636017 80.841934 
178.140305 82.383904 
186.540741 86.177963 
209.646484 87.006523 
219.003113 84.386261 
228.348251 83.640190 
237.232178 86.113396 
243.267578 91.938683 
198.214752 97.634537 
197.778610 104.665771 
197.432190 111.622604 
197.170380 119.172798 
186.828827 130.057236 
191.654282 131.660934 
196.666046 133.079330 
202.193253 131.744827 
207.321121 130.095795 
163.700165 101.140976 
170.022278 97.983147 
177.194641 97.972923 
183.358368 101.785049 
176.642990 103.133575 
169.365097 103.244209 
213.856903 102.621239 
220.973465 99.584045 
227.728195 100.030365 
233.253479 102.966080 
227.739929 104.813828 
220.873413 104.406197 
175.651154 151.590729 
184.790985 147.680939 
192.468491 145.222565 
197.082062 146.658585 
202.126404 144.903915 
209.781326 147.243408 
218.207291 150.296738 
210.098892 155.334824 
202.535919 156.863953 
197.194427 157.299133 
192.273407 157.439987 
184.351593 156.908752 
179.297531 151.954132 
192.239151 150.213470 
196.991821 150.413406 
202.253357 149.632233 
214.411514 150.711487 
202.335526 150.454361 
197.189774 150.867630 
192.505997 151.043518 
