68 2
151.617950 108.318771 
150.802063 120.152916 
151.156799 132.940369 
152.416809 145.530212 
156.145844 157.669632 
162.514450 168.339050 
171.090942 177.102371 
180.782181 183.716858 
192.955673 185.158203 
205.775986 182.609192 
216.247192 175.649155 
225.220245 166.741074 
232.885529 156.682816 
238.124084 145.129211 
240.574326 133.175598 
241.902481 121.057411 
242.449890 109.382576 
156.191956 92.840050 
160.776871 86.411652 
168.256348 83.720627 
176.159119 84.146729 
183.376648 86.855957 
202.618713 86.527184 
210.028778 83.306747 
218.046707 82.520607 
225.712677 84.672264 
230.828857 90.460480 
192.737091 96.428688 
192.218765 104.207466 
191.854340 111.835838 
191.364929 119.860283 
181.643661 126.704384 
186.214645 129.342316 
191.341248 131.002869 
197.478241 129.281357 
202.810059 126.742256 
164.884628 101.170135 
169.424377 96.675682 
175.910172 96.599533 
181.098328 100.586349 
175.691193 102.710945 
169.373917 103.228516 
206.097321 99.919975 
211.537476 95.756516 
217.753174 95.857635 
222.221573 99.487625 
218.194122 101.531418 
212.139633 101.537697 
173.924377 148.547455 
180.624710 144.660706 
187.169647 142.423798 
191.363022 143.249420 
196.241196 142.152405 
203.487732 144.031067 
210.999756 147.563049 
204.009811 151.227097 
197.164978 152.177338 
192.196716 152.502441 
187.523956 152.355606 
180.845032 151.472839 
177.017746 148.234436 
187.361099 146.120377 
191.729431 146.451050 
196.797531 145.894714 
207.689835 147.608337 
197.023041 146.962921 
191.939835 147.246887 
187.342957 147.091736 
