68 2
128.219391 117.551849 
128.380829 132.566528 
129.275711 147.898010 
131.634415 162.867569 
136.684998 176.829285 
144.282852 189.279190 
154.767853 199.990173 
166.198486 208.506592 
180.157791 210.837189 
193.873108 208.214508 
205.881943 199.716644 
217.292984 190.348373 
226.045334 178.951035 
231.940918 165.530823 
235.416336 151.385956 
237.205872 136.623123 
238.641357 121.360878 
134.106781 111.892151 
141.496841 104.426949 
153.161926 102.917862 
164.798981 105.781097 
175.442490 110.882896 
189.142761 110.730766 
200.092941 106.053375 
211.849564 104.018188 
223.087128 106.603081 
229.966660 114.228844 
182.407547 118.290009 
182.108917 129.196838 
181.805038 140.005920 
181.588928 151.188736 
169.424911 155.174850 
174.845947 157.394226 
180.761185 159.151184 
187.034805 157.471497 
192.600021 155.270859 
146.457352 119.693779 
152.852966 116.508614 
160.551697 116.652260 
167.188568 120.644272 
160.357849 122.266319 
152.629013 122.487030 
196.441986 120.961617 
204.014694 117.110786 
211.717422 117.677002 
217.477951 120.988770 
211.709625 123.591011 
204.115555 123.122101 
159.763489 173.216385 
166.935608 170.465088 
174.057541 169.165833 
179.117676 170.896133 
185.365433 169.528427 
192.889618 171.553513 
199.651138 174.742630 
192.411545 183.075745 
184.595184 187.051712 
178.102036 187.752472 
172.415665 186.834351 
165.623108 182.713547 
162.849503 173.518875 
173.934464 172.226715 
179.065155 172.699371 
185.593094 172.309433 
196.328827 174.988297 
185.107239 178.778275 
178.535080 179.789444 
173.281158 178.737595 
