68 2
172.666000 87.145714 
173.430847 99.223854 
175.208069 110.893524 
177.879105 122.503609 
181.940552 133.445526 
187.584030 143.557861 
195.527161 152.259827 
204.326385 158.666214 
214.973480 160.567535 
225.890320 158.181793 
235.751114 152.108047 
244.424179 144.570099 
250.787460 135.364929 
254.958496 124.891167 
257.408936 113.278847 
259.939606 101.296486 
262.082672 88.844887 
178.449188 79.201752 
183.614243 73.550392 
191.324951 72.110809 
199.263626 73.552879 
206.455139 76.541519 
224.530823 75.811333 
232.538162 73.487305 
240.685822 72.981651 
248.443985 75.505180 
253.389755 81.243294 
215.782562 85.164764 
215.652451 92.042496 
215.434006 98.829254 
215.270660 105.963898 
206.417053 111.275757 
210.671753 112.667084 
215.118103 113.754272 
219.673813 112.877106 
223.952286 111.823730 
187.118607 87.012718 
191.769989 84.006508 
197.654572 84.034622 
202.862976 87.569305 
197.665039 88.748764 
191.846817 88.951141 
228.231308 88.087212 
233.985428 84.823639 
239.709793 85.255692 
244.318329 88.294556 
239.783554 90.066452 
234.004456 89.707397 
199.942322 128.591248 
205.089035 123.488647 
210.615311 121.276108 
214.769684 122.348579 
219.612900 121.649117 
225.700882 124.557777 
230.982483 129.699478 
225.479065 135.588806 
219.441605 138.191895 
214.270126 138.815948 
209.625732 138.117493 
204.340668 135.133606 
202.692032 128.114609 
210.471848 125.038628 
214.695602 125.354774 
219.558914 125.260094 
227.964111 129.279648 
219.380051 131.946274 
214.302750 132.704834 
209.899841 131.917526 
