68 2
173.664200 75.458038 
175.201569 91.294846 
178.469254 107.006279 
182.148499 121.572594 
188.054153 135.702362 
197.040039 147.809875 
208.503754 158.376358 
221.266174 166.676727 
235.118652 167.822083 
247.699142 164.167343 
256.681976 154.409409 
264.552124 142.591797 
270.954590 129.633652 
274.556335 116.111450 
276.870300 102.532265 
278.396729 88.543785 
278.471985 74.625160 
185.025452 76.249214 
193.534042 71.160744 
203.625031 69.762848 
213.912582 71.434227 
223.522156 74.518959 
242.876923 73.882729 
251.555359 69.332413 
260.504761 66.571381 
269.719513 66.909103 
276.408478 71.456177 
233.964523 82.650406 
234.482391 94.085121 
235.135147 105.503899 
235.690948 117.111900 
222.299622 119.203751 
228.349396 121.597061 
234.911316 123.724976 
241.211014 121.470367 
246.498840 118.829765 
196.300415 83.538292 
202.776428 80.670036 
210.761612 80.452637 
217.235168 84.445374 
210.550415 86.960304 
202.415451 87.427315 
246.438477 83.460098 
253.707489 78.841461 
261.150574 78.473160 
266.800964 81.164154 
262.216797 85.051842 
254.632507 85.447151 
213.141464 135.451050 
223.099014 135.304871 
230.178818 134.357971 
234.744171 135.718369 
240.018967 134.096573 
246.467224 135.193787 
253.788757 134.742081 
247.094864 142.051254 
241.177765 145.525391 
235.591980 146.572891 
230.344620 145.967484 
222.970810 142.611755 
217.035675 136.328125 
230.231384 137.433807 
234.969910 138.271820 
240.173157 137.210144 
249.955780 135.883438 
240.447693 137.222610 
235.203506 138.566238 
230.364227 137.828827 
