68 2
133.064880 110.964462 
133.784470 129.788208 
136.510727 148.241318 
140.511932 166.127335 
146.686096 182.779251 
155.429138 197.575684 
167.090225 209.168228 
181.002274 217.970322 
197.879868 220.438080 
213.969604 217.476578 
227.426239 208.700516 
238.381317 196.119247 
246.165695 181.164841 
251.456375 165.435486 
255.507385 149.321442 
258.807343 132.972031 
260.542908 115.961166 
140.771210 99.386932 
149.936829 92.099556 
162.225616 91.197052 
174.296310 93.807144 
185.537842 98.527985 
215.079758 99.445503 
226.842178 96.235573 
238.108566 95.188019 
249.187805 96.837372 
256.080200 104.326027 
200.761795 113.156250 
200.579529 121.810234 
200.431854 130.536453 
200.415268 139.500015 
187.252411 150.542862 
193.277084 152.069290 
199.461700 153.220154 
205.056793 152.620956 
210.626404 151.696594 
155.665482 112.150055 
163.267670 108.420578 
172.090439 109.347107 
179.911636 114.628746 
171.694641 116.049545 
162.723526 115.727211 
218.609116 116.512177 
227.410934 111.822441 
235.907166 112.332298 
242.204865 116.276894 
235.902267 119.112167 
227.287979 118.603912 
174.159546 176.526825 
183.020355 170.641891 
192.323395 167.828918 
198.052643 169.783264 
204.616318 168.440735 
212.820862 172.219513 
220.163452 178.530945 
212.700256 185.399261 
204.758728 188.009094 
197.491913 188.743866 
190.832077 188.057068 
181.837128 184.574387 
177.745789 176.349640 
191.818634 173.180634 
197.861786 173.866776 
204.984390 173.473190 
216.841171 178.338898 
205.023819 179.472855 
197.978409 180.407684 
191.625793 179.464478 
