68 2
125.824188 98.943115 
126.610382 116.892242 
127.736191 134.739014 
131.527237 151.757233 
139.016678 167.562683 
149.999268 181.078537 
163.080444 192.335175 
176.397964 201.922348 
191.720520 205.328110 
207.639648 202.647827 
222.160492 193.211838 
235.647812 182.436249 
247.165451 169.558319 
256.203094 154.831650 
260.560913 138.365417 
262.633179 121.177528 
264.296875 103.151993 
137.762451 84.834312 
146.784714 76.706284 
159.525497 74.464867 
173.117706 76.074852 
184.605896 81.507561 
204.045013 80.979774 
216.802628 76.765366 
230.384598 76.182045 
243.243301 79.692497 
251.762772 87.958679 
192.643234 97.173515 
191.424515 109.681412 
190.224487 122.077866 
189.183289 134.555511 
176.989670 138.115524 
182.828186 141.397034 
189.557068 143.586975 
197.402969 141.982803 
204.647339 139.884949 
151.645752 99.836578 
159.100220 97.503242 
166.871078 97.543373 
174.456940 99.880051 
166.993378 101.858612 
158.872101 102.308487 
211.802399 100.763199 
220.104843 98.728554 
228.050888 99.675949 
235.057724 102.046860 
227.704727 104.123306 
219.595627 103.472214 
169.603668 158.648010 
177.767899 156.466873 
185.435272 155.126892 
191.105988 156.474670 
198.832993 156.142517 
208.085373 158.525192 
217.457687 161.409241 
208.057953 171.619812 
197.964890 175.318680 
190.069962 175.271042 
183.711349 173.896362 
176.362167 168.391098 
174.276550 158.673660 
185.393509 157.821594 
191.027374 158.859634 
198.645340 158.831116 
212.752090 161.245789 
198.591446 166.759567 
190.861404 166.845398 
185.080109 165.152069 
