68 2
128.470810 126.502647 
127.533653 143.940979 
127.764442 161.285095 
129.218704 178.062424 
133.904114 193.733719 
141.637634 207.925858 
153.073395 220.027481 
166.188690 229.401062 
181.007431 232.138214 
195.712051 229.803253 
209.109802 221.668640 
221.567627 212.199722 
230.819687 200.351852 
237.062607 186.272476 
241.256042 171.458633 
244.664688 155.631042 
247.374435 139.454376 
135.850708 124.522148 
144.105453 116.048431 
156.850723 114.607544 
169.577332 117.531738 
181.157684 123.004692 
198.118088 123.347816 
210.478409 120.508820 
222.982452 119.956543 
234.640274 123.902031 
241.338272 133.211853 
189.519043 133.198578 
188.364441 145.152390 
187.146179 157.130722 
186.066895 169.372528 
172.389877 171.971008 
178.150635 174.741959 
184.578644 176.782669 
190.978760 175.800232 
197.049286 174.154160 
149.854568 131.214249 
156.433975 127.568520 
164.608887 128.581863 
170.656021 135.006683 
163.545853 136.111023 
155.156677 135.366516 
204.988770 137.954605 
212.517578 132.686111 
221.013885 133.637283 
226.897324 138.390274 
220.812149 141.284576 
212.556274 140.655106 
163.669312 194.778198 
170.431763 190.724670 
177.259384 188.898621 
181.922546 190.914871 
187.420776 190.020615 
194.035004 193.591949 
200.294983 198.801941 
193.394226 205.767639 
186.374390 208.284805 
180.488388 208.398956 
174.980194 207.097961 
168.701218 202.979675 
168.160751 194.591293 
176.793350 192.813171 
181.569504 194.185638 
186.751053 194.030502 
195.791519 198.086227 
186.772552 199.364563 
181.205917 199.919250 
176.170105 198.350372 
