68 2
103.272217 59.520306 
105.454376 83.627258 
109.769600 106.708771 
114.301254 128.828247 
121.599693 149.583618 
133.077988 168.447372 
148.783798 183.175781 
165.855682 194.856033 
188.375641 197.877960 
210.863647 193.793976 
230.553146 180.885010 
246.780685 164.998840 
259.194214 146.436066 
266.706635 125.627701 
270.741943 103.038391 
273.424164 80.795708 
275.609772 58.172241 
111.643379 29.265486 
121.029785 14.346015 
137.334641 8.639842 
154.855011 10.903469 
170.020691 17.080240 
201.976990 15.730783 
217.905807 8.506872 
235.365906 6.571757 
251.652649 12.624784 
262.491516 25.544334 
186.234634 35.254765 
186.323029 48.224480 
185.989319 60.891098 
186.009094 74.349625 
167.111389 90.483391 
176.881775 93.615387 
187.096237 96.026451 
197.695969 93.481613 
207.407684 90.711098 
129.583191 46.462009 
138.514191 40.025742 
150.485458 39.194370 
162.185089 44.555813 
151.111374 47.573212 
139.406570 48.883492 
213.083496 43.502857 
224.372101 37.628036 
235.918671 39.030098 
245.920029 44.822159 
236.166367 47.199226 
224.333328 46.382122 
152.708740 130.549774 
164.574585 119.942642 
176.951553 114.768379 
187.453857 117.941132 
199.153900 116.054077 
213.039444 121.600204 
225.575058 129.718689 
213.222061 143.363083 
198.770294 150.513428 
186.040115 152.030777 
174.315262 150.016068 
162.556381 143.034607 
157.859619 130.718536 
176.372070 123.576660 
187.622925 124.834824 
199.836075 124.522079 
220.766602 130.407684 
199.353745 137.358490 
186.293671 139.158966 
175.060715 136.819977 
