68 2
144.871277 112.620872 
146.332520 124.477158 
149.077423 135.627655 
152.934540 146.891220 
158.080063 157.044159 
164.889328 166.312378 
174.355957 173.622009 
184.777008 179.131210 
196.393692 179.912415 
207.370483 176.972824 
216.292191 170.267242 
222.812683 161.398712 
227.501633 151.315262 
229.897644 140.528290 
231.452744 129.509552 
232.605576 117.886932 
232.629333 106.158157 
152.419998 102.133286 
158.002777 96.656799 
165.851776 95.065079 
174.040939 96.024689 
181.721069 98.063477 
197.206787 96.682503 
204.766510 93.527222 
212.577164 91.853790 
220.304382 92.626450 
226.214661 97.011436 
190.449677 105.588188 
191.410492 112.385345 
192.357986 119.204414 
193.287109 126.318466 
184.736191 132.640884 
188.894104 133.618866 
193.228409 134.599548 
197.406677 133.153351 
201.230652 131.527679 
161.491714 110.201080 
165.883057 106.692108 
171.954041 106.228889 
177.328384 109.343224 
172.276337 111.251526 
166.396362 111.932945 
202.701996 107.708115 
207.713898 103.813873 
213.448029 103.638046 
217.990997 106.424507 
214.081161 108.714615 
208.376846 108.898605 
177.307129 151.224258 
183.335190 147.006424 
189.082062 144.650482 
193.743652 145.482208 
198.522903 144.136978 
204.539703 145.944489 
209.679764 149.309250 
205.261292 155.550812 
199.594894 158.408951 
194.381531 159.299149 
189.245911 159.118225 
183.243973 157.097000 
179.800430 151.061722 
189.204697 149.275986 
194.145508 149.329208 
199.192398 148.669922 
207.234238 149.483521 
199.028137 151.939560 
193.764053 152.984512 
188.863144 152.567566 
