68 2
121.462578 125.125298 
121.053627 139.382156 
121.979668 154.124832 
124.052460 168.563065 
128.964233 182.096588 
135.465408 194.527725 
143.948059 205.513184 
153.785889 213.622589 
166.563126 215.990265 
179.558594 213.873718 
190.354248 205.694351 
199.429977 195.704376 
207.147583 184.034668 
213.319183 170.815155 
217.095383 157.461426 
219.793076 143.964722 
222.184753 130.006912 
130.039963 111.601959 
137.174286 107.209236 
146.201218 106.871941 
154.886780 108.957085 
162.844086 112.887993 
187.563522 113.803711 
195.705063 110.206490 
204.301895 108.558441 
212.673035 109.975021 
217.906113 115.847130 
174.452301 123.020470 
173.778763 134.168121 
173.200928 145.449554 
172.458176 156.773041 
159.849075 157.552505 
165.123611 160.775909 
171.308411 163.374542 
177.931290 161.179733 
183.610977 158.342804 
140.492996 121.663261 
146.171326 118.444160 
153.440231 118.724335 
158.394165 123.432739 
152.554916 125.613907 
145.421082 125.429726 
188.365234 125.141602 
194.498352 120.803116 
201.492004 121.483315 
206.085541 125.181534 
201.539001 128.201599 
194.804993 127.774063 
151.131500 178.583832 
158.408890 175.808044 
165.896744 174.182327 
170.773758 175.376007 
176.254288 174.580017 
182.442795 176.556793 
187.844650 179.119354 
181.690964 185.736221 
175.068573 188.967102 
169.150009 189.554718 
163.659729 188.721436 
156.952438 185.494644 
154.713440 178.959335 
165.629852 178.259216 
170.748779 178.863388 
175.899261 178.786026 
184.084427 179.613403 
175.311935 181.808395 
169.627075 182.624237 
164.687195 181.568359 
