68 2
155.340790 95.008682 
157.989105 108.332207 
161.639603 120.787750 
166.373215 133.196243 
171.734512 144.831009 
179.650635 155.101440 
190.842453 162.542725 
203.772522 167.025452 
217.868454 166.772217 
231.158417 163.124817 
243.401337 156.529953 
253.350204 147.136993 
260.281647 135.946014 
263.762085 123.224594 
264.810944 110.463242 
264.830292 96.941994 
263.915100 83.515305 
159.632660 75.817062 
165.828705 68.620987 
174.858261 65.236511 
185.153046 64.262123 
195.160294 66.130325 
214.373642 64.158981 
224.083420 60.230606 
234.340515 59.105583 
244.385635 60.924641 
252.497742 66.270683 
206.052795 75.818222 
206.259567 81.921875 
206.523407 87.954506 
206.865814 94.493706 
200.191345 107.181076 
204.576782 107.903374 
209.083466 108.048340 
213.810715 106.746399 
218.188858 105.105133 
173.113174 85.214928 
178.523148 80.677414 
185.904053 79.127335 
192.917862 82.196381 
186.930145 85.278053 
179.589218 86.725578 
221.887512 79.289276 
228.381241 74.907074 
235.531174 74.745636 
241.668289 78.138199 
236.246414 81.029366 
228.955429 81.009094 
193.227707 132.276611 
200.266907 127.082573 
207.061172 123.365395 
210.908875 124.129974 
214.822113 122.593628 
222.789246 124.674820 
231.379639 127.629242 
223.580399 131.977478 
216.078583 133.878799 
211.850037 134.635773 
207.695801 134.923279 
200.732010 134.371719 
196.423065 131.348450 
207.431656 128.954529 
211.593811 128.626495 
215.808365 128.184998 
227.953506 127.609901 
215.326859 127.433281 
211.020233 128.000381 
207.044022 128.357727 
