68 2
156.694275 72.659821 
158.322220 84.149055 
160.751282 94.901428 
163.402100 105.195641 
167.530838 114.528214 
173.966797 122.871719 
182.395752 129.182785 
191.209625 134.215332 
200.910324 135.159805 
210.056580 132.778656 
217.536972 127.134995 
223.800598 120.095161 
228.537460 111.747414 
231.417557 102.237427 
233.109787 92.643188 
234.571945 82.497704 
235.531662 72.039772 
164.109009 67.593719 
169.714096 63.122532 
177.263763 61.999741 
184.645615 63.447895 
191.356674 65.823006 
205.926300 65.809982 
212.342957 63.211563 
219.108994 62.161228 
225.607010 63.399666 
230.461807 67.305107 
199.316360 72.169548 
199.733856 78.820015 
200.213135 85.433128 
200.641632 92.330536 
191.565567 96.779266 
195.695450 98.418777 
199.957932 99.763397 
203.888947 98.322449 
207.458557 96.618073 
172.239258 73.709969 
176.863007 71.168411 
182.494995 71.154358 
187.186584 74.600555 
182.292252 75.874588 
176.652512 75.957619 
209.125183 74.500015 
213.940384 71.068039 
219.164673 71.188080 
223.390808 73.590851 
219.645752 75.716827 
214.350647 75.785645 
183.696014 110.507080 
189.765915 107.503792 
195.753769 106.040993 
199.543396 107.107498 
203.610733 106.023285 
208.844879 107.574799 
213.830811 110.281952 
209.341385 115.747246 
204.216309 118.197838 
199.762772 118.734161 
195.380539 118.543419 
189.368225 116.396904 
185.938843 110.626259 
195.591858 108.597382 
199.426331 108.943466 
203.702011 108.538445 
211.597000 110.442009 
203.945679 113.913399 
199.609787 114.603180 
195.592133 114.287682 
