68 2
119.874161 141.601608 
121.691162 157.049530 
124.154785 171.637344 
125.990112 186.344696 
129.771118 200.421783 
137.929886 211.678650 
150.866745 219.849442 
166.726501 224.166687 
185.529556 223.846695 
203.712692 221.154160 
218.235611 214.910446 
229.813660 205.921143 
236.189941 193.908920 
238.621399 179.276672 
240.153152 164.331528 
241.746124 149.987747 
242.656799 136.000244 
122.913101 121.728203 
128.126785 107.977264 
140.835922 100.382584 
155.719269 98.245575 
169.975952 101.359955 
186.272293 98.750488 
200.584702 94.826073 
215.082901 95.795975 
228.456406 102.071609 
236.130585 113.391098 
179.712814 113.461815 
179.971375 120.521400 
180.284988 127.391815 
180.511063 135.095963 
168.806152 151.961746 
175.229263 151.833420 
181.401031 152.249374 
187.823303 151.762161 
194.037308 151.509674 
139.694046 124.529457 
146.772766 117.986053 
155.693253 116.876328 
163.741104 122.829620 
156.375015 125.084488 
147.406754 126.172470 
195.999786 120.519180 
204.527420 113.504135 
213.401062 113.610504 
220.770889 119.145981 
214.187851 121.562714 
205.483643 121.868652 
156.705704 183.132523 
166.026703 174.358124 
175.154922 169.190323 
181.549179 170.509064 
188.039474 168.349228 
198.695496 173.516739 
209.004974 181.160217 
199.107208 184.015549 
189.764587 184.706894 
182.799179 185.050369 
176.121948 185.464066 
166.383682 185.313538 
160.824722 181.873352 
175.809052 177.229706 
181.975159 177.272766 
188.604950 176.302795 
204.589691 180.243668 
188.660690 176.082901 
181.968872 176.495285 
175.758347 177.107025 
