68 2
141.467468 108.086639 
141.191666 122.816757 
141.793991 137.711884 
143.538605 151.844635 
147.599991 165.257660 
154.843811 176.454788 
165.180984 185.347855 
176.907593 192.769257 
190.413467 194.777817 
203.709473 192.773132 
215.739182 186.208832 
227.131836 178.059280 
236.152939 167.351883 
241.465012 154.300247 
244.302490 140.638168 
246.207214 126.484726 
247.438690 111.796532 
148.237579 100.551208 
154.815979 94.003609 
165.131042 92.592911 
175.261292 94.634911 
184.785751 98.373810 
199.015625 98.572075 
209.650955 94.638664 
220.868515 93.195305 
231.571991 95.816223 
238.759766 102.914047 
192.355423 107.586418 
191.883438 117.589806 
191.323990 127.558769 
190.791168 137.767014 
180.129044 142.192184 
185.006927 144.585022 
190.470001 146.511963 
196.081619 144.881653 
201.026306 142.856705 
159.157471 108.172562 
164.561157 104.808746 
171.449539 105.264381 
177.130066 109.964394 
170.916000 111.281685 
164.016907 111.142792 
207.037338 110.841843 
213.616180 106.492157 
220.775116 106.672241 
226.266281 110.268074 
221.010178 112.918114 
214.024124 112.655243 
171.347351 161.213791 
178.438553 157.766388 
184.939682 156.620468 
189.145508 158.475159 
194.081573 157.011948 
201.163116 158.805435 
208.650803 162.373337 
201.322205 167.438965 
194.116257 169.807953 
188.865921 170.312302 
184.081390 169.571136 
177.869919 167.081757 
175.237625 161.428665 
184.775360 160.664749 
189.028381 161.620819 
193.950012 160.942810 
204.775635 162.209549 
193.996124 162.543900 
188.998306 163.069122 
184.577316 162.390732 
