68 2
119.237144 66.990761 
120.532440 78.687927 
122.441910 90.261108 
124.968178 101.632133 
128.948059 112.104454 
134.954041 120.855400 
143.324020 127.905884 
153.345490 133.517242 
165.219543 134.791321 
176.645081 132.845444 
186.453430 126.937164 
194.233902 119.942856 
199.776794 110.886551 
202.665359 100.551117 
204.690247 89.141556 
206.392395 78.153336 
207.508423 67.001801 
127.196846 54.381538 
131.563477 47.151962 
139.123840 43.677505 
147.418121 44.491005 
155.054718 47.362202 
176.337265 48.280346 
183.594025 45.940697 
190.694138 45.707661 
197.132843 48.830826 
201.008942 54.532322 
166.123734 58.639107 
166.219940 64.992920 
166.276352 71.153351 
166.393417 77.669762 
157.388412 86.063057 
161.668365 86.737038 
166.201935 87.434624 
170.220642 86.770256 
174.225067 86.307503 
136.103653 62.377853 
141.516632 59.463821 
147.628983 59.360603 
153.104309 62.594273 
147.424011 63.699287 
141.500076 63.986431 
177.519836 63.083138 
183.430298 60.241909 
189.250031 60.721176 
193.586746 63.654373 
189.023697 65.042130 
183.346756 64.480209 
148.567490 104.571808 
154.901642 98.524139 
161.781265 95.692352 
166.630402 96.622490 
171.460831 95.811424 
177.427795 98.818047 
182.285294 104.579559 
177.270340 110.892189 
171.636200 114.240601 
166.333649 115.242188 
161.045593 114.724152 
154.391022 111.752579 
151.965988 104.453529 
161.790985 100.443413 
166.564667 100.509254 
171.368271 100.355309 
179.358093 104.438866 
171.432007 107.678146 
166.317444 108.514313 
161.347610 107.826965 
