68 2
153.534607 113.658379 
154.095001 130.627792 
156.375458 146.835449 
159.821548 163.119385 
166.078552 178.276581 
175.220688 191.199341 
187.137390 201.427795 
200.300781 210.288116 
216.126007 213.213364 
230.782990 210.582520 
242.823105 201.549393 
252.988312 189.622986 
260.419861 176.000626 
265.406677 161.442520 
269.259552 146.472900 
272.593262 131.069977 
274.252808 115.154961 
162.994217 98.357712 
171.575531 91.339424 
182.778458 90.024391 
194.004318 91.855270 
204.401627 95.973770 
232.480988 96.106033 
243.389648 92.929420 
254.127380 92.284279 
264.132294 94.208565 
270.593750 100.997803 
219.385986 110.578827 
219.488800 118.566269 
219.665237 126.652672 
219.869095 134.912964 
206.729279 145.092606 
212.706543 146.670273 
218.779312 148.087021 
224.361954 147.124863 
229.668213 145.817108 
176.689178 112.438950 
183.972198 109.366020 
192.065048 109.559761 
199.489822 113.391273 
192.097473 114.423187 
184.141006 114.520035 
235.749573 114.542969 
244.127029 111.386375 
251.768417 111.579895 
257.722839 114.863907 
251.587997 116.700668 
244.074570 116.070541 
192.742126 169.424973 
201.678543 164.271439 
210.938004 161.900421 
217.355179 163.509293 
224.356415 162.233032 
232.785461 165.343689 
239.633331 171.022629 
232.596329 178.325684 
224.445374 181.936249 
216.969131 182.882553 
209.793228 181.954330 
200.920120 177.837662 
196.155273 169.783539 
210.526306 167.251801 
217.278946 167.406387 
224.855774 166.980347 
236.401535 171.099197 
224.933136 173.963501 
217.296661 175.186829 
210.308273 174.160126 
