68 2
143.787903 119.852036 
144.124496 140.417297 
145.640030 160.704941 
147.110352 181.155594 
151.940903 200.580078 
162.263641 217.437439 
175.908951 231.905624 
191.634171 243.552948 
211.257309 246.740448 
229.214920 243.228622 
243.624756 231.496124 
255.331604 216.347656 
264.615051 199.926773 
269.769562 181.298798 
273.364807 163.013977 
276.771057 143.867722 
278.619141 125.389496 
154.778229 112.422089 
164.308441 101.560837 
178.405029 98.252113 
193.405487 100.795258 
207.300262 106.669518 
227.664230 107.797066 
241.439621 103.986847 
254.959641 103.180878 
267.458435 108.105553 
273.593689 117.876114 
217.233398 124.722099 
216.887527 136.800400 
216.449097 148.845764 
215.941360 161.302734 
200.666138 170.211960 
207.443451 173.002548 
214.429932 175.640213 
221.275772 174.052048 
227.422653 171.977020 
170.057388 125.747154 
178.914230 121.598595 
189.050201 122.160782 
196.616150 128.167618 
188.072342 130.851837 
177.965408 130.448761 
233.685730 130.272400 
243.504669 125.451187 
253.078445 126.116890 
259.885681 131.023544 
252.941345 135.018677 
243.328888 133.972137 
184.276855 200.138412 
195.609497 197.444626 
205.049561 195.395981 
210.811340 197.789154 
217.146698 196.264481 
226.140213 200.076691 
236.517151 204.329605 
226.234497 210.475723 
217.263245 211.831467 
210.253952 212.040344 
203.532471 211.076324 
194.579086 208.288834 
188.203979 201.170837 
204.287521 202.187531 
210.657516 203.225891 
217.139801 202.797836 
232.147141 204.728516 
216.996368 202.784943 
210.339996 203.602905 
204.041977 202.419022 
