68 2
133.953583 110.746269 
135.011963 122.764877 
137.370392 134.698746 
140.283371 146.116486 
144.666092 156.707947 
151.548111 166.104355 
160.543930 174.467789 
170.825790 181.112305 
181.792206 183.138580 
192.130783 180.415497 
201.304993 173.316833 
209.459534 165.674271 
216.299728 156.632568 
220.395859 146.069504 
222.957947 135.273773 
224.973984 123.926666 
226.248856 112.223427 
140.817734 102.855232 
148.138626 97.449249 
157.671631 96.245232 
167.089859 98.326347 
175.509628 102.777245 
192.347595 102.970421 
199.548965 99.573761 
207.172806 98.212982 
214.703751 99.855362 
219.806213 104.481445 
183.892120 112.961494 
183.840240 120.567680 
183.757874 128.003479 
183.738953 135.640869 
174.269119 140.607803 
178.493057 141.524094 
182.590179 142.471359 
186.549347 142.298096 
190.333145 141.989090 
152.478821 111.213715 
158.083694 108.398125 
164.734512 109.087440 
169.581116 114.242569 
164.082825 115.124908 
157.380844 114.697647 
193.747742 115.441544 
198.567093 110.611557 
204.995789 110.750542 
209.681610 114.048569 
205.556366 116.692574 
199.416260 116.892296 
167.685059 156.719254 
172.772736 152.872437 
177.714539 150.380478 
181.235229 151.553970 
185.189438 150.758865 
190.278122 154.055176 
195.124725 157.523499 
190.453491 164.058685 
185.737366 167.008087 
181.377823 167.830627 
177.101715 167.019012 
172.282364 163.489014 
170.892181 156.721069 
177.706726 154.982742 
181.269867 155.364944 
185.125305 155.437775 
192.126099 157.568024 
185.327850 159.567932 
181.274109 160.585587 
177.530869 159.599182 
