68 2
98.074860 137.572128 
98.734138 152.891006 
101.332993 167.676529 
104.869644 182.383972 
109.612686 196.442154 
117.536171 208.518311 
128.199081 218.217484 
140.240463 225.381714 
153.331848 227.174133 
165.219421 224.787735 
175.591278 217.313141 
183.961685 208.233841 
190.197968 196.234406 
194.992462 183.488739 
198.953308 171.054626 
202.411697 157.870041 
203.600067 144.701065 
110.245033 124.967194 
118.961929 117.633698 
130.417374 115.482964 
142.021378 117.267334 
152.202744 122.436386 
164.531281 122.856377 
174.623810 119.801407 
184.953476 119.593735 
194.497910 123.086983 
199.922760 130.702164 
158.374283 134.120224 
158.432480 144.219131 
158.390060 154.056747 
158.397278 164.161560 
146.718323 171.581314 
151.382324 173.166199 
156.202682 174.774719 
160.608917 174.079117 
164.490036 172.927719 
121.414078 134.196335 
128.182648 130.576401 
135.801971 131.283875 
141.618256 136.810394 
135.079605 137.787155 
127.394814 137.335388 
170.060425 138.539108 
176.744034 133.565125 
183.834793 134.059280 
189.056610 138.345291 
183.944061 140.518494 
177.037170 140.230438 
138.208710 194.713425 
145.077942 189.570618 
151.657715 186.122040 
155.586853 187.176895 
159.673660 186.504700 
165.052475 190.763977 
169.624725 195.974548 
164.520325 201.827576 
159.117111 205.454483 
154.629608 206.184097 
150.003784 205.333923 
144.050156 201.621887 
141.542236 194.380478 
151.433594 190.173599 
155.315109 190.269226 
159.395569 190.639725 
166.815811 195.531036 
159.200104 198.206970 
154.971848 199.065582 
151.014481 198.290115 
