68 2
114.303673 64.526894 
114.725235 75.980659 
115.666954 87.660873 
116.932251 99.145103 
120.710243 109.643738 
127.750450 118.492592 
136.910721 125.230522 
148.312546 130.074020 
160.287170 131.540649 
172.271439 130.201172 
183.182617 125.396103 
192.485229 118.915596 
199.508392 109.690620 
203.433853 98.672432 
205.327744 87.445183 
207.042801 76.234100 
207.943237 64.981773 
122.080986 52.880775 
128.089569 47.279549 
136.874161 45.887791 
146.018890 47.164131 
154.186386 51.120338 
167.987488 50.948105 
176.796219 46.127239 
186.511475 44.350395 
195.910370 46.235775 
201.803650 53.014122 
161.963242 58.454590 
161.750412 67.905945 
161.584412 77.325775 
161.495514 86.814392 
148.679337 88.527290 
154.131317 91.537613 
160.411926 93.934372 
167.135071 91.759727 
172.930603 89.229179 
130.295731 60.887589 
135.981049 57.687973 
142.715515 57.957539 
148.722366 62.266678 
142.430695 63.194954 
135.804993 63.220230 
172.980972 62.199184 
179.639084 57.613350 
186.361359 57.721306 
191.562927 61.106247 
186.703461 63.315334 
179.996597 63.469639 
138.438171 99.299400 
146.355911 97.192528 
153.933884 96.868134 
159.491974 98.114227 
166.327652 97.295319 
173.704620 98.204254 
181.189148 100.518646 
173.342697 104.222000 
165.905136 105.670006 
159.166428 105.628998 
153.648361 104.959221 
146.308609 102.959320 
141.650604 99.209785 
154.083069 100.483459 
159.527695 101.508072 
166.301178 100.795059 
177.782013 100.478622 
166.246399 100.603065 
159.383865 100.465042 
153.896515 100.109833 
