68 2
115.044762 109.499168 
115.518936 127.163589 
117.541977 144.435532 
121.270912 161.380508 
127.232262 177.398071 
135.401794 191.428909 
146.782043 204.019882 
160.489761 214.008698 
176.752380 217.011536 
192.488098 214.759598 
205.199142 204.971512 
215.570938 192.921509 
223.003860 179.217590 
227.957947 163.438995 
230.978867 147.841156 
234.117599 131.002411 
235.411026 114.416069 
126.367470 93.337021 
133.709061 85.923180 
144.280441 83.857903 
155.824280 85.152374 
165.507004 90.414040 
194.027298 91.086670 
204.189651 86.781204 
214.999573 86.579353 
224.898483 91.128624 
230.011200 99.392265 
179.018021 108.560226 
178.403824 120.327553 
177.703674 131.960342 
177.121887 143.753113 
165.577316 150.212708 
171.392654 152.919037 
177.167175 154.774353 
183.026260 153.650330 
188.234268 151.893524 
138.957413 108.566147 
145.677628 104.087494 
154.585342 104.856537 
161.876160 110.719025 
153.897858 112.662071 
145.180099 112.470558 
194.620880 112.352287 
202.663345 107.108864 
211.256332 107.498924 
217.030090 112.600571 
211.080780 115.810829 
202.682083 115.121391 
157.728195 178.663513 
164.184250 173.089432 
170.487518 170.136719 
176.821747 171.832932 
183.580353 170.819702 
190.008957 174.267105 
195.706009 179.363464 
190.495590 184.981750 
184.044067 188.101349 
177.024200 189.184036 
170.100647 188.001114 
164.048431 184.773514 
161.307037 178.725174 
169.893875 175.123764 
176.823364 175.729767 
183.957306 175.673630 
192.460526 179.062653 
184.308105 179.241150 
177.083878 180.631210 
170.036499 179.296448 
