68 2
144.143738 91.912712 
145.050659 105.086784 
147.100342 117.730400 
149.503281 130.649582 
154.224106 142.365295 
163.043121 152.493088 
173.170441 161.224060 
183.923798 168.765396 
196.622482 170.401520 
208.314148 166.981812 
217.425995 158.077591 
225.494171 147.984573 
231.405411 137.423477 
234.726456 125.637276 
236.300156 113.316078 
237.025208 101.536377 
237.181503 89.371307 
151.246490 86.440849 
156.089691 78.921364 
164.831512 75.446594 
174.242676 76.577484 
182.831161 80.128021 
204.364151 80.292839 
212.184235 77.085968 
220.279892 76.315697 
227.730789 79.212959 
231.828445 85.339195 
194.432938 90.827126 
194.970215 99.154678 
195.567123 107.317833 
196.194092 115.792236 
183.063049 120.716064 
189.241653 122.288544 
195.814514 124.118446 
201.495361 121.848671 
206.673981 120.168198 
162.097534 93.169380 
167.914612 91.214333 
173.921631 91.214569 
179.664688 93.686859 
173.797913 94.221710 
167.789398 94.353714 
206.378540 93.613487 
213.067810 91.039627 
218.976700 91.282074 
224.179535 93.226044 
218.978424 94.331490 
213.061981 94.125237 
170.473846 134.356827 
179.331131 131.341583 
188.220123 130.512527 
194.562973 131.764877 
201.431885 130.225601 
209.843735 130.495041 
217.016632 132.385422 
210.677414 142.925995 
202.766220 148.253555 
195.268356 149.610168 
188.380844 149.222946 
179.146469 144.985077 
173.495087 134.862366 
188.398560 134.757233 
194.734085 135.390305 
201.578903 134.022034 
214.185608 133.191345 
202.060257 141.478088 
194.908005 142.816498 
188.390198 142.488190 
