68 2
77.963165 113.775208 
79.169876 126.586151 
81.498505 139.243225 
83.721283 152.053772 
87.853790 163.800232 
95.127235 173.999527 
104.617775 182.683701 
115.451324 189.838943 
128.208572 191.575775 
140.323761 188.894775 
150.540771 181.032043 
159.169083 171.909622 
165.226517 161.431061 
168.471481 149.444717 
170.470810 137.222244 
171.683517 125.425468 
172.114319 113.492905 
86.223343 102.702469 
91.253632 95.399094 
99.573906 91.919937 
108.572746 92.845909 
117.138565 96.164429 
139.960602 97.447922 
148.154297 94.806519 
156.052765 94.519722 
163.061340 97.728134 
167.230972 104.052017 
128.906921 108.138809 
129.116028 116.105469 
129.334747 123.853432 
129.509338 131.911011 
118.694305 139.841187 
123.942642 141.066238 
129.237701 142.199097 
133.959732 141.177048 
138.379486 140.262665 
96.588219 111.328232 
102.138954 108.503563 
108.718094 108.502815 
114.441910 111.969711 
108.436554 113.229034 
102.054840 113.385834 
141.436310 112.565399 
147.896805 109.730179 
154.043549 110.214264 
158.820053 113.084030 
153.914444 114.628471 
147.799042 114.149292 
108.569710 157.366150 
116.399696 153.421265 
123.821098 151.535828 
129.221909 152.682587 
134.519028 151.704681 
140.968887 154.015198 
147.267242 157.224991 
140.910751 164.018173 
134.661682 167.141785 
128.955429 168.408981 
123.032700 167.853745 
115.723106 164.791885 
111.871246 157.678665 
123.753311 155.565872 
129.183868 155.956512 
134.582138 155.580582 
144.162445 157.619385 
134.508041 160.861588 
128.881775 162.106903 
123.232697 161.317932 
