68 2
109.177071 85.449005 
110.533836 103.816193 
113.872643 121.900185 
118.186211 139.222809 
124.864975 155.544312 
133.762802 170.401505 
144.145035 183.320419 
155.460022 194.012878 
170.088196 196.485352 
185.360001 194.267685 
199.488373 184.829315 
211.788712 172.485870 
222.123398 157.087982 
229.972519 140.982910 
235.143631 122.903496 
238.222168 103.362083 
239.901398 83.529488 
115.159561 82.331551 
122.146225 75.901840 
132.249924 75.890839 
142.475128 77.618996 
152.988037 80.046700 
178.164383 77.751884 
190.569321 74.533791 
202.187897 72.541199 
214.147522 72.797699 
223.004562 79.623276 
165.568130 94.826607 
165.202026 107.181915 
164.718903 119.437836 
164.312195 131.774979 
154.048599 136.992844 
159.670944 138.969147 
165.852524 140.232315 
172.512314 138.971069 
178.770065 137.554535 
129.548813 94.836273 
136.371155 92.295776 
144.673065 92.073723 
151.282654 95.542717 
144.169678 97.923790 
136.066223 98.234650 
184.797607 95.700813 
192.476089 91.852173 
200.647675 91.778854 
207.370224 94.384148 
201.021210 98.426674 
192.857605 98.413857 
150.322556 161.540894 
154.071152 156.194977 
159.171310 153.445984 
165.004059 155.112473 
171.763321 153.735107 
178.997635 157.102158 
185.047516 162.806015 
178.780350 170.623413 
171.935593 173.962234 
165.089386 174.412094 
158.910706 173.108551 
154.019882 168.847214 
154.157669 161.231995 
159.575653 158.914581 
165.576233 159.768814 
172.232880 159.301666 
181.072845 162.543304 
171.651855 162.398499 
164.947418 163.163345 
158.959061 161.574600 
