68 2
171.455032 75.105103 
173.026093 91.222527 
176.301056 107.564865 
180.246552 122.818520 
186.844177 137.178925 
196.004456 149.721542 
207.543289 160.534515 
220.532425 168.672836 
234.729553 170.183990 
247.429611 165.866348 
256.575714 155.719864 
264.794495 143.585175 
271.316040 129.935684 
275.155304 115.352158 
277.755524 101.101501 
279.242310 86.183823 
279.284698 71.795074 
183.530533 68.386475 
191.526581 62.686810 
201.507355 60.904575 
211.985046 62.135872 
221.560562 65.256805 
242.829346 63.277466 
251.902695 59.027847 
261.381195 56.892090 
270.589142 57.530281 
276.734650 63.233093 
233.223450 74.145576 
233.741135 83.951996 
234.285339 93.604553 
234.934952 103.712555 
222.362747 110.934143 
228.277374 112.147720 
234.550781 113.304520 
240.350525 112.080757 
245.592773 110.551079 
195.081970 78.079575 
201.821777 74.856026 
209.919769 74.408470 
216.587051 77.813744 
209.913528 80.688957 
201.843628 81.385429 
246.093582 76.430527 
253.272766 71.906288 
261.045044 71.727112 
266.513397 74.539467 
261.647827 78.351944 
253.939377 78.577156 
213.228210 134.007629 
221.703751 129.581833 
229.612228 126.439728 
234.755432 127.781357 
240.350769 126.144623 
247.547607 129.064529 
254.260223 132.438217 
248.504639 141.408615 
241.903534 146.352600 
235.683838 148.018021 
229.502029 147.145035 
221.300568 142.563858 
217.050812 133.573563 
229.564972 130.909805 
234.794189 131.288010 
240.762070 130.483429 
250.744492 132.589020 
241.223465 137.076187 
235.136887 138.965866 
229.467255 137.633514 
