68 2
139.139053 114.384140 
140.801239 126.702484 
143.231796 138.589493 
146.181107 149.961639 
150.631500 160.719955 
157.420273 170.096161 
165.960068 178.151062 
175.387100 184.740051 
186.027023 186.329315 
196.228592 183.509689 
205.000916 176.276398 
212.759155 168.179367 
218.452057 158.825211 
221.660583 148.012756 
223.687988 137.473068 
225.229080 126.451141 
226.357605 114.797226 
147.370575 106.528755 
154.084167 102.513206 
162.012207 101.679207 
170.041534 103.154068 
177.160431 106.534454 
194.498016 106.479713 
201.102173 103.420296 
208.037537 102.170837 
214.839203 103.384361 
219.793213 107.357231 
186.620346 116.853340 
186.769287 124.207031 
186.858719 131.350906 
186.881683 138.697403 
177.929947 143.358078 
182.005753 144.383163 
186.110138 145.250748 
189.941635 144.847046 
193.562897 144.309509 
158.649658 115.097061 
163.342667 112.417953 
169.146545 112.831917 
173.308807 117.221771 
168.774109 118.457626 
163.047272 118.207954 
197.021103 118.204575 
200.968384 113.906952 
206.775833 113.917183 
211.027267 117.082382 
207.348724 119.684433 
201.901779 119.806290 
171.756454 158.529968 
175.747375 154.059723 
180.787720 152.177628 
184.619354 153.388412 
188.554962 152.679306 
193.426132 155.237671 
197.205399 159.282898 
193.482590 166.076904 
188.997040 169.358337 
184.787399 170.215576 
180.327820 169.336807 
175.488022 165.725510 
174.768631 158.393600 
180.842865 156.524170 
184.628357 157.098740 
188.266403 157.088104 
194.156921 159.172653 
188.595428 162.486908 
184.725281 163.615341 
180.649231 162.629288 
