68 2
148.771866 111.415367 
149.625473 123.927261 
151.447937 135.713867 
153.739609 147.551010 
157.936707 158.357468 
163.956802 168.227203 
172.079437 176.521881 
180.605408 183.530594 
190.836319 185.572632 
201.042648 183.664154 
210.663788 177.478485 
218.786560 169.307053 
224.931396 159.224548 
229.063202 147.896881 
231.503418 136.657776 
233.731522 124.820259 
235.424210 112.436630 
154.582703 104.618141 
160.512634 100.172058 
168.666962 100.216072 
176.316589 102.161095 
183.185394 105.462334 
197.487961 105.072540 
205.451248 102.044342 
213.625748 100.777008 
221.685928 101.831612 
227.588867 106.553612 
190.860687 111.334206 
190.746399 119.194962 
190.582062 127.017853 
190.377502 135.181885 
181.775970 138.444519 
185.739761 140.538925 
190.097763 142.123764 
194.800751 140.707336 
199.112000 139.008194 
162.591568 113.065071 
167.137558 110.706573 
172.712326 110.750435 
177.862732 113.730682 
172.747498 114.687836 
167.132675 114.826973 
203.363586 114.346992 
208.892715 111.551804 
214.323074 111.910248 
218.863571 114.223602 
214.492432 115.951019 
209.025284 115.604736 
173.803650 153.175293 
180.025391 151.555664 
186.143066 150.843842 
190.063004 152.056992 
194.882431 151.272644 
201.246719 152.326675 
207.238510 154.118713 
201.271317 160.770981 
194.872986 163.295120 
189.813751 163.536270 
185.225540 163.019058 
179.188782 160.262329 
176.098114 153.793671 
185.855591 153.387146 
190.170013 154.124176 
195.118301 153.632965 
205.236542 154.429138 
194.923752 158.104797 
189.883896 158.582535 
185.396866 157.932205 
