68 2
115.389458 106.555733 
116.792862 126.226959 
119.764252 145.661865 
123.653931 164.961212 
130.114746 183.141953 
139.663712 199.746719 
152.364395 212.903748 
167.252243 222.199707 
185.864975 225.107941 
205.163300 221.680756 
221.260559 211.047470 
234.461487 196.960907 
244.555420 181.108231 
250.872070 164.014252 
254.809464 146.441483 
258.345917 127.914619 
260.404541 108.604248 
124.789520 86.641876 
134.670532 76.988487 
148.961792 74.881050 
163.267410 78.003181 
177.057571 83.332375 
203.881805 82.889137 
216.659302 78.428612 
229.038788 75.618858 
241.766632 76.642059 
251.066864 84.409073 
189.968002 95.115410 
189.512024 104.757561 
189.066238 114.336510 
188.575699 124.611244 
174.209778 137.989075 
181.010605 140.134064 
188.567810 141.677841 
196.424698 140.120132 
203.309784 137.566345 
140.889893 101.998787 
148.681702 100.310760 
157.116882 99.089447 
165.534729 98.678535 
157.315048 100.443726 
149.244415 101.698578 
211.686447 98.794319 
220.164902 99.271759 
228.154968 99.983253 
235.482590 101.120392 
228.067062 101.222595 
220.267120 100.159454 
163.448059 173.999649 
173.329239 167.053665 
182.159241 163.265686 
189.155212 165.184158 
196.658340 163.194641 
205.893967 166.168823 
214.463272 172.017715 
205.737885 181.709930 
196.972839 185.920074 
189.019226 187.047684 
181.610168 186.435699 
172.908508 183.095612 
169.447998 173.770111 
182.386124 171.549835 
189.131729 172.364395 
196.699524 171.189026 
208.577881 172.262192 
196.732590 173.484207 
189.077087 174.522507 
182.180252 174.254272 
