68 2
138.753510 79.040970 
140.362671 98.445892 
143.669098 117.125542 
147.288773 135.751648 
153.805374 153.226349 
164.403091 168.748245 
178.297791 181.350052 
194.237122 190.717453 
211.843292 193.288467 
228.978928 189.241867 
244.281494 179.505310 
257.412201 166.353333 
266.910217 150.732376 
272.531525 133.088516 
275.936523 114.941460 
278.458710 96.714966 
279.445862 78.490700 
150.115982 67.070152 
159.637589 58.802071 
172.683655 56.664986 
185.844894 59.387642 
197.931534 64.229652 
220.405899 62.810616 
233.258026 58.079895 
246.098389 55.490601 
259.019318 57.373615 
268.903748 64.312042 
210.249161 79.132172 
210.291916 91.039635 
210.342194 102.890274 
210.401993 114.952408 
195.894913 124.166367 
203.284698 126.235687 
211.014435 127.962975 
218.182678 125.635551 
224.953262 123.339340 
166.144226 80.979782 
174.870178 76.489441 
184.727432 77.014328 
193.096893 83.792358 
184.262482 85.740379 
174.205261 85.326546 
227.102142 83.420746 
235.653076 75.915192 
245.301407 75.636154 
253.324539 80.263466 
246.648819 84.590912 
236.820877 85.176666 
182.552170 144.862000 
194.424728 141.901596 
205.151871 139.563004 
211.323685 141.384949 
217.575348 139.633804 
228.196259 141.517990 
239.995300 143.921204 
229.339325 155.917862 
219.315140 161.195251 
211.914688 162.699768 
204.602463 162.040039 
193.492157 157.467712 
186.074478 146.208405 
204.701523 145.160202 
211.533386 145.520844 
218.482681 144.826202 
236.498154 145.370697 
218.808655 152.703552 
211.319885 153.713120 
204.300232 153.334229 
