68 2
131.982605 165.393082 
132.948761 181.954620 
135.660400 198.311203 
138.385391 214.270477 
143.916016 228.688446 
154.330826 240.773407 
167.079529 250.254257 
180.932770 258.406860 
196.675552 261.181122 
211.772003 258.601440 
224.629089 250.493057 
236.047333 241.042648 
245.065048 228.827637 
249.863220 214.672180 
252.578445 199.612167 
255.718338 184.610107 
256.624176 169.178604 
143.727966 144.795639 
150.947571 136.868576 
161.555542 132.144852 
173.072693 132.490540 
183.347046 136.414246 
215.141022 136.747742 
225.593338 133.441681 
236.029785 133.742477 
244.995712 138.402023 
250.873947 145.959579 
198.980911 153.695145 
199.001892 163.441956 
199.126526 172.807724 
199.267563 182.404556 
187.605072 194.254868 
193.086563 195.609802 
198.496124 196.627747 
203.907211 195.876312 
208.991516 194.833740 
155.173264 159.274216 
162.684708 153.885818 
172.376465 153.658722 
181.016739 159.347595 
172.345154 161.485672 
162.907303 162.246445 
214.667755 160.393723 
223.688538 155.232971 
232.870224 155.806427 
239.411514 161.177917 
232.652756 163.713440 
223.483368 163.050354 
170.698654 218.070587 
181.331757 211.054321 
191.332169 206.826431 
198.581696 207.683075 
206.227325 207.544861 
215.316956 212.241455 
223.808899 218.961136 
214.970200 226.045822 
205.563095 229.203796 
197.535828 230.128342 
189.884216 229.006699 
180.423126 225.167969 
175.536880 217.835144 
191.299942 213.495773 
198.556580 213.146179 
206.625656 214.069443 
219.420959 218.769928 
206.116669 221.127869 
197.814682 222.070984 
190.646835 221.064636 
