68 2
95.662506 99.221985 
96.186470 112.395363 
97.216125 125.747086 
99.401764 139.068588 
104.010841 151.543930 
110.772369 162.336792 
119.608696 170.942184 
130.777298 177.104431 
144.454407 178.147079 
157.659622 175.669495 
168.331345 168.635742 
176.272141 158.853577 
182.089920 147.406601 
185.798889 134.757858 
188.159134 122.191582 
189.507568 109.508400 
190.418411 97.385468 
101.388573 82.699799 
106.608650 75.662811 
115.122032 72.990921 
124.334198 73.566368 
132.733856 76.230316 
149.882309 77.030174 
158.279343 73.506088 
167.439148 72.035477 
176.462128 74.138603 
181.923691 81.042381 
142.164642 85.947906 
142.088455 94.504288 
142.202209 102.926964 
142.105087 111.627365 
130.617432 117.756310 
135.984192 120.200508 
141.843887 121.653305 
148.449142 120.017982 
154.250031 117.634735 
111.894844 90.087204 
116.934120 86.632301 
123.191498 86.433319 
128.365784 89.662834 
123.025337 91.865822 
116.871323 92.298172 
155.662766 89.486053 
161.722595 86.016693 
167.878265 86.346863 
172.480225 89.349152 
168.059509 91.818771 
161.997192 91.604805 
124.045479 140.845871 
131.114471 136.708862 
137.715012 134.087372 
142.259583 134.893417 
147.497162 133.738770 
154.111542 135.531799 
160.585403 139.481018 
154.442108 141.820938 
148.281097 142.441879 
142.939453 142.613297 
138.053070 142.626587 
131.495102 142.189270 
127.672905 140.108643 
138.073059 137.616837 
142.507568 137.960312 
147.605225 137.280060 
156.822495 138.921112 
148.037292 137.048645 
142.786942 137.494766 
138.165512 137.434387 
