68 2
106.033585 60.333225 
107.193138 77.671783 
108.723442 95.182724 
113.071198 111.208115 
120.674088 125.852783 
130.412796 139.323120 
142.275497 151.480865 
154.246719 161.629578 
168.953720 165.056534 
183.999680 161.678879 
197.382217 151.602661 
210.210526 140.928314 
221.773636 128.295761 
231.030350 113.512314 
235.726242 97.477684 
238.386536 80.152046 
240.685608 62.094841 
115.118515 50.138218 
122.277252 40.341049 
134.569763 37.923435 
147.972839 39.364216 
159.408691 44.779079 
178.097717 44.332317 
190.667343 39.376942 
204.378113 38.530762 
217.623627 41.692791 
225.716904 50.723789 
168.412842 59.918091 
167.276047 72.229736 
166.099442 84.323486 
165.019974 96.612175 
152.218414 97.778664 
158.602814 101.537285 
166.039734 103.812782 
174.319641 101.836372 
181.701752 99.172905 
129.351807 61.088970 
136.124374 58.757149 
143.722778 58.694199 
151.256195 60.955765 
143.988754 62.809544 
136.610703 63.286526 
186.893738 61.682304 
194.659378 59.490349 
202.115738 60.287334 
208.737457 62.385540 
201.944519 64.104042 
194.486603 63.781033 
148.089844 117.813110 
154.743591 114.696846 
161.807114 113.180817 
167.439499 114.292725 
174.194229 113.796738 
183.821732 116.163979 
192.739563 119.240021 
184.343079 130.242538 
175.728470 135.454727 
168.551178 136.076431 
161.971954 134.986145 
154.563843 128.940491 
152.205444 117.638458 
162.036438 115.792374 
167.721375 116.939629 
174.372986 116.462440 
188.208115 119.211197 
175.287827 127.269012 
168.332306 127.827309 
162.148911 126.379066 
