68 2
132.519760 107.921486 
131.898712 126.744545 
133.612167 146.474045 
137.139511 164.723038 
143.597412 181.992783 
152.485886 197.794617 
163.879761 211.287430 
177.714203 221.849838 
194.077148 224.627213 
209.211258 221.546585 
221.725464 211.362762 
232.458466 198.223740 
241.118515 183.741882 
247.566025 168.733734 
252.406799 152.524551 
256.006104 135.976501 
258.565735 118.733032 
143.033478 101.868317 
153.856903 95.593040 
166.815384 96.932747 
179.075867 101.935661 
190.066711 109.285149 
216.265701 110.147255 
227.424866 104.925751 
238.999329 102.288170 
249.954102 103.024384 
256.138062 110.932541 
202.574783 124.626381 
202.167725 134.537399 
201.870422 144.407303 
201.716843 154.461227 
186.628494 162.473007 
193.114594 164.126511 
199.617004 165.730835 
205.575485 165.027527 
211.229156 163.856003 
156.614685 120.177734 
164.831818 117.930634 
174.002747 119.249405 
181.310394 124.693687 
172.917160 125.918442 
163.709473 124.883385 
219.302002 127.624405 
227.740784 123.365341 
236.222031 123.556747 
242.407898 126.766602 
236.476746 130.364975 
227.927673 130.054123 
172.040497 183.395554 
182.720139 180.664322 
192.385056 179.163269 
197.428009 181.279922 
203.379517 179.660217 
210.648804 182.250320 
217.514404 186.405792 
210.690002 193.793762 
203.463821 198.112350 
196.716873 199.445816 
190.465881 198.482040 
181.316360 194.112686 
176.041580 184.277512 
191.690262 184.506012 
197.269821 185.547485 
203.609238 184.658905 
213.844849 186.673386 
203.947037 188.478210 
197.423035 189.930038 
191.566299 188.492599 
