68 2
146.997940 109.506729 
148.024139 127.850739 
150.199768 145.551361 
151.848709 163.927917 
156.501007 181.405945 
165.632706 196.484833 
177.643555 209.747177 
191.551010 221.256271 
208.948685 224.340851 
224.682861 221.894760 
237.461243 211.890656 
248.259766 198.723663 
257.179626 183.503403 
262.298645 166.869476 
265.537659 149.221375 
268.340424 131.264130 
269.616730 113.547737 
155.171036 108.297684 
163.587036 98.946129 
176.478088 95.930031 
189.951736 97.563416 
202.491882 101.872337 
220.345154 102.312836 
233.343292 98.645340 
246.115417 97.718964 
258.099976 101.736481 
264.686798 110.740471 
212.529465 115.061729 
212.487442 126.798355 
212.443054 138.605789 
212.180374 150.776749 
198.359070 157.576950 
204.928162 159.640518 
211.551651 161.731461 
218.123962 160.300293 
223.959885 158.786560 
169.660461 115.904083 
177.271576 111.065765 
186.938080 111.518578 
193.806229 118.353798 
185.888809 120.658676 
176.246002 120.469154 
228.493103 118.816040 
236.532684 112.143288 
245.932022 112.314766 
252.629318 117.393341 
246.550781 121.578316 
237.395966 121.300430 
185.189835 183.359970 
195.082260 180.900375 
203.800247 178.764343 
209.202988 180.762024 
215.187225 179.129837 
223.674789 182.333420 
232.551376 185.964325 
224.142288 191.592163 
216.142105 193.359756 
209.732178 193.728851 
203.295135 193.028931 
194.716446 190.477646 
188.729752 183.955002 
203.337540 184.939133 
209.289810 185.852417 
215.505402 185.134827 
228.880798 186.296738 
215.829025 184.514313 
209.587341 185.131363 
203.446259 184.258957 
