68 2
144.109024 91.548248 
144.657867 108.793755 
146.062454 126.097931 
149.711884 142.509262 
156.079041 158.140732 
166.172363 171.494370 
177.553574 183.631699 
189.388123 194.202393 
204.086487 197.923416 
219.401184 195.679825 
234.137802 186.808731 
248.045227 176.337051 
260.218201 163.151581 
268.935791 147.801147 
273.180786 131.422333 
275.461609 114.533844 
277.289886 96.585121 
155.703125 80.321259 
164.031921 73.977379 
175.811584 73.622894 
187.808411 76.390373 
198.752899 81.615150 
214.963837 81.662010 
226.511444 78.501793 
238.711319 77.852432 
250.676483 80.310913 
259.970825 87.062683 
205.331009 93.263588 
203.893188 104.950127 
202.326004 116.975304 
200.797256 128.752869 
191.187546 131.177155 
196.078781 134.284424 
201.987885 136.411499 
209.188293 134.645599 
216.070908 132.920975 
168.875397 93.412842 
175.722610 91.683372 
183.218933 92.003220 
189.725235 94.831276 
182.818054 96.255005 
175.394180 96.214432 
224.372253 96.917999 
232.052902 95.189461 
239.482101 96.178436 
245.779190 98.903168 
239.005020 100.597000 
231.734833 99.606827 
183.631012 150.353287 
189.661804 147.056778 
196.543671 144.302231 
202.642273 145.201462 
210.269180 145.064224 
219.197937 149.174957 
227.556961 153.928223 
219.037231 163.375076 
210.001160 167.485062 
202.355011 167.543991 
195.389053 166.233459 
188.811844 160.763870 
188.168396 150.903214 
196.419785 148.301300 
202.903625 148.428513 
210.524521 148.973877 
223.023758 153.695358 
210.387878 159.145432 
202.617722 159.842331 
195.834976 157.821869 
