68 2
141.681519 111.075470 
142.966156 128.852875 
144.937485 146.477921 
149.086655 163.742813 
155.774994 180.077835 
165.352615 194.729919 
176.883362 208.087143 
189.662903 218.756500 
205.598022 222.897369 
221.700409 220.220154 
237.140076 211.094055 
250.919128 200.325790 
261.687347 185.780029 
269.336731 169.662140 
274.340149 152.591980 
277.771149 134.367874 
280.537323 115.294731 
150.843002 100.026932 
159.497498 94.173752 
171.133163 94.083237 
182.931137 96.497276 
193.751556 101.636475 
214.935730 101.025726 
227.257507 96.760712 
240.241104 95.496246 
252.942459 97.251694 
262.878326 103.803864 
203.047455 115.135223 
201.806885 128.359894 
200.514969 141.777740 
199.308334 155.109467 
189.579910 157.216125 
194.719391 160.733902 
201.042160 162.876450 
208.350952 160.922165 
215.099579 158.256714 
164.730240 116.164063 
171.632187 114.204643 
179.304016 114.257133 
186.555237 117.020752 
179.266708 118.920586 
171.537399 119.056381 
224.083176 118.260185 
231.833664 116.418320 
239.706467 117.151787 
246.868484 119.422638 
239.805176 121.631676 
231.991669 121.093910 
184.132065 176.125473 
190.472015 174.551910 
196.549057 173.601486 
201.805832 175.284042 
208.856247 174.476288 
217.676132 177.099136 
226.855362 180.176544 
217.584747 189.748611 
208.742493 193.638016 
201.471619 193.788025 
195.144226 192.506424 
189.031830 187.112762 
188.530945 177.223251 
196.513016 176.397186 
202.018661 177.684296 
209.024002 177.283508 
222.022415 180.443268 
208.928070 184.747543 
201.881989 185.234558 
195.882568 183.374283 
