68 2
123.235054 58.901340 
125.070854 82.232849 
129.039444 105.433800 
134.274429 127.844566 
141.377991 148.674423 
151.847214 168.907745 
165.314651 186.653671 
181.242645 201.369919 
202.673264 205.133774 
223.557129 201.483154 
240.869461 187.467850 
256.648071 171.087601 
269.958099 152.438065 
280.022156 132.057602 
286.417755 110.502045 
290.143188 87.216827 
292.263550 64.065956 
128.509705 43.428051 
138.434570 30.683617 
155.713135 28.168118 
172.967072 32.551144 
189.274750 40.011017 
219.504410 40.603855 
236.820068 34.418594 
253.837082 30.292576 
270.965668 32.739311 
281.699310 44.874348 
203.776947 56.763050 
203.338913 70.304962 
202.924622 83.762413 
202.543167 98.094933 
184.426941 111.404510 
192.926300 114.763847 
201.835007 117.656563 
212.071136 114.867744 
221.325745 111.720306 
144.922333 59.043415 
154.804367 52.033489 
167.921570 52.294724 
178.869705 60.430962 
167.522766 64.002808 
154.629684 64.534775 
230.011368 60.698929 
241.504074 53.158405 
254.557190 53.727177 
264.182068 60.285252 
255.236542 65.475800 
242.356506 64.896431 
169.955017 148.338440 
182.537537 141.523117 
194.231140 138.689148 
201.395279 141.636719 
210.845139 138.710129 
223.237976 141.589386 
235.312927 148.564941 
224.026077 162.233261 
211.457443 168.756836 
200.654526 170.099655 
191.997574 169.230957 
180.720367 163.188965 
175.527542 149.219788 
193.998184 146.542267 
201.618698 148.158661 
211.647614 145.973129 
230.477814 149.537949 
211.758514 154.078979 
201.199890 156.177673 
193.043533 154.491394 
