68 2
102.231171 45.312241 
103.385590 69.615067 
107.378365 92.326988 
111.790230 113.793526 
118.860077 134.320282 
129.042465 153.676620 
142.100525 170.708740 
156.455139 183.880859 
174.306625 187.137894 
192.036346 183.772797 
206.858398 170.628860 
220.940933 155.106476 
232.912949 137.623596 
241.927078 117.906998 
248.123611 97.642120 
253.648056 75.851746 
257.559296 53.308540 
108.753448 37.575024 
121.466782 29.306784 
138.536819 30.782244 
154.470322 36.622147 
169.418854 43.681694 
194.984650 45.032497 
210.596008 39.623093 
225.782196 34.641193 
241.919464 34.273438 
252.109802 43.123463 
180.546173 56.167202 
179.581192 72.877266 
178.747742 89.856674 
177.829453 106.955414 
159.000748 109.743706 
167.657120 114.043671 
177.005722 117.646133 
186.699371 114.645874 
195.204224 110.861450 
124.900787 53.718712 
134.526749 49.111557 
146.566467 49.981304 
155.718414 57.874008 
145.450073 60.329868 
133.454803 59.937386 
203.984055 59.367050 
214.314850 51.817947 
226.147003 52.346992 
234.830505 57.375237 
227.165817 62.886368 
215.280090 62.583267 
148.138840 136.401184 
158.124817 132.179153 
167.639175 130.696579 
174.077118 134.228531 
182.631378 131.793503 
191.976166 134.522461 
200.396835 139.464615 
191.515015 149.459763 
181.924484 154.684753 
173.075745 155.114044 
165.403015 153.554169 
156.432678 147.874832 
153.707916 137.177887 
167.458557 136.493301 
174.193756 138.649719 
182.728271 137.501740 
195.274231 140.134781 
182.418228 142.019760 
173.807800 143.145050 
166.930878 141.135681 
