68 2
146.025452 112.168549 
147.390472 124.447372 
149.544128 136.143021 
152.172256 147.897675 
156.587891 159.074448 
162.442215 169.305466 
170.547272 177.591141 
178.680344 184.670975 
189.199112 186.818375 
199.494080 184.703720 
209.012039 177.975113 
217.094925 169.470947 
223.225357 159.187180 
227.387573 147.911774 
229.977051 136.498642 
231.805725 124.632484 
233.108078 112.242157 
151.053604 104.767342 
156.238739 100.598976 
163.899902 100.257767 
171.472260 102.098640 
178.389999 105.323135 
194.735535 104.701416 
202.435745 101.711777 
210.392578 100.730949 
217.894913 102.096619 
224.050461 106.485382 
186.793488 111.378654 
186.804260 119.027153 
186.740143 126.663208 
186.769485 134.565872 
178.376770 138.411758 
182.543732 140.603638 
187.078018 142.111786 
191.872360 140.589081 
196.387833 138.886047 
158.636673 114.177162 
163.650314 113.319572 
169.114716 113.105125 
174.513397 113.906357 
169.178528 114.762032 
163.707138 115.250328 
199.981781 114.568886 
205.884872 114.222969 
211.155746 114.869049 
216.088730 115.749809 
211.088608 116.766510 
205.670227 116.121490 
172.020569 154.283813 
177.714905 151.597672 
183.577820 150.574203 
187.869843 151.854965 
192.609039 151.030823 
198.950089 152.220215 
204.922440 154.922607 
199.032043 162.160263 
192.613052 165.026077 
187.484451 165.446106 
182.735779 164.630096 
177.011658 161.641693 
174.441910 154.579224 
183.458267 153.460724 
188.097321 154.337372 
192.910950 153.903259 
202.450745 155.077103 
192.518051 159.179840 
187.385391 159.854706 
182.695724 158.888611 
