68 2
143.294601 82.550041 
144.084885 97.818665 
146.295197 112.983482 
149.393799 127.741051 
154.208923 142.358902 
161.940521 155.517151 
172.148407 166.774292 
183.871124 175.940125 
198.836853 178.323242 
213.595627 175.569580 
225.570389 166.816452 
236.238525 156.060913 
244.092712 143.338242 
249.495148 129.077347 
252.789932 114.597862 
255.442520 99.589661 
256.323578 84.310104 
152.248947 76.274063 
159.761963 67.313210 
171.378479 64.505013 
183.595734 66.438835 
194.453201 70.952629 
212.007675 69.878716 
222.866913 65.724190 
234.103348 64.995117 
244.370636 68.842720 
249.993164 77.525192 
203.137482 83.116119 
202.787277 92.212067 
202.465759 101.279556 
202.095520 110.968025 
188.874985 117.794403 
195.156357 120.193130 
201.461227 121.934326 
207.726730 120.588593 
213.668716 119.262344 
164.795105 83.122925 
171.257675 79.142189 
179.382187 79.304375 
186.334534 84.616020 
179.267227 86.653267 
171.069016 86.715424 
217.274261 85.279449 
224.450806 79.982338 
232.137024 80.320267 
237.932678 84.345993 
232.753281 87.477501 
224.944687 87.516853 
180.393402 141.914078 
189.397339 137.567184 
196.839325 135.244583 
201.353943 137.310165 
206.850723 135.916504 
213.764664 139.263901 
220.217224 143.446808 
213.796707 149.807434 
206.777756 151.997513 
200.562988 152.351746 
195.111328 151.561462 
188.033356 148.759369 
183.490189 141.759232 
196.538803 139.088715 
201.312195 139.750854 
207.101135 139.579315 
217.357956 143.475662 
206.672287 145.339676 
200.587509 145.826004 
195.690887 145.022003 
