68 2
82.639740 99.316353 
82.567986 117.913834 
84.343071 135.739929 
87.117760 153.538437 
91.637291 171.106033 
99.477562 187.050720 
112.427963 200.132996 
128.467926 209.264404 
145.840515 212.684647 
163.165710 210.395020 
178.760162 202.104675 
192.183884 190.214981 
201.134583 174.922836 
206.313004 157.857056 
209.946075 141.005051 
212.758423 123.619995 
213.888046 106.188690 
96.132629 84.272179 
105.923538 77.676544 
118.018990 76.752396 
129.595032 79.737457 
140.045715 84.805061 
162.719543 84.681511 
174.336563 81.007423 
185.957291 79.662369 
197.308777 81.627625 
204.997070 88.484367 
151.542175 99.395958 
150.998489 110.346039 
150.411606 121.304474 
149.810577 132.645752 
136.674088 141.030853 
142.712784 143.867889 
148.892410 146.102142 
155.223846 144.246384 
160.922028 141.804016 
109.798187 100.415833 
117.665192 96.237862 
126.809380 97.011848 
134.230804 103.525063 
126.100128 105.189400 
116.901558 104.509880 
166.925842 104.735313 
174.893982 98.676727 
183.744644 98.853081 
190.594910 103.981598 
184.270203 107.158470 
175.499481 107.058563 
121.829765 165.700348 
131.975754 159.663055 
142.255524 157.166046 
148.069672 158.835663 
154.526581 157.808472 
164.106842 161.231247 
173.555344 166.755341 
164.370270 178.468185 
154.619537 183.832581 
147.230392 184.875092 
140.506729 183.733139 
130.558929 177.997696 
125.711929 166.085526 
141.944351 162.513077 
147.876434 162.796921 
154.771729 162.746414 
169.559753 167.242126 
154.591248 174.583725 
147.539169 175.794373 
141.339035 174.665588 
