68 2
115.494713 99.710449 
117.187653 118.435249 
120.502350 136.668472 
124.578041 154.066437 
130.761047 171.147461 
139.812424 186.617584 
151.586502 199.891403 
164.906326 211.019073 
181.594589 213.466980 
197.872910 210.515671 
210.982666 199.474304 
222.439850 185.907578 
231.139374 170.638443 
237.008896 154.587784 
240.603134 136.986755 
243.144287 118.498810 
244.506317 99.652779 
124.613838 100.955460 
133.260056 95.050468 
144.762634 96.212250 
156.016190 98.501038 
167.229507 101.349197 
190.295166 99.922989 
202.482132 96.683189 
213.858978 94.483109 
225.470810 93.690460 
234.029221 99.785759 
179.530380 112.039337 
179.514435 124.910835 
179.481125 137.832092 
179.447571 150.821182 
166.816101 154.627945 
173.155304 156.925476 
179.850754 158.930603 
186.822525 157.064514 
193.216599 154.769958 
139.882111 111.397491 
146.894592 108.661636 
155.374084 108.661736 
162.238022 112.099770 
154.953522 114.615196 
146.646988 114.937622 
197.328979 112.222130 
204.763718 108.467209 
213.079300 108.382126 
219.812561 110.877403 
213.621368 114.931831 
205.369858 114.889038 
160.863861 179.377319 
166.786453 175.452530 
172.704346 173.602890 
179.034683 175.522919 
186.206161 173.539612 
193.210754 175.841873 
199.727661 179.558517 
193.653793 184.340607 
186.864609 186.535934 
179.479141 187.245331 
172.830383 186.485657 
166.911438 184.017426 
163.979187 179.383774 
172.503189 177.368530 
179.347641 178.221466 
187.051376 177.295990 
196.824188 179.806305 
187.012497 178.240295 
179.370087 179.728424 
172.615158 178.511734 
