68 2
164.919785 81.199211 
165.702942 92.327812 
167.604431 103.564850 
170.794449 114.499893 
175.339340 124.614784 
181.779434 134.015854 
190.429321 141.800430 
200.647812 147.059616 
212.031342 147.968079 
223.091537 145.724167 
232.141769 139.403671 
239.822021 131.227036 
245.637070 121.523087 
248.998535 110.642540 
250.714142 99.468910 
251.791855 88.358521 
252.025040 77.204498 
171.202606 67.777412 
176.962326 63.871582 
184.526337 63.554863 
191.775482 65.201935 
198.077271 68.618805 
216.461563 67.373871 
223.207397 64.447296 
230.267471 62.865105 
237.311661 63.288643 
242.592499 66.727715 
208.380707 76.716164 
208.694824 83.330727 
209.095978 89.825706 
209.479172 96.723602 
200.644089 103.107376 
204.797577 104.586243 
209.158203 105.674286 
213.545731 104.453835 
217.470734 102.909149 
179.829712 77.833763 
184.567368 74.869659 
190.455444 74.812431 
195.736160 77.965538 
190.427002 79.870483 
184.571808 80.270416 
219.275406 77.720039 
224.584976 74.325554 
230.199432 74.544998 
234.799591 77.237854 
230.656631 79.608154 
224.980087 79.550011 
194.240799 120.516075 
200.393372 116.946709 
205.156754 114.814247 
209.041367 115.988541 
213.532349 114.669785 
218.888809 116.848663 
224.211105 119.712296 
219.047195 123.545204 
213.751862 125.004990 
209.084747 125.544434 
204.898544 125.178551 
200.174622 123.831367 
196.883865 120.672699 
204.945267 119.036659 
209.057266 119.216988 
213.742783 118.788345 
221.609314 119.960487 
213.666245 118.931671 
209.103638 119.619560 
205.089188 119.233368 
