68 2
135.579071 106.082802 
136.733795 117.679039 
138.997253 128.722977 
141.979599 139.773285 
146.699905 150.206833 
152.574982 159.950012 
160.876816 167.950516 
169.604416 174.678589 
180.128860 176.143326 
190.328918 173.774902 
199.900375 167.020294 
207.788086 158.049454 
213.418106 147.673767 
217.010757 136.469864 
218.992630 124.955360 
220.150604 113.345573 
220.742874 101.197594 
140.282608 95.757416 
144.855042 91.581512 
151.618683 90.915413 
158.200989 92.412308 
164.200974 95.087738 
181.699951 93.408180 
188.588699 90.113556 
195.996780 88.822258 
203.205887 89.676277 
209.198502 93.212257 
174.181091 102.069435 
174.591125 109.385582 
174.909531 116.653839 
175.201965 124.056259 
167.486588 128.181946 
171.340027 130.119064 
175.541473 131.427704 
180.267395 129.990646 
184.569580 128.217941 
148.486954 105.775108 
152.663834 104.613297 
157.483383 104.058884 
162.370087 104.599594 
157.704956 105.756134 
153.103287 106.221390 
187.816010 103.833611 
192.999481 103.208824 
197.699890 103.404816 
202.157364 104.129372 
197.752090 105.259315 
192.953659 104.847519 
161.287048 144.146835 
165.960098 141.113632 
171.816330 139.850754 
176.395370 140.993195 
181.656693 139.737274 
188.490891 140.786713 
194.420120 143.715485 
189.258133 151.059540 
182.664795 154.498413 
177.367844 155.182343 
172.306976 154.584290 
166.244293 151.699890 
163.707123 144.523727 
172.107178 144.054581 
176.875671 144.456238 
182.185791 143.833176 
191.619202 144.099854 
182.232315 148.426987 
176.863785 149.146118 
171.940430 148.456238 
