68 2
151.599564 72.025238 
153.281113 83.147530 
156.003448 93.376190 
159.089539 103.401215 
163.147720 112.406219 
169.026810 120.819336 
177.113800 127.618164 
185.857834 132.312561 
195.834320 133.089752 
204.838364 130.554916 
212.693909 124.958618 
219.225479 118.113457 
223.946106 109.588699 
226.572845 100.043404 
228.102112 90.332436 
229.601425 79.780266 
230.429062 69.189949 
157.681107 66.815010 
162.868134 62.416031 
169.880203 61.466423 
176.965027 62.355293 
183.584518 64.535736 
196.549820 63.462505 
203.298538 60.902466 
210.368729 59.625481 
217.275803 60.726616 
222.586838 64.678307 
190.926941 70.280243 
191.459686 77.053200 
192.036819 83.815643 
192.624435 90.972649 
184.535980 95.400139 
188.376007 96.858398 
192.438660 97.998024 
196.413071 96.383148 
200.009827 94.505699 
165.367233 73.379875 
169.623566 70.723511 
175.075256 70.513481 
179.703354 73.420349 
175.080872 74.984306 
169.658875 75.510231 
201.536026 72.502464 
206.233795 69.095917 
211.635086 69.051369 
215.953186 71.371193 
212.267181 73.635887 
206.947327 73.872978 
178.489304 109.583214 
183.478149 106.617401 
188.431534 104.750275 
192.469315 105.567833 
196.872955 104.335968 
202.083313 105.900246 
207.223602 108.434967 
202.888123 113.047592 
198.086197 115.259590 
193.497086 116.030952 
188.986877 115.914169 
183.740540 114.079605 
181.028259 109.488716 
188.544006 108.053574 
192.605103 108.202667 
197.156311 107.493767 
204.637878 108.633270 
197.497253 109.988541 
193.005844 110.994392 
188.743011 110.694397 
