68 2
152.397491 75.237343 
154.851685 86.272125 
158.014771 96.306015 
161.384308 106.122513 
166.126694 114.915802 
172.858749 122.602448 
181.497284 128.731537 
190.830139 133.160095 
200.512314 133.695862 
209.433197 130.922592 
216.882080 124.682007 
222.992981 117.213623 
227.275253 108.229012 
229.156815 98.452377 
229.975037 88.688202 
230.798401 78.213226 
230.978821 67.675522 
158.590637 68.204292 
163.940460 63.534050 
171.393097 61.962078 
179.008896 62.682278 
186.054810 64.609177 
198.157028 63.393082 
204.857620 60.117004 
212.039612 58.332928 
219.204681 59.118687 
224.520630 62.976746 
193.309601 70.212791 
194.304016 76.813324 
195.306244 83.363358 
196.352081 90.293228 
188.006119 95.878059 
192.111755 97.220520 
196.435349 98.333809 
200.314911 96.572968 
203.706451 94.480225 
167.157730 74.287422 
171.378601 71.104156 
177.038116 70.718475 
181.855881 73.946404 
177.276245 75.672890 
171.621277 76.282784 
203.684723 72.026390 
208.311249 68.014305 
213.716797 67.593170 
218.262772 69.901649 
214.694794 72.359924 
209.224060 72.986206 
181.837158 110.403030 
187.624893 107.206329 
193.056015 105.594864 
196.929718 106.361176 
200.992340 104.977997 
206.473450 105.969604 
211.635529 107.919510 
207.396515 112.934349 
202.249969 114.841835 
197.847794 115.536217 
193.627136 115.502930 
187.832382 114.261932 
184.197571 110.296127 
193.195038 108.230507 
197.033798 108.333336 
201.392273 107.503929 
209.255066 108.351898 
201.758331 110.399094 
197.373108 111.224747 
193.332687 111.141373 
