68 2
145.411179 111.511070 
146.698303 123.667511 
148.898788 135.124405 
151.634811 146.407257 
155.930038 156.485901 
162.175156 166.022675 
170.827332 173.635696 
180.510315 179.908524 
191.658218 181.299500 
202.045395 178.846497 
211.342194 172.279495 
219.217987 164.270630 
224.733948 154.470413 
228.037598 143.432938 
229.831924 131.933258 
231.453613 120.147247 
232.193604 108.157242 
150.285950 103.233627 
155.785873 97.726807 
164.118195 96.962761 
172.211212 98.634239 
179.577057 101.710991 
194.254333 100.810120 
201.981827 97.026573 
210.174316 95.348785 
218.443008 96.261986 
224.623108 101.053444 
187.715332 108.550484 
188.090958 115.703453 
188.470398 122.790054 
188.760574 130.284973 
180.393677 135.801483 
184.547821 137.441971 
188.819290 138.636765 
193.387680 137.207474 
197.570709 135.580887 
159.074921 111.051201 
163.543030 107.802666 
169.713379 107.765625 
175.175354 111.510696 
169.949768 113.052643 
163.801193 113.455368 
199.864685 111.038528 
205.407608 106.805023 
211.371201 106.785614 
216.141495 109.705536 
211.940735 112.279984 
205.924850 112.331085 
173.322891 151.921143 
179.617569 149.128006 
185.316727 147.780945 
189.362671 148.911514 
194.141388 147.840866 
200.351532 149.347626 
206.125793 151.681091 
200.569382 157.690659 
194.385239 160.264587 
189.360809 160.865173 
184.904358 160.433105 
179.032059 158.255402 
175.692215 152.134552 
185.255783 150.886642 
189.524658 151.314514 
194.466980 150.807510 
203.701492 151.875549 
194.167160 154.991821 
189.067078 155.747040 
184.817963 155.159439 
