70 2
156.149918 71.042709 
156.563889 83.998573 
158.038849 97.563530 
160.113602 111.061615 
164.965393 123.633492 
173.027725 134.673584 
183.295914 143.854279 
194.991562 151.019653 
208.567444 151.995743 
221.554016 149.878189 
232.264999 142.310852 
241.201035 132.404358 
248.385330 120.731583 
252.895828 107.305367 
254.535706 94.059959 
255.503204 80.765076 
255.830292 67.779930 
164.451523 59.212936 
171.351532 54.147743 
180.447952 53.012039 
189.643509 54.901051 
197.688889 58.816696 
216.111877 58.541199 
224.438217 53.192566 
233.639404 50.306950 
243.115479 51.096115 
249.537567 56.596996 
207.250793 67.863556 
207.541809 77.892326 
207.957352 87.722099 
208.245056 97.808640 
195.695984 101.236435 
201.643661 103.728027 
208.202820 105.643890 
214.782257 103.291496 
220.496796 100.614197 
174.117111 69.547333 
180.046112 66.791000 
187.154892 66.764931 
193.155212 70.155273 
186.936111 72.247772 
179.862396 72.481659 
220.809998 69.274384 
227.117691 65.478500 
233.797333 65.183014 
239.001297 67.699211 
234.325607 70.651619 
227.674728 70.949234 
185.294189 117.261856 
193.991455 114.633232 
202.107452 113.338760 
207.884277 114.531441 
214.152451 113.010323 
221.855331 113.746429 
229.778992 115.421944 
222.040604 120.751137 
214.504227 123.070801 
207.993439 123.717560 
202.008728 123.551651 
193.915710 121.782143 
189.009933 117.347534 
202.037048 117.240181 
207.977692 117.970909 
214.127335 116.885498 
226.089188 115.791901 
214.324219 117.275841 
207.825912 117.921593 
202.095947 117.718048 
183.800003 71.000000 
229.000000 69.000000 
