68 2
153.995132 105.732002 
155.182770 121.939980 
157.628326 137.388809 
161.020859 152.700211 
166.527664 166.758240 
174.699814 179.429901 
184.950302 190.151459 
196.694168 198.355911 
211.062134 200.979034 
224.850067 198.238159 
237.250031 189.422043 
248.192490 178.263535 
256.867859 165.928650 
262.555298 151.701508 
266.041412 136.934052 
268.585876 122.220390 
270.426147 106.357071 
158.520676 96.186829 
165.457520 88.502335 
176.187500 86.878662 
187.326279 88.983574 
197.701492 93.159248 
221.402786 92.446236 
232.726135 88.183807 
244.401260 86.632477 
255.642853 87.888397 
262.759918 95.358490 
210.216370 105.048347 
210.153488 113.156525 
209.958542 121.521591 
209.923187 129.902359 
198.690445 138.362213 
204.355469 139.754608 
210.159897 140.900391 
215.909912 139.838898 
221.450302 138.631180 
171.651382 107.132607 
178.656082 104.941338 
186.061005 104.849770 
193.820007 107.203133 
186.291763 108.457481 
178.733994 109.075874 
227.002609 107.352425 
235.489319 104.901985 
242.895081 105.329231 
249.431992 107.198769 
242.817795 109.206757 
235.223068 108.801102 
187.128372 158.124527 
195.964188 155.131653 
204.641113 153.347351 
210.280685 154.910553 
216.948242 153.538940 
225.542511 155.318176 
234.054474 158.146057 
225.730103 166.886017 
217.165909 170.685303 
210.064728 171.696365 
203.814392 170.894867 
195.425842 167.186737 
190.666626 158.914261 
204.642029 157.648514 
210.468811 158.184082 
217.596649 157.408142 
230.592987 158.872208 
217.486298 163.041321 
210.297394 164.456268 
204.303589 163.387268 
