68 2
117.938507 80.191414 
118.994804 98.213898 
121.593384 116.101089 
125.210800 133.297699 
131.137070 149.256973 
140.278549 163.935913 
151.521667 176.568085 
164.330399 186.302689 
179.805069 188.190948 
195.075378 185.265717 
208.333344 175.223892 
219.939560 163.137466 
229.359375 149.235153 
236.067551 134.186310 
240.098557 116.958549 
242.766388 99.036484 
244.113342 80.726357 
125.248795 77.165421 
132.921829 69.791069 
144.226013 68.890427 
155.347946 70.731110 
166.153503 73.738914 
188.731964 72.520393 
200.676682 69.675217 
211.917496 68.259392 
223.095673 69.011032 
230.719696 75.967537 
177.645432 85.595573 
177.732727 96.876862 
177.600983 108.011787 
177.697937 119.349991 
165.551132 126.610245 
171.480881 127.817749 
177.618576 128.912796 
183.801529 127.904854 
189.785400 126.823883 
139.335388 85.681122 
146.288055 82.100677 
154.679047 81.884735 
161.356857 86.390694 
154.312469 88.294159 
146.041153 88.663780 
194.343338 86.580948 
201.604797 81.809113 
210.022156 82.215202 
216.839340 85.613586 
210.390564 89.098900 
202.104065 88.899635 
160.592041 152.165131 
165.279190 145.285095 
171.401672 141.768204 
176.596954 143.528061 
182.579544 141.930725 
189.483444 145.891541 
194.796600 152.502533 
189.263611 159.775589 
182.665497 163.621262 
176.601257 164.563950 
170.919571 163.780838 
165.191589 159.893051 
164.145889 151.710175 
171.728729 147.911102 
176.911743 148.640961 
182.908752 148.117676 
191.058182 152.328796 
182.626389 153.114075 
176.656830 154.241837 
171.343689 153.208389 
