68 2
104.049194 113.926666 
105.439117 138.812286 
108.192841 163.211838 
112.559692 186.798096 
120.534042 208.212448 
131.129913 227.339401 
146.923706 241.390732 
164.013779 251.398193 
184.995071 254.474991 
206.327332 251.877716 
224.578003 240.941833 
240.242050 226.053574 
252.481201 207.908859 
261.728119 188.908295 
267.911133 169.026749 
272.203796 147.861221 
274.936157 126.253189 
115.381783 90.435059 
125.380386 75.943275 
142.869781 72.074371 
160.418030 76.294724 
177.581467 83.401337 
209.652893 85.929108 
226.587967 81.160141 
243.274307 78.743149 
258.837769 83.431244 
267.038635 97.634613 
192.816376 101.861481 
192.003723 115.029488 
191.316147 128.114700 
190.483109 141.990570 
170.216019 155.281876 
178.522110 159.584442 
187.759796 162.758163 
197.840103 160.667557 
206.415710 157.273010 
133.238113 108.355644 
143.329910 104.325401 
154.233185 103.726471 
165.114563 107.108131 
154.518280 109.701263 
143.461502 110.889038 
215.806747 109.903442 
227.406586 108.003082 
238.165771 109.924332 
246.182404 114.286049 
237.018494 115.618317 
226.471497 113.656517 
152.517334 196.590378 
165.767990 188.467377 
177.389084 184.952194 
185.492889 188.202057 
195.237305 186.420761 
206.739929 191.384277 
216.634903 199.092056 
205.172424 207.361740 
193.933914 210.598053 
183.939117 211.032898 
175.250946 209.939529 
164.364624 206.600250 
158.042496 196.485641 
176.623718 193.366135 
184.946457 194.642395 
195.099503 194.203476 
211.354462 198.888138 
195.127029 196.911926 
185.106323 197.739075 
176.805283 196.516602 
