68 2
111.347038 141.190018 
111.907684 153.998230 
114.340439 167.515671 
117.459946 180.429108 
122.132271 191.654846 
130.018265 201.286392 
141.084167 207.097351 
153.787033 210.788025 
167.418869 210.721115 
180.637207 208.059372 
192.736755 203.152481 
203.451859 196.638611 
210.422913 187.135284 
214.766098 175.527039 
217.318909 163.832626 
219.098938 151.546448 
219.669113 138.974426 
120.107437 123.782318 
127.220337 117.593277 
136.611145 115.622162 
146.533279 116.965050 
155.864365 120.287880 
169.058624 120.328041 
178.923874 116.428520 
188.902115 114.711983 
198.767639 116.195038 
206.593506 121.391251 
161.587769 130.080841 
161.343155 135.013184 
161.108307 139.969940 
161.023087 145.586685 
154.059814 158.840485 
158.243301 158.944962 
162.184891 159.179367 
166.373230 158.603989 
170.290283 158.080917 
129.898376 136.034531 
135.328735 131.524918 
142.515320 131.086380 
148.693008 135.191376 
142.661835 137.383362 
135.536377 138.026123 
176.062729 133.850113 
181.933472 129.182266 
189.011444 129.085175 
195.119049 132.852478 
189.774796 135.546005 
182.770889 135.794235 
147.372498 183.137756 
153.235519 174.822708 
159.420700 170.153381 
163.173447 170.991440 
167.045349 169.783081 
174.933243 174.059036 
183.747482 180.464081 
175.677322 184.258240 
168.646469 185.153259 
164.387405 185.507553 
160.297424 185.835480 
154.196671 185.348694 
150.574600 182.113205 
160.136063 176.293045 
163.758865 175.905350 
167.784241 175.766647 
180.295593 179.978592 
167.919373 178.489304 
163.698669 178.654083 
160.214600 179.206924 
