68 2
123.743164 140.980957 
125.409073 156.728577 
128.694702 171.919968 
132.392532 186.416962 
137.597733 199.812759 
146.352768 211.932999 
158.237030 222.609406 
171.970566 230.827744 
186.979324 233.418427 
200.764618 230.552948 
212.286743 221.928284 
222.166321 211.270477 
229.081894 198.302063 
232.840652 183.605240 
235.388855 168.618347 
238.079666 153.884415 
239.047180 138.592896 
136.059021 123.146713 
142.717896 115.458633 
151.864136 111.533600 
162.278778 111.801811 
171.651398 114.756973 
199.204758 115.287910 
208.455002 111.544304 
217.795959 110.554413 
226.622208 113.732941 
232.922531 120.019707 
185.998169 131.243271 
186.560242 140.980042 
187.163986 150.533310 
187.798172 160.250534 
177.799255 169.890610 
182.643066 170.957169 
187.448242 171.944641 
192.154510 171.040955 
196.683609 169.968109 
145.758926 135.429520 
152.720673 130.153687 
161.987488 130.288651 
169.795456 136.194901 
161.816895 138.665314 
152.883514 138.975677 
201.065781 136.278900 
208.763489 130.015228 
217.545502 129.828644 
223.722977 134.753647 
217.901733 138.199951 
209.497772 138.257904 
164.255341 192.569412 
172.944763 185.650742 
182.010254 182.068359 
188.486633 182.588150 
195.063599 182.324265 
203.274094 185.984772 
210.038467 192.051468 
203.313782 201.511581 
195.121994 206.149902 
188.209305 207.325287 
181.186554 206.187576 
172.314545 201.703857 
167.720490 192.217499 
181.826721 188.240555 
188.417694 187.835632 
195.468903 188.503799 
206.795715 191.926605 
195.246445 197.743958 
188.132736 198.824722 
181.267258 197.724014 
