68 2
108.143806 137.303802 
109.681915 149.733902 
112.280548 161.634064 
116.095093 173.716644 
121.432655 184.519226 
129.540878 193.916779 
139.721680 201.212219 
151.004608 206.039017 
163.244995 206.883148 
174.485672 205.033844 
183.817017 198.810654 
191.522278 191.007919 
197.183533 181.248154 
200.925949 170.417282 
203.759445 158.772324 
205.245743 147.302673 
205.479065 135.941818 
116.799698 118.081123 
123.056885 109.563164 
132.775146 105.642746 
143.462830 105.801132 
152.944260 108.898613 
166.264893 108.451904 
175.500305 105.742828 
184.913254 105.597382 
193.838486 109.222664 
199.085022 116.776108 
160.458191 120.524170 
160.926407 128.348114 
161.359497 135.912415 
161.932434 143.778946 
152.294403 153.599701 
156.753021 154.008148 
161.116226 154.586716 
164.941910 154.212509 
168.540619 153.783173 
128.165024 124.754379 
133.529083 120.973106 
139.867447 120.885567 
145.561111 125.135773 
139.959900 126.197128 
133.675644 126.399048 
172.451508 124.964142 
178.089752 120.625717 
184.382599 120.795586 
189.359238 124.376556 
184.705109 125.947105 
178.689926 125.909859 
141.615082 174.035950 
148.215866 167.957352 
155.731857 164.437012 
160.623962 165.126389 
165.686203 164.540909 
172.683701 168.318619 
178.363815 173.924957 
173.312607 180.160370 
166.992371 183.629028 
161.740906 184.226212 
156.180206 183.492661 
148.770264 180.311325 
144.510635 173.771225 
156.001175 169.616974 
160.855331 169.513107 
165.921097 169.666458 
175.725403 173.677673 
166.419937 176.645554 
161.354752 177.537994 
156.219452 176.841202 
