68 2
140.162903 109.700417 
141.050186 125.019371 
142.964920 140.071640 
145.846115 154.526337 
151.389114 167.895279 
159.914856 179.091461 
171.347870 187.660980 
183.468201 194.277237 
196.946518 195.335922 
209.431198 192.091660 
220.020248 183.994492 
229.755402 175.623688 
237.650009 164.731674 
242.647736 151.692734 
245.068680 138.301376 
246.195801 123.873253 
246.641495 109.180313 
146.221710 102.079727 
153.385132 94.804283 
164.587051 93.119049 
175.855194 94.701202 
186.631027 98.281929 
201.322693 97.320946 
211.372437 93.098106 
222.220276 91.082550 
232.939270 92.677216 
240.051926 99.478363 
194.359100 106.536896 
194.636414 116.882164 
194.956512 127.150528 
195.282654 137.606995 
183.124359 142.270584 
188.753418 144.031738 
194.679825 145.281723 
200.663757 143.541977 
206.008530 141.264648 
159.154617 110.024963 
165.049744 106.754776 
172.234543 106.357338 
178.560959 109.829407 
172.311661 111.929550 
165.112000 112.513092 
208.037277 108.682831 
214.653946 104.740082 
221.954529 104.837799 
227.551331 107.712982 
222.257889 110.457245 
215.147308 110.397629 
175.813400 162.428711 
181.603271 157.640839 
188.375427 155.007904 
193.780090 156.231262 
199.752701 154.755035 
207.023895 157.072937 
213.451981 161.257263 
207.351212 168.813492 
200.394348 173.067719 
194.080185 174.169540 
188.228973 173.673737 
181.352814 170.278229 
179.207901 162.006805 
188.572968 158.722916 
193.913300 158.896454 
199.927582 158.266022 
209.712723 161.308182 
200.110931 165.105667 
193.900085 166.458694 
188.282501 165.856750 
