68 2
99.779083 68.092079 
99.350075 83.291374 
100.491798 98.756752 
102.041878 113.682915 
106.523911 128.232712 
113.576851 141.253723 
123.325264 152.021362 
135.961670 160.254028 
151.621521 162.414154 
167.072708 159.980789 
179.569550 151.373245 
189.411102 140.454590 
197.319946 127.887726 
202.633301 113.577759 
205.868423 99.057846 
207.907745 84.222672 
208.813370 69.424164 
106.505981 51.493076 
113.150299 43.465534 
123.997467 40.578190 
135.336472 41.473488 
145.484390 45.746220 
165.435532 45.754757 
175.556320 41.111870 
186.366943 40.017563 
196.466843 43.008713 
202.590866 51.496181 
155.017395 56.604267 
154.514252 66.851105 
154.180649 77.143456 
153.731628 87.861465 
140.350998 94.223602 
146.480881 96.739799 
153.087051 98.736153 
160.284042 96.833588 
166.572647 94.661194 
117.570869 59.851467 
123.995148 55.346573 
132.503098 55.469879 
138.877869 60.556011 
132.007492 62.934963 
123.693237 63.105705 
170.850204 60.224514 
178.737335 54.554943 
186.961166 54.952816 
192.699402 59.449200 
187.339233 63.050667 
179.161514 62.934963 
129.674454 120.986855 
138.160080 115.292389 
147.414642 112.219139 
152.739044 113.694572 
158.958755 112.436768 
167.070984 115.343903 
174.436874 120.628090 
167.330994 126.938774 
159.416321 129.469543 
152.613312 130.074280 
146.402725 129.594101 
137.700333 127.005234 
133.683121 120.705162 
147.562943 119.133041 
152.848679 119.547745 
158.939133 119.024376 
170.505142 120.518051 
159.145798 120.885895 
152.670105 121.621147 
147.282806 120.910118 
