68 2
116.350990 52.094353 
118.414116 71.687820 
122.562813 90.430336 
127.016373 107.579727 
133.039734 124.579185 
142.038589 140.735413 
154.571289 153.969635 
169.380112 164.369781 
186.759018 168.020584 
204.402710 164.361481 
219.930481 154.888290 
233.703995 142.595627 
245.042068 128.695435 
253.134415 111.746796 
257.929718 93.222717 
261.090057 73.558014 
263.143890 53.653645 
121.600586 22.996956 
129.592819 11.507935 
143.015442 7.789103 
157.136124 9.343502 
169.325516 14.657430 
197.715363 12.885628 
211.511124 7.677100 
226.485229 6.753321 
240.481552 11.524955 
250.079163 22.612993 
183.195938 31.580376 
182.812393 42.743988 
182.264725 53.961185 
181.673737 65.546379 
166.843506 78.136070 
174.043533 80.328209 
181.686249 82.296280 
190.048660 81.172050 
197.933670 79.822601 
135.009247 39.675358 
142.967834 33.995468 
153.926773 33.594055 
163.654129 39.536510 
153.871765 42.837669 
143.191849 43.567554 
206.932053 39.731518 
216.931427 33.178272 
227.888077 34.139359 
236.318115 39.981426 
228.453506 43.577736 
217.352386 42.992630 
155.347931 113.766388 
161.450058 102.826393 
170.265594 96.669342 
178.463867 98.564766 
188.269470 97.658722 
200.590393 104.638008 
212.129562 114.732681 
201.533463 126.699463 
189.839706 131.982941 
179.652557 132.856430 
170.479141 131.146500 
161.639175 124.178116 
160.255051 113.153137 
170.464569 104.061020 
178.913895 104.574959 
189.162048 104.802277 
207.009811 114.329346 
189.835159 120.258530 
179.511383 121.908989 
170.782120 119.548950 
