68 2
167.506531 106.368744 
170.710678 118.371368 
174.751801 129.805054 
179.620102 141.006332 
186.210602 151.317215 
194.418991 159.904831 
204.344009 166.151413 
214.879089 170.790710 
226.797455 170.434204 
237.895569 166.709366 
247.720383 159.461746 
256.393494 150.741562 
262.291870 140.871979 
265.416504 128.680313 
265.629578 116.211700 
265.042175 103.376884 
263.971375 90.019623 
170.061218 93.623512 
174.974533 87.818382 
182.846771 85.784874 
191.256714 85.754211 
199.092392 87.598404 
221.340012 84.081787 
229.017853 79.684288 
237.317001 77.101280 
245.951828 76.705933 
252.962723 80.039604 
212.048264 94.995392 
213.038330 101.843224 
213.920029 108.832230 
214.930695 116.047760 
207.970215 123.985489 
212.410461 124.655884 
217.036224 124.975479 
221.504669 123.120201 
225.734589 121.268219 
182.779831 102.448853 
187.743149 99.873001 
193.565048 98.781487 
199.700226 99.828491 
194.160858 101.708427 
188.366074 102.892418 
227.309937 95.728531 
233.449036 92.733383 
239.294708 92.088959 
244.720032 93.090446 
239.779510 95.244080 
233.746307 95.895233 
203.181763 142.026276 
208.552353 137.842300 
214.708710 135.537506 
219.445099 135.795364 
224.465347 134.128723 
231.495544 134.297440 
238.900986 136.242004 
232.884552 141.316101 
226.266174 143.825516 
221.041718 144.899170 
216.254974 145.366318 
209.761459 144.919464 
205.764618 141.266968 
215.036591 137.796097 
219.779343 137.462143 
225.138641 136.069885 
236.013016 136.277954 
225.719238 139.725754 
220.398468 140.979736 
215.554214 141.324982 
