68 2
114.252892 142.375504 
114.963028 154.754120 
117.184639 167.565369 
120.296875 179.937592 
124.494904 191.225372 
131.632706 201.402527 
142.042374 208.482941 
154.589050 213.264877 
167.945496 213.877991 
181.283264 210.775818 
193.306335 204.659042 
204.002289 197.074860 
211.088318 187.009323 
215.527359 175.451508 
218.102264 163.985397 
219.345886 152.037521 
219.612961 140.022491 
123.367744 122.435776 
130.199081 116.351212 
139.193817 113.928452 
148.714096 115.135429 
157.325989 119.165039 
172.826614 119.187416 
181.395813 115.034355 
190.590118 113.324600 
199.547791 114.791069 
206.400650 119.985321 
164.680252 130.085266 
164.260468 134.453094 
163.918839 138.745804 
163.691864 143.696472 
157.157196 156.534256 
160.808075 156.944748 
164.680008 157.335541 
168.557495 156.746887 
172.122818 155.676285 
134.027588 135.588791 
139.175903 131.084808 
145.803406 130.535553 
151.783340 134.066956 
146.198502 136.201630 
139.617157 136.938446 
178.583694 132.622101 
183.893127 128.571884 
190.203201 128.656204 
195.348434 132.514252 
190.704895 134.698074 
184.466003 134.560654 
149.722961 182.514893 
155.019897 172.842651 
161.459335 167.876801 
165.259918 168.610565 
169.401871 167.630188 
176.821548 172.378479 
183.816666 180.450775 
177.596909 186.194382 
170.932358 188.261246 
166.383850 188.825134 
162.168579 189.035522 
155.644424 187.416840 
153.018661 181.456772 
162.135483 174.627090 
165.800476 174.094330 
170.261948 174.153046 
180.513138 180.116898 
170.297806 180.446228 
165.725159 180.895233 
162.089157 181.008514 
