68 2
115.243805 66.530670 
116.283012 79.696114 
118.747940 92.461037 
121.469833 105.113174 
125.807930 117.290596 
132.915085 128.101410 
141.904221 138.249176 
152.302200 146.920456 
164.527466 149.106995 
176.293152 146.357468 
186.464417 138.395325 
195.608917 129.273819 
203.292572 117.744110 
208.816849 105.217636 
211.812622 92.331268 
213.331161 78.517509 
213.778214 64.205406 
121.129913 61.148064 
126.643105 55.892864 
134.761902 55.047901 
142.920197 55.806381 
151.017227 57.594658 
167.329056 54.634632 
176.420349 51.790554 
185.186966 50.210884 
193.955353 50.266438 
200.267487 55.335323 
159.491959 66.970673 
159.714142 76.365486 
159.680786 85.841034 
159.636078 95.387955 
150.488785 98.903191 
155.158340 100.835602 
160.249329 102.236565 
165.594421 100.715172 
170.502090 98.849533 
131.054565 69.061119 
136.231964 66.237892 
142.651947 66.221512 
147.662979 69.494789 
142.498169 71.266182 
136.210526 71.561676 
173.710846 68.426239 
179.141815 64.416290 
185.631012 63.988064 
190.734818 66.663826 
186.113541 69.704628 
179.968185 70.055267 
145.231140 118.013672 
149.361389 114.020302 
154.795959 112.110954 
159.737335 112.986664 
165.738586 112.169327 
172.564301 114.446411 
179.044586 117.836441 
173.331284 125.564209 
166.436493 129.876022 
160.166382 130.684631 
154.450928 129.628555 
149.084808 124.957237 
147.782104 117.899139 
154.579330 114.729965 
159.979980 115.115425 
166.228180 114.879791 
176.585312 118.044281 
166.480026 122.539970 
159.992737 123.732491 
154.401169 122.470490 
