68 2
167.767288 88.610451 
169.033676 101.668091 
172.228958 114.118477 
176.082184 126.271202 
180.652267 137.827637 
187.423935 148.137634 
196.111313 157.161316 
207.087143 163.789108 
218.883865 164.756668 
229.830948 162.082901 
239.013885 154.803360 
246.631760 145.775314 
252.274170 134.871063 
255.843262 123.613297 
258.495056 112.673569 
260.648315 100.592766 
261.753296 88.125282 
175.658752 77.298981 
182.434402 71.011734 
191.775360 69.008430 
201.598633 70.357460 
210.301224 74.196213 
221.621613 74.250237 
230.788651 70.428490 
240.294754 69.199799 
249.641388 71.378632 
255.690125 77.904251 
215.775879 84.553795 
215.849411 93.403908 
215.993820 102.074379 
216.210281 110.991951 
208.337708 117.892128 
212.255676 118.942909 
216.448639 119.749672 
220.512619 118.702530 
224.339737 117.449791 
185.336655 85.963531 
190.820740 82.446701 
197.934631 82.519501 
203.355606 87.341469 
197.542328 89.004669 
190.643112 89.076683 
228.252365 86.786804 
233.708313 81.969810 
240.415176 81.832848 
245.512909 85.331673 
241.008377 88.196739 
234.575195 88.450066 
203.977646 138.268494 
208.579025 132.599899 
213.317810 129.123901 
216.491882 130.110977 
219.867493 129.171616 
224.558136 133.039185 
228.765106 137.858994 
224.378006 142.291168 
220.176636 144.924698 
216.634857 145.638855 
212.973526 144.998413 
208.699722 142.215591 
207.402802 137.685577 
213.491928 134.532104 
216.567276 134.867188 
219.769562 134.494415 
225.795242 137.473923 
219.700668 136.600647 
216.481583 137.491821 
213.284363 136.601913 
