68 2
87.473259 108.230446 
88.351143 128.370117 
91.183975 147.651184 
94.968292 166.642136 
101.097008 185.388046 
110.085236 202.310974 
122.728569 217.319260 
138.787216 228.557587 
156.687561 232.172470 
174.837036 229.145676 
190.453888 218.808075 
203.302673 204.544556 
212.906723 187.123672 
218.550934 168.314621 
221.921173 148.931107 
224.726593 129.160522 
225.969620 109.235565 
99.664017 91.621704 
109.139572 84.390404 
121.613068 82.811485 
134.228134 85.504066 
145.479202 90.514359 
170.318848 89.757439 
182.838867 85.729118 
195.143082 83.807899 
207.210190 85.466011 
216.031906 91.713577 
158.639618 107.264069 
158.344086 119.602821 
157.841385 131.989609 
157.339981 144.717575 
144.738068 152.416550 
150.816101 155.326355 
157.496307 157.556442 
163.728226 155.471237 
169.593658 152.974365 
114.823227 108.331009 
122.847641 103.709702 
132.678635 104.447884 
140.660080 111.001045 
131.984924 112.885689 
122.355728 112.368355 
175.574158 111.703247 
183.899384 104.975975 
193.368591 104.882965 
201.026093 110.014511 
194.220901 113.717049 
184.776474 113.791435 
130.610733 180.920639 
139.874252 173.572006 
150.118164 170.227325 
157.087036 171.903305 
164.472595 170.589447 
175.133896 174.615646 
184.069672 180.905518 
175.723434 195.718643 
165.352188 202.932419 
156.928497 204.275375 
148.891083 202.804184 
138.665009 195.310028 
134.521149 181.103760 
149.879562 176.862061 
157.050125 177.223816 
164.920624 177.129852 
180.422638 181.663651 
165.170578 191.936462 
156.994308 193.431870 
149.546341 191.980652 
