68 2
114.467964 149.562439 
115.835869 162.268143 
118.823105 174.466721 
122.531860 186.221405 
127.433067 197.186661 
134.613220 206.590271 
145.539703 212.980728 
158.177307 216.417557 
172.398621 216.397278 
186.255234 213.612335 
198.898056 208.343536 
209.230713 200.970871 
215.952530 190.824844 
219.518784 179.273087 
221.031876 167.553940 
221.546310 155.293839 
221.263199 143.004440 
121.494965 134.073715 
127.164658 124.689171 
137.532166 120.297577 
149.187256 120.702530 
160.097733 123.977226 
173.438278 124.123795 
183.174088 119.962807 
193.260101 118.368340 
203.435272 120.457260 
210.569275 127.005577 
166.309128 133.642456 
166.332169 139.015411 
166.314484 144.356857 
166.487732 150.388000 
159.299606 164.376526 
163.621719 164.426682 
167.876434 164.418396 
172.407669 163.797150 
176.897934 163.129089 
133.552353 141.578400 
139.269684 137.194031 
146.515732 136.235413 
153.377548 139.892883 
147.122482 142.441986 
139.671082 143.587341 
180.445877 138.185486 
186.834381 133.486496 
193.954407 133.522400 
199.776672 137.115829 
194.600754 139.802902 
187.527222 140.005310 
151.939148 187.778961 
159.848816 182.296600 
166.255646 178.636429 
169.618546 179.813263 
173.197708 178.269318 
180.584930 180.962219 
189.385193 184.542480 
181.279800 187.830750 
174.489319 188.817154 
170.410904 189.246750 
166.514191 189.519791 
160.053680 189.733673 
154.883118 186.867401 
166.643005 184.034988 
170.208176 184.041183 
173.975967 183.582581 
186.041199 184.315155 
173.619675 183.175446 
169.648849 183.436661 
166.222382 183.704636 
