68 2
142.315842 105.167831 
143.559631 116.895912 
145.746002 127.904961 
148.616943 139.133575 
152.988281 149.432358 
158.883728 159.070770 
167.066177 166.909897 
175.627335 173.440063 
186.507431 175.105759 
196.981750 172.725372 
206.514496 166.348923 
214.184982 158.255920 
219.900223 148.516617 
223.890564 137.591629 
226.118271 126.342125 
227.787811 114.617905 
228.914825 102.268585 
145.434631 94.142998 
150.510315 89.124710 
158.179718 87.888786 
165.864197 89.358170 
172.751785 92.301361 
190.145935 91.269905 
197.927719 88.430717 
206.027039 87.530647 
213.519943 89.296379 
219.215240 93.885445 
182.381546 99.976585 
182.573120 106.981117 
182.680267 113.907852 
182.721542 121.207382 
174.989441 126.815918 
178.931488 128.535339 
183.130280 129.854996 
187.556702 128.489792 
191.773972 126.970947 
153.722153 103.198082 
158.379272 101.070137 
164.078262 100.792885 
169.363739 102.504791 
164.141403 103.947304 
158.604645 104.477692 
196.208328 102.498634 
201.651535 100.893631 
207.129883 101.294975 
211.983063 103.205864 
207.150452 104.603943 
201.644028 104.102745 
168.637939 143.954971 
173.940750 140.412048 
179.603333 138.819595 
183.720505 139.862457 
188.347824 138.838959 
194.725494 140.628204 
200.471375 143.975891 
195.034912 150.261215 
188.808716 152.835571 
183.893768 153.509308 
179.316925 153.055389 
173.672562 150.694824 
170.967865 143.997070 
179.577637 142.488098 
184.002396 143.060486 
188.680161 142.508850 
197.925720 143.989578 
188.498505 147.036423 
183.619995 147.788208 
179.020432 147.107635 
