68 2
144.604446 108.573906 
143.649490 123.510025 
144.118134 138.789734 
145.634048 153.479431 
150.265808 167.028091 
157.216080 179.200623 
167.290115 189.308716 
178.589951 197.315964 
191.698914 199.814804 
204.166183 197.961304 
215.308273 191.181335 
226.353546 183.354355 
235.926437 172.912903 
242.533829 160.307892 
246.180313 146.615051 
248.534668 132.461853 
250.607010 117.643608 
150.652100 104.909874 
158.585052 97.961945 
170.261307 97.649643 
181.505692 101.519478 
191.277206 107.769844 
204.188461 107.798149 
214.991776 102.842072 
226.545166 100.945709 
237.561523 103.411469 
243.663742 111.471794 
197.386200 114.244537 
196.538177 124.566742 
195.749634 134.921509 
195.131180 145.612961 
182.866135 148.349426 
188.105270 150.836975 
193.664597 153.049866 
199.655518 151.679123 
204.836533 149.800446 
162.045700 112.743286 
168.341125 110.066414 
175.616852 110.582016 
182.051910 114.885635 
175.237488 116.103600 
167.730042 115.957573 
210.302292 116.303009 
217.854965 112.850311 
225.208817 113.695114 
230.643524 117.042320 
224.961609 119.435822 
217.644592 118.656387 
174.066696 164.995193 
181.572540 163.068512 
188.078659 162.556458 
191.815506 164.475418 
196.763062 163.059937 
203.595535 164.862823 
210.565811 167.584091 
203.101898 173.503754 
196.177994 176.093170 
190.993774 176.459793 
186.596878 175.842621 
180.518494 172.576141 
177.534912 165.341507 
187.951675 166.067139 
191.787033 167.040039 
196.734085 166.273071 
206.868729 167.616608 
196.658127 168.109924 
191.660309 168.609375 
187.662003 167.925354 
