68 2
155.928177 111.908730 
156.767746 124.683754 
158.865570 137.375549 
161.657166 149.676636 
165.931198 161.461700 
173.093445 171.626816 
182.114868 180.346420 
192.840393 187.052963 
205.214569 188.688065 
217.112381 186.457565 
226.925903 179.010559 
235.641464 170.173065 
241.832489 159.747391 
245.398270 148.081665 
248.119492 136.392471 
250.547089 124.446640 
251.827606 112.427689 
164.003204 99.424057 
170.956894 92.235207 
181.082657 89.083504 
191.646606 90.296257 
200.818497 94.541290 
212.544708 94.356194 
221.620026 90.898346 
231.202209 90.347939 
240.186798 93.561081 
245.669373 100.424706 
206.982147 104.740730 
207.004318 113.503967 
207.102020 122.034637 
207.188339 130.796799 
197.164001 138.391876 
201.636932 139.642670 
206.173477 140.834366 
210.441010 139.768967 
214.263245 138.582565 
174.576279 106.127083 
180.276382 102.342110 
187.205002 102.728615 
192.457611 108.228981 
186.675735 109.233932 
179.727921 108.967316 
218.405029 108.075485 
224.238220 102.762299 
230.797440 102.777435 
235.668777 106.656548 
231.248077 109.106598 
224.900391 109.276482 
188.543594 157.365234 
195.863388 153.680984 
202.516113 151.282288 
206.003357 152.765320 
209.972504 151.449402 
215.877716 153.989105 
221.679092 157.426392 
215.855087 161.578156 
210.413589 163.768127 
206.248016 164.365265 
202.051514 163.902618 
195.931931 161.800797 
191.438965 157.259262 
202.673782 156.856094 
206.006042 157.329910 
209.912704 156.698914 
218.886063 157.267410 
209.880829 156.812714 
206.075867 157.380676 
202.647659 157.095139 
