68 2
150.661057 90.645416 
152.890549 102.470070 
155.698914 114.032822 
158.748001 125.530968 
163.484024 135.541641 
170.613678 143.775848 
179.739197 150.461807 
189.847885 155.973083 
201.432938 157.126846 
212.447250 154.028320 
221.761292 146.676804 
229.314590 138.453751 
234.428009 128.707870 
236.765244 117.852692 
237.817596 106.483917 
238.682999 95.658470 
239.181259 84.463760 
158.077713 77.127106 
162.324036 69.797874 
169.906601 65.487968 
178.554962 65.756340 
186.354416 68.432564 
208.332291 68.140793 
215.480286 65.351578 
222.669952 64.813835 
229.277405 67.766510 
233.260498 73.555298 
198.589951 79.590973 
199.300293 86.056374 
199.985092 92.283020 
200.732285 98.944138 
191.274872 107.679642 
195.882675 108.330086 
200.739319 109.013000 
204.766907 107.956245 
208.719116 107.299026 
168.079895 84.193451 
173.262268 81.186592 
179.229752 80.649048 
184.682617 83.352051 
179.347168 84.710808 
173.584396 85.278740 
209.848816 82.864494 
215.781494 79.940857 
221.485977 80.069794 
226.058044 82.704704 
221.476669 84.079819 
215.874176 83.842133 
182.029053 125.682549 
189.114151 121.059517 
196.366791 118.552773 
201.509384 119.379730 
206.465302 118.283844 
212.531525 120.385162 
217.490433 124.237846 
212.975449 131.358673 
207.337250 135.338455 
201.950256 136.753357 
196.310562 136.337509 
188.820190 133.185059 
184.749680 125.774132 
196.279312 122.939995 
201.521957 122.945473 
206.595795 122.563271 
215.150848 124.525787 
206.966370 129.015793 
201.774902 130.306122 
196.307907 129.847824 
