68 2
170.001328 78.694939 
171.329132 88.070305 
173.394058 97.419342 
175.942978 106.653694 
179.873093 114.949547 
185.365784 122.239166 
192.775208 128.218216 
201.269867 132.235046 
210.898300 132.738464 
220.389114 130.919785 
228.225159 126.321602 
234.706711 120.007881 
239.373108 112.348564 
242.078644 103.823593 
243.318390 94.654152 
244.300812 85.639252 
244.647247 76.585258 
175.360306 65.040421 
179.987244 60.412312 
186.676895 59.178642 
193.415710 60.444595 
199.500046 62.917744 
214.416077 62.301495 
220.720810 60.140030 
226.992233 59.227436 
233.352188 60.178143 
237.951721 64.118561 
207.977676 69.562149 
208.234146 74.652214 
208.587006 79.694000 
208.891129 84.977455 
201.845917 92.415924 
205.239929 93.072647 
208.717453 93.558899 
212.259903 92.974388 
215.452454 92.324013 
183.134491 72.128815 
187.238495 68.825737 
192.633362 68.875908 
197.377914 72.503319 
192.512115 73.842491 
187.177460 74.159859 
217.005219 72.394524 
221.334641 68.511879 
226.552643 68.680382 
230.804962 71.528374 
227.180939 73.461418 
222.074570 73.498520 
195.856140 108.188721 
200.525757 103.667946 
204.929260 101.018616 
208.564667 101.816132 
212.586456 100.904160 
217.291580 103.525146 
221.824005 107.063370 
217.511917 110.578239 
213.188950 112.014908 
209.109695 112.516441 
205.275696 112.295204 
200.709671 111.104828 
198.308884 107.742157 
205.037766 104.901772 
208.672424 104.750290 
212.776520 104.670250 
219.374786 106.959755 
212.864120 106.740494 
208.817795 107.293549 
205.202255 107.098991 
