68 2
119.774239 62.901909 
121.335381 76.885963 
124.551620 90.184654 
128.298340 102.580994 
133.711105 114.278839 
141.201660 124.676109 
150.807526 133.553482 
161.402435 140.527817 
173.235107 142.282654 
184.660233 139.408035 
194.074463 131.599380 
202.295837 122.661011 
209.149734 111.326263 
213.378052 98.644447 
215.693802 85.821564 
216.903030 72.746674 
217.140060 59.330429 
128.249741 56.857315 
135.198441 51.917007 
143.824860 51.153778 
152.570511 52.080883 
160.830566 53.745537 
174.784973 51.380363 
183.413818 48.785725 
191.820251 47.145962 
200.191971 47.042095 
206.607803 51.137081 
168.245178 61.713440 
168.910004 70.261681 
169.487991 78.756805 
170.111771 87.453644 
160.389053 92.645042 
165.117386 93.827446 
170.094711 94.855942 
174.903015 93.400513 
179.177109 91.619041 
138.214874 64.250191 
143.534210 61.100815 
150.126404 60.614765 
155.194885 64.017120 
150.279953 66.156189 
143.813690 66.827972 
180.550385 62.570721 
185.809021 58.062744 
192.409882 57.728088 
197.776764 60.692490 
193.247665 63.917542 
186.767441 64.239853 
156.175232 113.208733 
160.621765 107.796333 
165.110016 104.440262 
169.313828 105.114975 
174.279480 104.017227 
179.863632 107.039886 
184.809631 111.788116 
180.563736 116.434486 
175.829773 120.152710 
170.565247 121.538589 
165.697113 120.660103 
161.036407 117.264755 
159.147003 112.767799 
165.237961 108.445770 
169.688339 108.183319 
175.137283 107.948387 
182.239929 111.570389 
175.555038 112.977127 
170.176590 114.871002 
165.427002 113.629723 
