68 2
172.183411 118.137695 
173.645950 131.456467 
176.150223 144.286285 
179.041092 157.098709 
183.843048 169.060272 
190.884949 180.085831 
200.045197 189.426575 
209.915451 196.861862 
221.538330 198.334778 
232.943253 195.322906 
242.432159 187.596008 
250.524231 178.605759 
256.672791 167.944031 
260.676117 156.169067 
262.697479 144.014435 
264.851776 131.620621 
266.344360 118.907120 
178.864624 112.034943 
185.078552 106.776871 
193.618393 105.936920 
201.960831 107.687225 
209.787918 110.560165 
227.515915 110.009911 
236.083191 107.353180 
244.572342 106.262932 
252.745819 108.026321 
258.640778 113.483795 
219.356934 118.903862 
219.534225 127.106293 
219.689194 135.217834 
219.795853 143.758469 
209.920227 147.866577 
214.669296 149.805237 
219.654984 151.439514 
224.669296 149.860245 
229.196014 148.112381 
188.297333 120.254990 
193.126968 117.259682 
199.664413 117.298775 
205.245926 121.166122 
199.691223 122.476410 
193.237228 122.710869 
232.278915 121.260010 
238.280838 117.669716 
244.376297 117.886993 
249.286514 120.679321 
244.699326 122.977570 
238.558517 122.786049 
200.902634 164.352158 
207.775772 161.674011 
214.688065 160.266922 
219.340088 161.530472 
224.991882 160.513184 
231.552002 161.981750 
237.681046 164.523285 
231.801163 172.129868 
225.168060 175.410339 
219.252762 176.109650 
213.978119 175.459335 
207.083282 172.462341 
203.482285 164.756607 
214.513016 163.467773 
219.440613 164.138840 
225.288666 163.665009 
235.122284 164.971008 
225.137497 169.531387 
219.179123 170.435379 
214.075424 169.603500 
