68 2
112.410553 98.883270 
112.339066 114.431900 
114.185463 129.839615 
116.836998 145.002625 
121.023682 159.445068 
126.859947 172.486710 
136.132721 183.651260 
147.736115 192.026947 
162.760315 194.274994 
177.787674 192.968842 
191.274597 186.278870 
202.555923 176.145233 
211.056046 163.519470 
216.924561 149.830658 
220.232468 135.605209 
222.977844 120.825790 
224.940369 105.792076 
119.508232 86.119827 
126.758881 79.800812 
136.693192 78.122429 
146.563416 80.655334 
155.003525 85.353592 
177.830246 86.889870 
187.584305 83.855873 
197.404114 82.786545 
206.919739 84.531441 
213.936249 90.460464 
166.483780 97.313560 
166.084915 105.138985 
165.669434 112.941071 
165.398880 121.272652 
154.520691 131.102798 
159.160583 133.617294 
164.321884 135.378296 
170.192459 134.131927 
175.541061 132.362640 
130.028458 97.660034 
136.664673 94.202179 
144.740936 94.426765 
151.081177 99.400742 
143.881836 101.022202 
135.906433 100.912262 
182.347488 101.541153 
189.548325 97.578522 
197.074280 97.986389 
202.762238 102.060616 
197.210815 104.790436 
189.606277 104.127373 
144.119461 156.429535 
152.233215 151.478210 
159.395233 149.078857 
163.980682 151.157593 
169.381683 149.580872 
175.877472 152.925247 
182.564957 157.950928 
175.208145 161.299118 
168.444473 162.262817 
162.914017 162.538406 
157.834152 162.046173 
151.114609 160.817764 
147.525040 156.552734 
158.499146 154.703873 
163.720932 155.596268 
169.412949 155.349915 
179.142731 157.539337 
168.948135 155.165344 
163.269714 155.518829 
158.192795 154.919235 
