68 2
149.229523 109.721008 
150.622772 122.139351 
152.602448 134.310562 
155.062195 146.194916 
159.378510 156.676315 
167.383759 165.915192 
177.853714 172.735779 
188.756302 177.681259 
200.721741 178.871445 
212.635208 176.316223 
222.760086 169.890366 
231.872940 162.173401 
238.103760 152.395233 
241.958328 141.147171 
244.075577 130.162292 
245.070908 118.121475 
245.677795 105.858551 
156.759644 91.167603 
162.995422 84.631966 
171.786072 82.173828 
181.017441 83.169678 
189.340652 86.462944 
210.036285 86.428482 
218.069305 82.713493 
226.329178 81.443634 
234.177353 83.579468 
239.119354 89.867233 
199.885040 101.604584 
199.896454 108.143158 
200.042206 114.578964 
200.138947 121.203247 
190.965820 128.696121 
195.584366 129.347382 
200.023041 129.976730 
204.384644 129.515808 
208.513245 129.160416 
168.769531 104.730377 
174.067810 101.351166 
180.160187 101.477974 
185.495041 105.012604 
180.168823 106.666382 
174.074478 106.895294 
210.972214 104.314964 
215.940506 100.157066 
222.157532 100.253410 
227.063416 103.187462 
222.495041 105.416740 
216.394470 105.675491 
183.704971 147.595917 
188.767593 141.018280 
194.754700 137.899261 
199.310730 138.786270 
204.616455 138.487228 
211.046661 142.111267 
216.360550 147.968979 
211.147308 155.622986 
204.965637 158.911926 
199.355652 159.420807 
194.406784 158.532822 
188.511780 154.707443 
186.569016 147.207367 
194.832993 142.424744 
199.337082 142.584290 
204.726608 142.758942 
213.564346 147.807190 
205.058167 152.370087 
199.442871 152.884705 
194.770844 151.793030 
