68 2
155.618256 97.492088 
157.485855 110.736923 
159.366730 123.537544 
162.203583 136.159653 
166.987366 147.229309 
175.076797 156.601395 
185.661133 163.061417 
196.724792 167.715363 
208.994064 169.002472 
221.357162 167.271637 
232.607727 161.633484 
242.535019 153.900940 
249.095566 143.514862 
253.552307 131.069153 
255.995178 118.974037 
257.363861 106.402000 
258.428497 93.671761 
165.150452 76.536583 
171.369568 70.349586 
180.469238 67.943787 
190.024231 68.359863 
198.536423 71.443863 
219.077332 71.000526 
227.970428 67.786903 
237.238495 67.669044 
245.940704 71.283241 
250.556320 78.865318 
208.946152 87.427643 
208.901443 94.354263 
208.983200 100.931412 
208.985901 107.710907 
198.898376 115.017426 
203.608337 116.104156 
208.272873 116.779716 
213.111710 116.318932 
217.709366 115.928047 
177.162109 90.171181 
182.397934 86.693428 
188.509140 86.893845 
194.036850 90.712700 
188.428268 92.387787 
182.385437 92.544228 
220.877533 91.272896 
226.541290 87.610420 
232.619568 88.058067 
237.330505 91.731361 
232.553650 93.489822 
226.494110 93.302048 
190.533813 134.535706 
196.026764 128.170441 
202.753479 125.382416 
208.073654 126.573540 
214.152679 126.166298 
221.160980 130.287598 
226.955673 135.998840 
221.195450 142.503189 
214.351669 145.543839 
207.880432 146.016327 
201.936310 144.830429 
195.566376 140.876755 
193.258667 134.271667 
202.150101 129.195145 
207.935242 129.456696 
214.402359 129.926620 
224.160446 135.848099 
214.776154 139.690689 
208.149979 140.133698 
202.044144 138.809265 
