68 2
169.708878 114.655060 
170.452408 128.287827 
172.204025 141.561447 
174.025497 154.649231 
177.969894 167.030258 
184.686584 178.556183 
193.789551 188.497742 
203.680069 197.113113 
215.938538 199.309143 
227.675476 196.943283 
237.956955 189.313934 
246.680603 180.554230 
253.544052 169.886551 
257.819305 158.020569 
260.390411 146.169861 
263.429535 133.568298 
265.596680 120.936310 
177.029831 111.024139 
183.715897 106.002373 
192.568497 105.615067 
201.170166 107.959167 
208.900314 111.572220 
227.453415 112.275063 
236.055878 109.501884 
244.845276 108.679672 
253.241882 110.606796 
258.808289 116.307037 
218.570435 120.712143 
218.410400 129.158188 
218.219452 137.700851 
217.971130 146.547058 
207.444199 149.167175 
212.201797 151.499313 
217.199142 153.520081 
222.328140 152.041611 
226.946426 150.282028 
186.120438 119.755127 
191.347229 117.045197 
198.086502 117.537140 
203.524719 121.914276 
197.745743 123.086884 
191.024902 122.855278 
231.176819 123.522057 
237.331467 119.831284 
243.631378 120.329048 
248.671906 123.391830 
243.962540 125.855377 
237.592499 125.524429 
196.660583 164.135818 
204.304291 161.976105 
211.193481 161.468750 
215.697342 163.257095 
221.305252 162.247208 
227.922150 163.783035 
233.922119 166.620605 
227.749298 173.502808 
220.800201 176.292297 
214.888062 176.601425 
209.641220 175.712021 
203.016052 172.457687 
199.455307 164.692444 
210.831238 164.992859 
215.611465 166.119095 
221.457214 165.572815 
230.988464 166.911743 
221.042297 169.820847 
215.130554 170.374405 
210.260315 169.312820 
