68 2
139.668381 89.145256 
140.580795 101.472900 
141.966507 113.430069 
143.759827 125.418907 
147.590714 136.841125 
153.934784 147.443314 
161.887131 156.825089 
170.379105 164.744156 
181.066711 167.052658 
191.953964 165.121399 
201.166153 158.544800 
208.909500 150.391190 
215.021698 141.016846 
219.224426 130.254608 
221.683807 118.994423 
224.276520 107.440002 
226.554794 95.518082 
147.634537 84.371552 
153.757462 79.735001 
161.785263 79.430000 
169.724670 81.590500 
176.728363 85.061737 
193.504883 85.959953 
201.179459 83.448853 
209.131226 82.844398 
216.597061 85.140060 
221.603363 90.610878 
184.992310 93.669357 
184.908493 101.322296 
184.775223 108.986336 
184.570068 116.947296 
174.801361 119.684601 
179.134216 121.692818 
183.625549 123.313583 
188.346252 122.152184 
192.558792 120.715576 
155.456558 92.699257 
160.287872 90.219574 
166.503632 90.624199 
171.593552 94.482758 
166.189636 95.455360 
160.117874 95.190918 
196.396179 96.261566 
202.111755 93.224083 
207.767426 93.757988 
212.169418 96.587563 
207.855682 98.468689 
202.119446 97.937965 
164.043808 132.672852 
171.051727 130.523010 
178.194305 129.979111 
182.747162 131.423538 
188.281799 130.851624 
194.540588 132.255341 
199.931427 134.863266 
193.937881 142.180481 
187.309296 145.174347 
181.565002 145.491714 
176.509171 144.551102 
169.971008 141.017532 
166.978592 133.198349 
177.991455 132.938370 
182.573944 133.956406 
188.037933 133.575745 
197.042267 134.889221 
187.577866 139.807892 
181.907364 140.445374 
177.194412 139.230637 
