68 2
100.515968 99.292984 
100.493805 123.080460 
103.255981 145.739929 
107.101845 169.265823 
112.838379 191.848648 
124.413155 212.107742 
143.772736 227.791687 
167.618851 237.286438 
193.678101 239.641495 
220.760666 236.299179 
244.788712 226.888733 
263.485779 211.462067 
275.239166 190.637512 
281.933838 166.749878 
285.142456 144.323975 
287.269836 121.510498 
287.924866 99.038177 
116.623154 70.875214 
126.319878 55.369904 
143.064957 47.386990 
161.673996 48.561333 
178.833099 55.217716 
210.488144 54.005001 
228.331024 48.029633 
246.844162 47.430161 
263.802765 54.466557 
273.868622 68.778236 
196.276184 76.126945 
195.775116 88.733917 
195.158325 101.020920 
194.622070 114.332413 
176.059769 133.655746 
185.101028 136.933334 
194.314117 139.580536 
203.963699 137.365509 
212.546997 134.653839 
136.430237 89.066559 
147.743027 82.636642 
160.094116 81.982437 
172.431946 87.955025 
160.154007 90.815880 
147.868103 91.471161 
219.319595 87.344818 
232.371796 81.714645 
244.593964 82.115410 
254.638809 88.331444 
244.566483 90.669861 
232.341797 90.234650 
153.054382 172.646301 
168.639114 161.675369 
184.170975 156.246140 
193.577057 158.186981 
203.188171 156.205597 
218.888855 162.800583 
233.686172 172.428467 
219.056946 185.223877 
204.200165 191.261169 
193.367371 192.724426 
183.036331 191.642563 
167.628296 185.417953 
158.709366 172.518494 
184.148987 165.239304 
193.428787 165.556458 
203.491150 165.134338 
227.835205 172.899155 
203.780167 178.869736 
193.340897 180.183990 
183.619278 179.827240 
