70 2
77.274780 63.442490 
80.641884 89.190742 
85.354172 113.606926 
90.655693 139.154617 
99.651772 162.831360 
112.353600 183.938995 
129.349915 199.967712 
148.999054 211.147873 
175.154602 213.901733 
200.626755 211.535461 
222.524261 199.524841 
240.675217 181.361221 
253.453751 160.524994 
260.988892 137.416580 
265.126709 114.045929 
268.746246 90.370354 
271.582947 66.394913 
90.962555 29.619480 
102.615181 13.939831 
121.276230 6.647039 
141.278946 8.357319 
158.945282 15.869091 
193.563965 15.259762 
211.796921 7.597433 
231.696426 6.570986 
249.491028 13.464980 
260.510956 29.103645 
176.742813 34.223053 
176.555603 47.701378 
176.297775 61.269333 
175.931335 75.564911 
156.090790 95.461906 
165.827805 98.863457 
176.530228 101.318336 
187.041916 98.990181 
196.366318 96.173805 
111.191376 49.345585 
122.272179 44.562149 
134.799820 42.842655 
147.237930 44.863998 
134.904526 47.732895 
122.559029 49.805515 
205.714752 44.947948 
218.690369 43.470135 
230.778107 45.091331 
240.871765 49.038349 
230.511963 49.779209 
218.016861 47.908047 
140.235596 146.405731 
153.679626 133.990646 
166.612732 128.054276 
175.997955 130.801468 
186.280212 128.488571 
200.211105 134.487091 
213.957947 144.250870 
200.396301 152.002014 
187.122253 156.627472 
176.593903 157.852386 
166.347260 157.350464 
153.524475 153.933838 
147.433655 144.682785 
166.895966 138.175293 
176.400940 139.618118 
186.695404 138.147766 
206.788040 143.829834 
186.996445 143.216034 
176.485489 144.739822 
166.740784 143.652039 
128.777771 48.000000 
222.000000 47.888889 
