68 2
119.949860 110.101044 
120.192017 128.851898 
122.049469 146.871521 
125.278847 164.338516 
130.432510 180.649399 
138.777893 194.769318 
150.928818 207.169724 
164.905197 216.669373 
181.725998 219.067886 
197.814987 217.123535 
210.291412 207.856354 
221.018417 196.159851 
228.494354 182.389343 
233.142609 167.005798 
236.411560 151.396027 
239.952072 134.809616 
241.851395 118.149643 
131.026428 93.955170 
138.586823 86.540436 
149.435974 84.433701 
161.199432 85.826469 
171.047272 91.205925 
201.249268 93.250450 
211.505920 88.995880 
222.378937 88.693657 
232.203827 93.377594 
237.233322 102.092491 
185.549225 110.193291 
184.824890 122.353676 
184.194122 134.429337 
183.621017 146.691589 
172.099152 153.337433 
177.353836 155.986938 
182.909744 157.896164 
188.667679 156.844727 
193.867279 155.031326 
143.621399 109.653442 
150.692978 105.092934 
159.986176 105.761780 
167.472244 111.849747 
159.464050 113.950844 
150.303101 113.795273 
201.408157 114.298477 
209.595398 109.327812 
218.316483 109.818024 
224.058807 115.206841 
218.246033 118.110680 
209.683136 117.354332 
162.648865 181.101166 
170.528122 176.538147 
176.597000 174.265518 
182.757492 176.237732 
189.867172 175.093918 
196.369461 178.365601 
202.040863 183.105652 
196.529755 186.156067 
190.021591 187.754929 
182.728348 188.223938 
176.036957 187.097977 
169.993484 185.309769 
166.458984 181.207703 
176.191666 179.304810 
182.811172 180.518005 
190.284286 180.102783 
198.704926 182.544556 
190.364426 179.278107 
182.819534 180.035477 
176.162277 178.653076 
