68 2
168.833420 86.378578 
170.747986 103.330139 
173.763443 119.495102 
177.588089 135.403625 
183.416321 150.826431 
193.036102 164.357864 
205.351105 176.344406 
218.396957 185.273743 
233.306259 186.459946 
245.794220 182.002380 
255.291672 170.969193 
263.026215 158.248505 
269.625427 144.102371 
273.618164 129.362183 
276.075836 114.696060 
277.841217 99.823425 
278.538239 85.077827 
178.698746 87.727539 
186.727600 80.935883 
197.518570 79.025627 
208.800461 80.201035 
218.993317 83.749374 
239.492249 82.079033 
249.497147 77.110817 
259.923218 74.386597 
270.258606 75.165123 
276.700256 81.199303 
230.544678 93.529999 
230.869064 105.015297 
231.278320 116.352524 
231.773117 128.022263 
217.848816 131.527557 
224.556976 133.738098 
231.716827 135.895813 
238.199982 133.544785 
243.965271 131.225616 
190.930496 95.457123 
197.851364 92.723206 
206.273865 92.526306 
213.380829 96.385590 
206.279419 98.876175 
197.888855 99.335800 
244.285950 94.779205 
251.983963 90.007408 
259.764282 89.618423 
265.827393 92.071747 
260.692352 96.173759 
252.796982 96.728508 
206.887863 149.762695 
216.537048 148.090988 
225.557648 146.905609 
231.171906 148.375748 
237.339081 146.724960 
245.776749 147.551010 
254.112411 147.614471 
247.089111 159.440430 
239.550293 165.336975 
232.723007 166.860001 
226.122055 166.271454 
216.447830 160.998245 
210.360046 150.325485 
225.875732 149.936844 
231.532684 150.893448 
237.451416 149.569885 
250.715790 148.787949 
238.326523 157.093643 
232.091476 158.838638 
226.138199 157.867355 
