68 2
132.222778 70.289452 
133.042847 83.892326 
135.168350 96.824829 
138.301331 109.360199 
142.869446 121.151176 
149.480530 131.942642 
158.847733 140.667679 
169.886887 147.121078 
183.268143 148.717621 
196.645691 146.634995 
207.617920 140.166504 
216.388947 131.282486 
222.359421 120.463272 
226.273865 108.847198 
228.741074 96.775665 
230.471680 84.329803 
231.391220 71.786835 
140.522980 55.580261 
146.770920 49.957291 
155.347290 48.438335 
164.077896 49.646988 
171.840271 53.137150 
192.994568 53.083035 
201.416428 50.900013 
209.628799 50.846813 
217.260818 53.098377 
222.328781 58.678833 
182.461243 63.501114 
182.404694 70.054573 
182.403793 76.567078 
182.609940 83.384079 
172.889908 92.472504 
177.586411 93.671791 
182.204987 94.647842 
187.051971 93.908051 
191.656189 92.947899 
150.516663 65.699211 
155.937180 62.037983 
162.794235 62.230728 
168.920410 66.393242 
162.583588 68.126358 
155.711670 68.272552 
194.996109 67.180305 
201.344116 63.520004 
207.757462 64.028603 
212.845062 67.621025 
208.050461 69.832802 
201.537033 69.459641 
165.961349 113.978355 
171.616684 107.357132 
177.231674 103.969376 
181.632233 105.193321 
186.728333 104.183693 
193.000488 108.080391 
198.334015 114.291504 
192.801727 119.122032 
186.983292 121.130524 
181.856613 121.663452 
177.130417 121.135948 
171.575180 118.825630 
169.272156 113.450531 
177.344376 108.951553 
181.838364 109.029137 
187.105072 109.094376 
195.488220 113.813217 
187.050827 113.676949 
181.834717 114.226776 
177.370819 113.538757 
