68 2
149.441193 114.242226 
150.716278 132.299561 
153.460190 150.168152 
157.888123 167.392944 
164.490265 183.463593 
173.339249 197.889099 
184.688782 209.741882 
198.137054 218.137955 
214.238922 220.088318 
230.538147 216.738220 
244.560974 208.289932 
256.270416 196.251343 
265.058868 181.761856 
270.569397 165.955582 
273.862701 149.003967 
276.018921 131.543243 
276.985138 113.617363 
154.818665 103.994804 
163.564774 96.411690 
175.553192 95.113983 
187.586166 97.295341 
198.417145 102.471252 
225.279892 101.201714 
237.447922 96.745338 
249.677521 94.843925 
261.826050 97.210518 
269.494324 105.438995 
212.437744 115.527626 
212.359253 124.023384 
212.245819 132.515594 
212.184326 141.341553 
199.535187 152.883209 
205.629822 154.388977 
211.768555 155.458786 
218.022476 154.541031 
223.991714 153.403137 
169.645996 116.479248 
177.205673 112.530121 
186.270920 112.967659 
194.246613 117.925117 
185.842896 119.543976 
176.826019 119.678383 
230.848038 118.246826 
239.559509 113.008469 
248.188889 113.240486 
254.843857 117.137817 
248.367752 120.195244 
239.657303 120.020958 
188.915787 178.625610 
197.649490 173.134659 
206.251953 170.364151 
211.533630 172.176025 
217.628281 170.640503 
226.132416 173.807022 
234.652832 178.595978 
227.036697 185.722305 
219.065247 189.009933 
212.279312 190.012863 
206.113892 189.340790 
197.481873 185.969604 
192.821640 178.676285 
205.820770 175.851303 
211.541809 176.417419 
218.166901 175.770081 
231.218582 178.738419 
218.968246 180.227753 
212.385437 181.375839 
206.274719 180.499924 
