68 2
161.425934 108.949722 
162.009064 122.413734 
163.678543 135.677567 
164.916183 148.762024 
167.537567 161.742294 
173.540070 173.146378 
182.367325 183.128204 
192.948608 191.595871 
206.953751 194.105652 
220.626648 191.962967 
232.848557 184.863953 
242.728622 175.224243 
249.658905 163.858917 
253.347931 150.531784 
255.283340 136.692017 
257.439392 122.594780 
258.950378 108.530502 
163.525269 100.423721 
168.359451 91.313728 
178.064926 87.214676 
188.789612 87.816383 
198.866776 91.229767 
213.688889 90.974571 
224.585373 87.648460 
235.808380 86.920479 
246.517395 91.423920 
252.581055 99.845001 
206.855591 102.309586 
206.452087 110.437378 
205.853378 118.616104 
205.161926 127.167793 
196.396194 134.472626 
201.021530 136.429214 
205.710785 137.911270 
211.036652 136.557419 
215.788315 135.059906 
175.937256 105.229721 
181.310577 100.776405 
188.709396 100.780464 
194.366364 106.091904 
188.305756 108.177887 
181.142731 108.217911 
220.738800 106.037827 
227.090637 100.500443 
234.536560 100.602158 
240.118729 104.972542 
234.952698 108.055878 
227.796814 108.001122 
187.346970 157.648911 
193.493256 153.754593 
199.790939 151.026962 
204.440765 152.157852 
209.868713 151.207870 
217.645676 154.548264 
226.208755 159.025055 
218.188263 164.905426 
210.815536 167.227249 
204.836243 167.997620 
199.300156 167.236649 
193.006226 164.119400 
190.616196 158.190536 
199.686829 156.122925 
204.760895 156.045410 
210.330078 156.176788 
222.720764 159.278732 
210.469955 160.122742 
204.673309 161.107941 
199.455704 160.225937 
