68 2
140.259125 114.176788 
142.060333 132.487061 
146.178543 150.351700 
150.819077 167.945404 
157.909225 183.898224 
169.450562 197.581406 
184.652649 208.670441 
202.272018 216.459534 
219.436096 217.041077 
234.503067 213.019226 
247.612381 202.954880 
258.450104 191.768448 
266.481598 177.482025 
270.598846 161.435303 
273.319550 145.193619 
275.400757 128.550339 
275.538208 111.707703 
154.335129 104.029213 
164.577698 95.653534 
178.155243 93.846977 
191.808182 95.270790 
204.397034 99.680389 
225.685272 98.214317 
237.035461 93.280380 
248.792892 91.531364 
259.958130 92.684662 
267.991577 99.225464 
215.014877 109.536148 
215.909622 119.145233 
216.951202 129.017487 
218.144821 139.115997 
204.627380 151.147156 
210.988159 152.121994 
217.419571 153.373322 
223.055725 151.803833 
228.356720 150.460693 
168.351669 112.209869 
176.850235 106.026215 
187.491516 106.237022 
196.119553 113.630455 
187.068390 115.772598 
176.500168 116.085640 
231.084793 112.387558 
238.741425 103.447891 
249.043884 103.069885 
256.598297 108.480034 
250.363983 112.894096 
240.439667 113.767670 
189.779785 177.329910 
201.278976 169.702820 
212.146698 165.013687 
218.139908 166.190536 
224.671082 164.082626 
233.647110 167.558075 
241.951981 173.362305 
234.832092 184.366272 
226.504532 189.013153 
219.282806 190.413895 
212.501572 190.366776 
201.295349 187.017685 
194.478241 176.923431 
212.408371 170.812393 
218.269455 170.618790 
224.862961 169.870712 
237.476669 173.795166 
225.593643 180.411102 
218.725693 181.408539 
212.565460 181.460144 
