68 2
111.337616 134.141296 
112.020844 148.417465 
114.294731 161.983353 
117.338531 175.622955 
121.354980 188.687729 
128.163849 200.419922 
137.103241 210.380142 
148.173233 217.156281 
160.236938 218.954819 
171.638596 217.078796 
181.666687 210.619415 
190.090530 202.419647 
196.097855 191.297592 
200.649216 179.212906 
204.574280 167.439545 
207.983612 155.099716 
209.900543 142.163849 
121.170685 124.067169 
128.787903 117.240044 
139.430267 115.069176 
150.352554 116.624847 
159.775085 121.264999 
172.035370 121.454834 
181.256454 118.808510 
191.005249 118.852890 
200.111542 122.119057 
205.373505 129.118896 
165.016296 133.327515 
164.847137 143.269775 
164.595810 152.863708 
164.397278 162.666885 
153.723831 169.038086 
158.114365 170.591370 
162.652939 171.985382 
166.903870 171.410080 
170.788376 170.180664 
131.300903 132.408569 
137.568466 129.184967 
144.588821 130.002625 
149.913040 135.282455 
143.947205 136.120987 
136.761902 135.610657 
176.802307 136.754700 
182.922745 132.223434 
189.519424 132.643005 
194.384766 136.399490 
189.600067 138.544464 
183.121552 138.225403 
146.458878 190.291962 
152.090256 185.896790 
157.947464 182.921371 
161.685257 184.053604 
165.860779 183.383011 
170.915466 187.063156 
175.338455 191.383301 
170.441025 196.975677 
165.238464 200.389374 
160.698349 201.130371 
156.310516 200.042374 
151.122360 196.478088 
149.503433 190.078629 
157.822708 186.870743 
161.488602 187.154861 
165.513840 187.262772 
172.554413 191.114563 
165.273651 193.608261 
161.112000 194.648315 
157.313599 193.406921 
