68 2
85.473610 94.341377 
87.481468 117.143150 
91.876976 139.842224 
97.893921 161.323547 
106.733261 181.811142 
117.551552 200.480530 
131.708984 216.131821 
147.995026 228.385147 
167.859818 230.544617 
186.255066 225.878693 
201.324814 213.393845 
214.049011 197.265808 
223.534470 178.667267 
230.403137 158.825897 
235.312332 138.716812 
239.063995 118.198639 
240.684296 97.343666 
97.451523 80.487206 
108.226814 70.751251 
123.834999 69.472870 
138.952255 73.775475 
152.796112 79.818756 
183.128799 80.209480 
197.738144 73.762581 
211.929993 68.970566 
226.369080 69.784691 
235.286072 78.905991 
168.402496 93.474838 
168.400146 108.323517 
168.418243 122.886337 
168.410355 137.977844 
148.701767 144.270676 
157.462402 148.525757 
167.282394 151.769318 
176.777588 148.785919 
184.933975 144.523270 
113.794838 96.521942 
123.471855 92.307770 
134.602951 91.857590 
144.440201 97.313683 
134.438126 100.047371 
123.358917 100.612343 
190.022049 96.936127 
200.046097 91.063568 
210.658340 91.061874 
218.432755 95.433823 
211.283157 99.750305 
200.724182 99.632500 
136.996475 177.229492 
147.733292 170.068481 
158.414719 167.445862 
165.523865 170.135681 
173.254272 168.078079 
183.452454 170.684723 
193.316940 176.538528 
183.998642 187.672440 
174.342972 192.897247 
166.173279 194.015320 
157.868713 193.124420 
147.389069 188.485916 
142.248627 177.664673 
158.014877 174.395584 
165.748062 175.862061 
173.690887 174.471634 
187.873459 177.306595 
174.271805 180.987732 
166.063416 182.584534 
158.067810 181.411453 
