68 2
156.805878 95.981514 
159.035339 108.672516 
162.570694 121.176300 
166.882980 133.297516 
172.093002 144.275360 
179.783279 153.522522 
191.083023 159.797806 
204.073578 163.148010 
218.033142 162.568893 
231.333252 158.953064 
243.156677 153.439255 
253.172195 145.499115 
259.793793 135.304932 
263.649017 123.639717 
265.390015 111.208710 
265.893890 98.494598 
265.614471 85.527679 
162.328445 74.899590 
168.697571 67.381149 
178.094940 63.441692 
188.900314 62.436447 
199.069901 64.566628 
216.625397 62.739521 
226.134613 59.411514 
235.924286 58.441116 
245.461533 60.387558 
253.044220 65.845901 
208.579269 74.518295 
208.777985 79.773621 
208.936386 84.878700 
209.200134 90.529106 
202.416443 105.251556 
206.751694 105.265770 
211.021851 105.008331 
215.530136 104.329872 
219.910751 103.329544 
175.310486 85.190048 
181.182419 80.984474 
188.364151 79.565048 
195.138443 82.167244 
189.324432 85.147964 
182.111984 86.604912 
223.849808 79.444138 
230.474396 75.462311 
237.359268 75.452263 
243.160507 78.620834 
237.945313 81.199081 
230.820496 81.261078 
195.763062 130.620468 
201.918365 122.618927 
207.919220 117.502983 
212.548935 117.948883 
217.272125 116.799156 
224.601685 120.809029 
232.086014 127.180092 
225.182129 130.077713 
218.484451 131.409225 
213.644440 132.248871 
208.903351 132.284851 
202.709457 131.834976 
199.265305 129.009399 
208.585495 122.990639 
213.128525 122.229095 
217.978134 122.232964 
228.586914 126.279137 
218.008163 125.538574 
213.119934 126.521729 
208.674500 126.482681 
