68 2
132.875854 84.668800 
132.375732 97.147316 
133.411316 110.025299 
135.589752 123.027153 
139.307571 135.509766 
145.969299 147.157898 
155.575989 156.835144 
166.457184 164.587479 
180.385498 167.196213 
194.672180 165.663940 
206.667847 159.013184 
216.664505 149.487732 
224.244522 138.475113 
229.206573 126.601227 
232.490585 114.210434 
234.447266 101.704369 
235.152939 88.886040 
140.302429 72.185715 
147.449661 67.116356 
156.671783 66.521576 
165.481064 68.586632 
173.364731 72.893623 
193.862534 73.633842 
202.813889 71.232117 
211.540176 70.632004 
219.937897 72.397102 
225.391281 77.985741 
183.321991 83.352760 
183.090866 90.825493 
183.013947 98.233330 
183.025146 106.045624 
171.881775 114.511070 
176.902756 116.190155 
182.115814 117.634834 
187.484940 116.645073 
192.587219 115.478394 
150.498489 84.170135 
156.220062 81.237282 
162.907257 81.840881 
168.733673 85.994781 
162.442810 87.203560 
155.573578 87.156227 
196.608612 87.480476 
203.389099 84.225624 
209.829483 84.888634 
214.693665 88.234436 
209.685883 90.180092 
203.246872 89.668724 
161.516174 133.075882 
170.261490 130.711502 
176.886826 129.050873 
181.315231 130.740479 
186.715179 129.298401 
194.136902 131.435043 
201.870789 133.742874 
193.960876 138.105713 
186.495285 139.907410 
181.001343 140.333298 
176.017075 139.760803 
169.493469 137.845093 
164.297455 133.712082 
176.329819 133.697662 
181.225006 134.190582 
186.955566 133.697540 
199.129456 134.268265 
186.807755 133.497696 
181.120621 134.039856 
176.401291 133.549850 
