68 2
107.077789 95.688072 
107.777336 111.190453 
110.765709 126.377373 
114.631073 141.368988 
119.774918 155.334641 
127.718521 167.452820 
137.472687 178.769104 
149.492447 187.369034 
162.932602 189.352112 
175.325546 186.456940 
185.563782 177.700027 
194.961472 167.381134 
202.453217 154.728271 
207.646774 141.355637 
211.451813 127.645264 
214.698715 113.209496 
216.521835 98.528328 
118.419853 85.689758 
126.408539 78.543327 
137.415070 76.058922 
148.906876 77.842682 
158.628555 83.309128 
173.539215 83.667046 
184.007675 79.730507 
194.811401 79.019028 
205.002609 82.362587 
211.047058 89.979218 
165.641312 96.444809 
165.346985 107.411469 
165.159119 118.106171 
165.025162 129.115814 
154.743134 134.599579 
159.258362 136.480774 
164.211105 138.230042 
169.013245 137.078262 
173.304214 135.832001 
129.070419 94.966217 
135.991821 90.991486 
144.273010 91.991348 
150.143982 98.508720 
143.151779 99.668915 
135.055771 99.072510 
178.940369 99.268845 
185.871628 93.305931 
193.708145 93.318741 
199.487930 97.914078 
194.211792 101.164009 
186.570419 101.231667 
146.867157 157.832993 
153.554016 152.405701 
160.055069 148.844223 
163.725006 150.318802 
167.780701 149.489243 
173.701309 153.877899 
178.715195 158.717575 
173.240494 166.211731 
167.589905 169.662476 
163.062576 170.282471 
158.640549 169.335846 
152.913116 165.344376 
150.641541 157.717270 
159.933182 154.477264 
163.622864 155.061874 
167.464661 155.043137 
175.227951 158.567001 
167.298309 160.499680 
163.186584 161.283630 
159.408051 160.111298 
