68 2
119.946747 99.173874 
122.842125 124.740234 
128.602524 149.696030 
134.128906 172.440582 
142.438232 193.844040 
154.558090 213.121979 
169.969009 229.910812 
187.322159 242.656219 
208.950577 245.533997 
229.105148 242.320618 
245.438904 228.791046 
259.864380 212.107742 
271.520844 192.670349 
280.535278 171.587311 
286.422241 149.846008 
290.890228 126.528931 
293.664764 102.770615 
126.398872 84.484421 
138.214172 71.476067 
157.347260 70.224945 
176.040558 75.353218 
194.042969 82.248550 
220.199753 83.409821 
238.427246 76.031464 
255.966385 70.240700 
274.565063 70.406418 
286.174835 82.377785 
207.450638 96.190063 
207.411987 112.508545 
207.587143 128.963120 
207.755585 146.151108 
187.247910 157.069443 
196.928925 160.721268 
207.505676 163.983902 
218.528793 160.648544 
228.055145 157.120697 
144.135773 99.294250 
154.547668 92.622925 
168.246231 92.932861 
180.444107 101.463974 
168.199615 104.609161 
154.326706 105.274254 
233.264328 101.636162 
245.154617 92.696404 
258.594849 92.630821 
268.743103 98.746033 
260.109497 104.211441 
246.547821 104.428810 
174.365952 190.562744 
188.409988 186.197693 
199.741837 183.836349 
207.297607 187.245605 
216.881638 184.568222 
229.309784 186.990860 
242.795029 190.131973 
229.409103 201.382813 
217.031921 206.416107 
206.569687 206.851547 
197.886856 205.483078 
187.232056 201.175110 
179.452820 191.010498 
199.052063 189.193558 
207.223083 191.177490 
217.382553 189.248352 
238.044052 191.221130 
217.378860 194.191650 
206.994064 195.251251 
198.695221 193.487762 
