68 2
157.070206 94.287971 
158.357483 106.857773 
160.998123 119.330414 
164.339844 131.114670 
169.149048 142.222427 
176.348083 152.400604 
185.591766 161.319122 
196.594086 167.634583 
209.010437 168.543488 
221.086563 166.017365 
230.823105 158.566162 
238.877823 149.304504 
245.154724 138.617737 
248.670868 126.719009 
250.572586 114.453041 
251.763428 102.066727 
252.117371 89.335663 
163.421860 82.765411 
169.745346 78.418884 
178.146545 78.519508 
186.161499 80.692978 
193.141678 84.435989 
213.015091 82.864845 
220.997147 79.995415 
228.783035 78.211639 
236.735107 78.215668 
242.301163 82.287079 
204.235733 93.263550 
204.487381 101.259575 
204.818298 109.122200 
205.194641 117.189224 
195.682083 123.248627 
200.437561 124.761528 
205.223343 125.945137 
210.019196 124.433075 
214.292175 122.904190 
173.825302 93.507904 
178.857574 90.583511 
185.550842 90.840019 
191.242630 94.418846 
185.299622 96.247192 
178.785339 96.468712 
216.422562 94.067375 
222.343704 90.278313 
228.726746 90.420685 
233.760925 93.230331 
229.137863 96.006973 
222.819763 96.088844 
188.456696 140.380844 
195.279663 137.690781 
200.645187 135.564621 
205.259094 136.761719 
210.493912 135.356125 
216.668991 137.273315 
222.815430 139.147705 
217.286819 143.423492 
211.295898 145.933289 
205.941833 146.710953 
200.854950 146.321548 
195.360428 144.135010 
190.967804 140.871246 
200.373444 139.647491 
205.381653 139.555801 
210.952515 139.125931 
220.271088 139.622879 
211.147171 139.635315 
205.653046 140.572922 
200.598083 140.091858 
