70 2
92.125320 138.493591 
95.708946 154.048080 
100.749802 169.370453 
108.027496 184.113907 
117.458740 198.320633 
128.749237 211.450546 
140.616043 224.140701 
153.998077 234.300919 
170.569962 235.110519 
188.150574 229.059082 
205.339813 215.613464 
220.368103 199.387512 
231.117859 180.173996 
235.644470 158.741623 
234.629227 136.356384 
231.826172 113.604546 
228.516525 90.693115 
83.912010 120.751152 
86.184502 111.212143 
95.164589 106.261093 
106.435074 105.033836 
117.923149 106.265144 
134.478683 100.564507 
149.085556 91.362770 
165.087708 84.363823 
182.930206 83.479767 
197.705566 90.449516 
130.553329 118.564178 
131.535568 131.494476 
132.021240 144.706650 
132.769760 158.182816 
129.527893 167.866669 
135.412109 169.611633 
141.875290 169.952026 
148.944641 166.230576 
156.084793 162.741287 
99.922752 129.617981 
104.813438 123.416504 
113.651680 121.147057 
123.232529 125.215019 
115.394669 129.718170 
107.025208 131.931824 
155.642166 116.108170 
163.095474 107.164871 
172.893005 104.762871 
183.088150 106.754868 
175.893692 113.138756 
166.417542 115.977623 
129.546494 193.653183 
135.444183 191.088348 
141.077087 188.213837 
147.573914 188.592743 
155.023270 184.978516 
168.775406 184.032745 
184.983185 181.196869 
172.478165 191.662292 
160.485413 197.319687 
152.367416 199.922684 
145.497360 200.145935 
138.258865 198.553406 
133.170853 193.740463 
142.276596 192.495331 
148.903992 191.680771 
156.972031 189.121674 
180.695450 182.939209 
157.705490 189.660782 
149.690659 192.222031 
142.868225 192.402527 
112.333336 124.000000 
169.833328 107.666664 
