68 2
105.813637 142.625565 
106.782082 155.313293 
109.057426 168.066040 
112.477943 180.219788 
117.097252 190.973633 
124.299057 200.224457 
134.686111 206.060715 
146.950592 209.436340 
160.092316 209.117966 
173.251083 206.659561 
185.388245 201.693512 
196.158691 195.070648 
203.475937 185.932938 
207.642410 174.798859 
209.899902 163.275787 
210.952835 151.675507 
211.348282 140.158142 
114.380096 122.602448 
120.933823 116.034561 
129.818939 113.170822 
139.584427 114.089531 
148.466736 117.783173 
164.457047 117.258789 
173.368408 113.480797 
182.657303 112.278831 
191.664352 114.175575 
198.141037 119.864609 
155.296158 128.879578 
154.955872 133.152222 
154.719025 137.368591 
154.612686 142.245438 
148.538620 155.419052 
152.152374 155.611313 
155.717514 155.748291 
159.737274 155.250687 
163.352463 154.385559 
124.800262 134.936752 
129.900085 130.666428 
136.390549 129.864502 
142.274841 132.973557 
136.779968 135.051910 
130.378967 135.945786 
170.005676 131.210342 
175.545227 127.639023 
181.791992 127.878281 
186.890732 131.449844 
182.080109 133.246155 
175.957108 133.086121 
140.797623 180.120697 
146.735352 171.261765 
153.016541 166.265427 
156.770050 167.035477 
161.003922 165.991058 
168.716125 170.393112 
176.264786 177.346252 
169.231415 181.364365 
162.200012 182.432632 
157.717651 182.620331 
153.641907 183.067841 
147.399841 182.728699 
144.147491 179.126373 
153.605850 173.172531 
157.379349 172.592087 
161.977036 172.592468 
172.867569 177.070618 
161.769547 175.181046 
157.117584 175.328369 
153.483749 175.991455 
