68 2
137.469131 146.801834 
136.987717 164.347000 
137.546661 181.877930 
138.941208 199.260986 
143.799026 215.066742 
151.866135 229.180908 
163.274689 241.473114 
176.432465 251.379150 
191.455750 254.153778 
206.045471 251.688934 
218.644989 242.881424 
230.925156 232.873535 
241.043243 220.531036 
248.543533 205.990067 
252.929626 190.714783 
256.069611 174.506393 
258.741547 157.077347 
144.093307 145.740494 
152.580948 136.988052 
165.974899 136.037354 
179.096054 139.356812 
190.765717 145.532410 
206.822144 146.267746 
219.483704 141.299652 
232.710724 139.370178 
245.684814 141.923248 
252.953400 151.883118 
198.766235 154.336853 
197.921448 166.705322 
197.147644 179.014923 
196.395142 191.735657 
181.760956 194.750671 
188.039825 197.416885 
194.735825 199.867950 
201.596085 198.291824 
207.815598 196.366760 
157.593323 153.084366 
164.929337 149.276337 
173.706482 150.150787 
180.449326 155.948792 
172.776169 157.323547 
164.035461 156.983536 
214.332275 157.747620 
222.773865 152.490265 
231.645966 153.116028 
237.986053 157.490494 
231.566925 160.495407 
222.863586 159.943329 
171.745178 215.350769 
179.698288 212.154480 
187.742355 210.956818 
192.786652 213.049988 
199.010818 211.582962 
206.949310 214.247208 
214.658630 217.562637 
206.469650 225.986618 
198.230667 230.225830 
191.561523 230.808380 
185.754227 229.534775 
178.456802 224.641144 
175.505264 215.622910 
187.515381 214.677460 
192.653641 215.833618 
198.864136 215.291092 
210.869400 217.565582 
198.637604 220.705627 
192.241257 221.512726 
186.872772 220.009033 
