68 2
119.238472 104.910774 
119.647797 121.531914 
121.259155 138.507019 
125.049126 154.675125 
131.854111 169.502960 
142.526535 182.641251 
155.324295 194.070374 
168.976456 203.529373 
183.717010 206.383057 
198.429871 203.456879 
211.408279 193.977081 
223.594177 182.969864 
233.812424 169.996719 
241.212341 155.331100 
245.035187 139.734314 
247.034500 123.324921 
248.293839 106.339996 
131.303009 97.125267 
139.699036 89.370667 
151.466370 86.952530 
164.131760 88.351524 
175.147400 92.983459 
192.805145 92.193520 
204.180481 88.779572 
216.125153 88.100372 
227.787766 90.674461 
235.561600 97.555824 
182.880310 107.882530 
182.156174 118.887169 
181.415680 129.779144 
180.914322 140.913651 
168.915298 144.192444 
174.716751 147.001144 
181.287903 148.924866 
188.288330 147.189499 
194.495544 145.060226 
145.220627 108.790802 
152.057831 106.715462 
159.190323 106.636757 
165.800049 109.219246 
159.087402 110.927940 
151.955536 111.210663 
200.057800 109.561203 
207.334244 107.419441 
214.235962 108.033051 
220.527847 109.797676 
214.285629 111.954277 
207.137070 111.788628 
162.153656 162.143265 
169.809998 160.420288 
177.165634 158.746384 
182.250305 159.866180 
188.864075 159.199249 
196.857986 161.606735 
204.921448 164.158783 
197.238251 174.756195 
189.205338 179.208755 
182.255173 179.627243 
176.278748 178.543411 
169.022675 172.906921 
167.152756 162.910583 
177.117096 161.315811 
182.225845 161.879776 
188.695877 161.753189 
200.100281 164.283081 
189.387421 170.702499 
182.811874 171.393280 
177.425247 169.899612 
