68 2
101.668068 82.177521 
103.641785 104.895027 
108.093636 127.527184 
113.483322 148.810471 
121.405502 168.756790 
132.615036 187.293198 
146.614914 203.751297 
162.001709 217.042389 
182.443832 220.970184 
201.808655 216.415359 
217.743362 202.166672 
231.559265 186.273682 
242.854416 168.105743 
251.383972 148.470490 
257.090393 128.564880 
261.459595 107.308968 
264.351563 85.244713 
109.900192 64.164391 
120.767685 51.189926 
137.877777 47.818146 
154.978958 52.264854 
170.634338 58.700893 
201.061584 59.062351 
217.326950 53.875263 
233.472168 50.481438 
249.559219 54.038441 
258.817657 65.996742 
186.498428 75.260063 
186.280701 90.481659 
186.214142 105.420670 
185.954651 121.177231 
166.939163 129.786316 
175.772171 132.859146 
185.128357 135.816193 
194.067261 133.310791 
202.029587 130.636063 
129.594757 76.773201 
138.992111 70.308197 
151.180496 70.845337 
161.089722 78.483582 
150.260269 81.498718 
138.349335 81.950836 
209.171982 79.284081 
219.482727 72.014587 
230.914413 72.720840 
239.148026 78.866821 
231.213760 83.058647 
219.901978 82.542877 
151.047806 162.094727 
163.527634 157.170578 
175.244843 154.330414 
183.463318 156.903625 
193.104919 155.095825 
205.236038 158.432251 
215.879700 161.609772 
205.469650 176.884003 
193.637177 184.659363 
183.043030 186.053650 
173.585602 184.150208 
162.194473 176.579346 
155.943222 163.247864 
174.355530 160.170395 
183.315277 161.506027 
193.600281 160.706833 
212.157928 163.059921 
194.198715 172.385300 
183.482346 174.211288 
174.235413 171.974182 
