68 2
75.650543 137.220642 
77.181313 151.465240 
80.383217 165.145554 
84.078453 178.255432 
89.108131 190.489532 
96.876694 201.097702 
107.791687 208.897522 
121.501900 213.771179 
136.657028 213.828751 
151.366867 210.477600 
164.258698 204.298508 
175.173386 196.138977 
182.829651 185.438919 
187.294968 172.877625 
189.689148 159.642334 
190.899231 146.061829 
190.860016 132.860962 
82.949989 118.393242 
89.463928 109.353363 
100.092690 105.120483 
111.939613 105.707474 
123.150848 108.736740 
139.375473 108.948517 
150.168900 105.183701 
160.807388 103.717514 
171.544159 105.845604 
179.678131 112.237312 
130.917160 120.807526 
130.851547 126.319618 
130.695175 131.775467 
130.681580 137.905136 
123.500519 153.684875 
127.827339 153.362610 
132.092926 153.115906 
136.421646 152.619476 
140.803787 152.285706 
95.139870 129.580002 
101.356033 124.757477 
109.235054 123.713013 
116.765900 127.335587 
109.858841 130.132156 
101.892830 131.360321 
146.295471 125.725761 
153.103806 121.046211 
160.905029 121.308022 
167.380447 125.148071 
161.585175 127.724205 
153.869324 127.786659 
115.550919 180.663040 
121.920082 171.462921 
128.623199 165.781677 
132.797012 166.624802 
137.035553 165.368225 
145.421280 170.418015 
153.463409 178.033783 
146.151154 183.487686 
138.935516 185.765518 
134.237518 186.291260 
129.692093 186.399521 
122.888222 185.149200 
119.388023 179.477722 
129.335388 172.373596 
133.256607 171.907333 
137.788467 171.958694 
149.783142 177.550003 
138.043503 177.983170 
133.432465 178.352585 
129.513855 178.517365 
