68 2
160.827576 87.872711 
160.987061 101.158485 
162.068359 113.923584 
163.045471 126.847984 
166.139267 139.308777 
172.801437 149.922455 
182.375870 159.264084 
193.675842 167.191223 
207.253738 169.755020 
219.303406 168.017197 
229.846024 161.099915 
238.101532 151.833740 
244.642273 140.981445 
248.100800 128.579559 
250.344101 116.260132 
252.414734 103.631989 
253.378113 91.352798 
169.348907 81.448936 
175.649658 73.826973 
185.606033 71.198174 
195.988007 72.471085 
205.813354 75.792221 
219.167053 76.898422 
228.643936 74.688507 
237.854980 74.318260 
246.396057 77.543472 
250.889755 84.719376 
213.215164 86.175117 
213.094147 94.143341 
212.958450 101.974220 
212.712463 110.259109 
201.051712 117.115074 
206.349457 118.859673 
211.625137 120.633316 
216.642273 119.565102 
221.104706 118.281403 
180.906006 87.343277 
186.869019 83.856720 
193.864853 84.343452 
199.131683 89.511757 
193.206512 91.122803 
186.242035 90.728958 
224.081238 90.977386 
230.430984 86.263290 
237.222931 86.519035 
241.977325 90.587982 
237.565536 93.470848 
230.856873 93.099625 
190.444809 136.273712 
198.795303 134.105545 
205.907837 132.636703 
209.706543 134.355865 
213.842453 133.263962 
220.329803 135.829773 
227.562012 139.123718 
220.362518 143.321838 
214.066818 143.530701 
209.537872 143.581711 
205.094177 143.038345 
198.135223 141.470871 
193.630280 136.962051 
205.509445 137.198837 
209.662720 137.782410 
213.856735 137.554489 
224.536255 139.366455 
213.929260 137.660034 
209.646835 137.714096 
205.454987 137.221756 
