68 2
126.673622 113.526642 
126.775391 132.098938 
128.572937 149.991776 
131.008575 167.836655 
135.491516 185.484161 
141.934967 201.506851 
151.625671 216.127472 
164.517670 227.796524 
180.782135 231.594971 
196.612305 228.930847 
209.197495 218.312256 
219.404724 204.619080 
226.464081 188.766678 
231.601776 171.843445 
235.179901 155.116425 
239.017517 137.619812 
240.985519 120.212685 
134.450043 100.359818 
141.521271 93.328529 
152.129272 91.635590 
163.294632 93.639359 
172.667206 99.247215 
200.480270 101.059990 
211.045959 97.001389 
221.706512 96.830887 
231.689621 100.739349 
236.774933 109.081474 
186.069168 115.770645 
185.255020 127.917587 
184.177185 140.016342 
183.300156 152.380798 
172.124390 157.988052 
177.310532 160.699677 
183.110657 162.353088 
189.005402 161.253387 
194.447021 159.439911 
146.951096 114.484955 
153.445557 110.163948 
161.852112 111.143745 
168.784393 117.165863 
161.187317 118.755630 
152.871429 118.423309 
201.236145 119.362114 
209.351105 114.543144 
217.593445 115.174751 
223.366379 120.103935 
217.428879 123.028305 
209.258484 122.215492 
162.419022 184.143982 
169.126282 179.407379 
176.175873 177.349396 
182.303024 178.985428 
189.038879 178.448776 
195.446350 181.369110 
200.365570 185.792953 
195.260010 194.866638 
188.577515 200.091690 
181.346741 201.301575 
174.532776 199.748825 
167.884430 194.536789 
166.297821 184.253906 
175.913254 181.773941 
182.229584 182.771072 
189.173111 182.531067 
196.680222 185.540451 
188.867554 190.007401 
181.692337 191.903381 
175.226379 189.878723 
