68 2
107.336044 139.018204 
107.146149 152.490692 
108.537338 166.205292 
111.361969 179.091248 
116.544586 191.341370 
124.385048 201.887146 
133.554977 211.203751 
143.844406 218.438583 
155.559418 219.738281 
166.110153 217.413834 
174.785553 209.692825 
181.883514 200.492355 
188.797302 190.432678 
194.652649 178.977600 
198.632462 167.500244 
201.137299 155.446594 
201.768661 143.216064 
116.982582 129.774719 
124.428955 125.499405 
133.423737 125.498573 
142.187256 127.779716 
150.235077 131.468338 
169.610809 132.694824 
176.758911 128.778946 
184.630020 126.550941 
192.588211 127.129601 
197.396667 132.187576 
160.372040 141.627243 
160.303574 152.230850 
160.384079 162.905945 
160.303528 173.614731 
148.196259 173.539200 
153.117981 176.781250 
158.729172 179.180145 
164.620880 177.111282 
169.452576 174.009415 
128.252701 139.141647 
134.018265 136.289261 
140.684891 136.799286 
145.500488 141.337875 
139.760162 142.871033 
133.147705 142.586136 
171.838196 142.512527 
177.362732 138.068161 
183.473740 138.087677 
187.917770 141.053314 
183.912598 144.193817 
177.935577 144.360474 
138.462677 188.965424 
146.938675 188.736649 
153.934235 188.195663 
158.121933 189.367447 
162.942841 188.403229 
168.093292 189.145416 
174.210022 189.022308 
167.973053 192.955994 
162.657455 194.871521 
157.817841 195.336105 
152.924591 194.868805 
146.269150 193.051651 
141.856293 189.395477 
153.572052 190.772995 
158.015579 191.597351 
162.742630 190.831482 
170.794449 189.560822 
162.952957 189.351868 
158.048859 190.022705 
153.504227 189.573318 
