68 2
167.867706 113.971436 
168.698914 128.853470 
171.045944 142.854813 
174.499603 157.070587 
179.316589 170.442459 
186.344833 182.795059 
195.687637 194.272736 
206.787064 203.077133 
220.063538 205.764496 
232.265274 203.122986 
243.151184 194.882050 
252.502609 185.307343 
259.255035 172.738586 
264.017456 159.183548 
267.993866 145.621979 
271.629791 131.662659 
273.493286 117.177544 
177.447403 104.307793 
184.973099 95.809433 
196.535141 92.722992 
208.279480 94.823471 
218.710617 99.795219 
231.510681 99.868408 
242.175720 96.814133 
252.493591 96.420425 
262.304260 100.196068 
268.126923 108.102455 
225.105545 112.057068 
224.815628 121.931259 
224.429581 131.647873 
224.120743 141.598206 
213.623505 149.522461 
218.338776 150.423172 
223.094238 151.433823 
227.229675 150.977539 
231.154221 150.122101 
189.040405 111.678513 
195.444656 108.084442 
203.119919 108.609573 
208.577942 114.113686 
202.308533 115.192345 
194.940506 114.881577 
237.462234 115.879639 
243.945831 110.811798 
251.364090 111.305046 
256.558472 115.386597 
251.323456 117.842377 
244.513458 117.712158 
205.489868 172.768143 
210.862732 166.480835 
217.312500 162.629654 
221.231628 163.914444 
225.803467 163.263138 
231.580597 168.089142 
235.806702 174.440018 
231.483231 181.862610 
225.654037 186.558502 
220.482605 187.454895 
215.309052 186.021149 
209.836761 180.727356 
208.929977 172.577957 
216.792770 168.301865 
220.763474 168.468918 
225.451477 168.843811 
233.463867 174.062042 
225.772644 177.756165 
220.807983 178.883453 
216.540100 177.267410 
