68 2
134.658279 135.183548 
137.206161 151.458069 
141.216782 167.423569 
145.170959 182.996719 
151.725800 197.340988 
161.940506 209.852325 
174.511307 220.016205 
188.535828 227.858780 
203.998077 229.419220 
218.331604 225.252228 
230.290146 215.429626 
240.620743 204.200500 
248.601242 191.635803 
252.714874 176.722534 
254.257645 161.047546 
256.077026 145.087036 
256.667664 129.435867 
144.877060 118.544365 
151.169174 110.167030 
161.318130 104.920151 
172.649384 104.877792 
183.119171 107.793892 
212.855637 106.252892 
222.990433 102.177399 
233.384842 101.085945 
243.086349 104.580612 
250.001892 111.201973 
199.303848 124.185944 
200.248840 134.545944 
201.149506 144.658508 
202.046417 155.066879 
191.434921 165.204361 
196.777115 166.082809 
202.147034 166.686020 
207.259872 165.403275 
212.204849 163.970032 
156.653946 130.279190 
163.601013 124.608429 
173.425415 124.007393 
182.130859 129.710480 
173.862915 132.640472 
164.433533 133.685043 
214.555115 128.516968 
222.947098 121.786865 
232.165100 121.384796 
239.056335 126.147652 
232.868103 130.147598 
223.756577 130.349030 
176.996643 188.086212 
185.974792 181.219360 
195.251709 177.364532 
202.929688 177.853928 
210.853668 176.932983 
219.327438 179.944717 
226.279968 185.464676 
219.230865 194.249313 
210.689438 199.058136 
202.587692 200.718689 
194.579086 200.023163 
185.549698 195.996719 
181.221390 187.729446 
195.553741 184.013794 
203.230591 183.488495 
211.534241 183.463562 
222.522598 185.645447 
210.797394 190.031311 
202.328339 191.806290 
194.642731 191.149582 
