68 2
134.368179 89.778664 
134.890198 101.658905 
136.586533 112.978622 
138.890503 124.580353 
142.669525 135.285339 
148.436142 145.113831 
156.264664 153.297348 
165.040970 160.092728 
175.993347 162.440033 
187.067413 160.889465 
196.764709 155.083694 
204.816071 147.421112 
210.761154 138.125183 
214.566299 127.545235 
217.015152 116.025894 
219.531693 104.424713 
221.148712 92.717148 
141.686096 78.502548 
146.842316 73.682114 
154.074722 72.338448 
161.510956 73.647820 
168.412430 76.256683 
186.867630 76.417854 
194.680038 74.543427 
202.413147 74.282425 
209.633057 76.690170 
214.451828 81.982407 
177.652328 85.807045 
177.625061 92.453369 
177.512085 99.074776 
177.452637 105.914238 
169.015747 111.983589 
172.902039 113.185875 
176.914169 114.349815 
181.246429 113.725250 
185.304398 112.927452 
149.509583 87.283081 
153.894730 84.356125 
159.719727 84.576797 
164.672379 88.057281 
159.522644 89.336578 
153.897247 89.542267 
190.236984 89.370262 
195.594513 86.401054 
201.295731 86.925461 
205.394592 90.173393 
201.168228 91.878510 
195.579788 91.326508 
159.818893 129.198105 
165.829132 125.182945 
171.724274 123.321129 
176.244308 124.648422 
181.473007 124.112877 
187.527039 126.968750 
192.380920 131.304718 
187.158218 137.026306 
180.899841 138.830017 
175.510498 139.054031 
170.426895 138.071854 
164.838242 135.228348 
162.818939 129.258850 
171.496216 128.244568 
176.218597 128.698654 
181.629044 128.898438 
189.517883 131.222977 
181.171860 132.648010 
175.642441 132.994751 
170.809921 131.781815 
