68 2
142.366135 96.410179 
144.349380 109.732513 
147.068787 122.508316 
150.100281 135.336411 
155.244934 146.993637 
163.390808 156.595688 
173.146973 164.999496 
183.963394 172.211929 
196.519836 173.481812 
208.233170 170.011902 
217.617523 161.208725 
225.844543 151.781189 
231.591339 141.107529 
234.142609 129.060760 
235.341003 116.757240 
236.410294 104.889465 
236.889236 92.479691 
150.811874 87.175827 
155.726898 79.981560 
163.940613 76.406174 
172.977539 77.296227 
181.433075 80.160805 
203.991608 80.251884 
211.870850 77.116730 
219.580460 76.261505 
226.938904 79.005005 
231.587967 84.576370 
193.796936 91.098015 
194.481323 98.669594 
195.138412 106.103554 
195.853195 113.982628 
185.938171 122.459557 
190.730072 123.233902 
195.534714 123.967979 
199.991745 122.891327 
204.203049 121.878578 
161.327667 95.427376 
166.866104 92.144623 
173.725403 91.695206 
179.540115 95.082771 
173.640335 96.853600 
166.988541 97.388847 
205.913040 94.664886 
212.056610 91.227020 
218.502136 91.177750 
223.326874 94.092018 
218.716614 96.199638 
212.452484 96.058525 
177.400085 141.976013 
184.047989 136.703384 
190.886414 133.922882 
195.777359 134.707642 
200.544556 133.642761 
206.656387 136.197067 
211.929993 140.485031 
207.218277 147.387573 
201.665085 150.875504 
196.546982 152.196243 
191.231308 151.915344 
184.295197 149.119080 
181.452866 141.740005 
191.317078 138.730789 
195.975357 138.856415 
200.746750 138.197418 
208.461823 140.743195 
201.101944 143.758331 
196.151520 145.150833 
191.299988 144.586151 
