68 2
125.084557 75.870979 
126.283829 92.821388 
127.683784 109.497772 
130.588455 125.653740 
137.683380 140.917343 
148.803192 154.319916 
160.558365 166.184052 
173.703064 175.347580 
188.144547 176.977509 
201.468719 172.748856 
212.614685 161.742462 
222.203659 148.968094 
231.479843 136.070923 
237.997559 122.334198 
241.302170 107.556686 
242.758545 92.326126 
243.338806 76.559265 
136.726379 79.140892 
146.624771 74.781738 
157.451111 75.766182 
168.380035 77.576607 
178.187469 81.553268 
194.261230 79.633698 
204.044800 75.763878 
214.317978 73.716293 
224.632553 73.275185 
232.411560 78.260475 
186.595596 88.499443 
186.750595 99.468102 
186.846039 110.330856 
186.998718 121.469185 
171.676117 121.883507 
178.751892 125.439644 
186.784088 128.360214 
194.412628 124.664185 
201.024963 121.051056 
149.388733 87.830414 
156.730392 87.318375 
162.991745 87.259392 
169.146027 88.449730 
162.916000 88.376068 
156.561310 88.386154 
201.679016 88.491539 
208.822449 86.544067 
215.086823 86.295227 
221.445877 86.943298 
215.530991 88.181366 
209.128662 88.354950 
157.668945 131.136948 
168.652939 132.133240 
179.001221 133.165283 
186.213318 134.557571 
194.402649 132.571045 
203.551605 130.765442 
212.926483 129.365204 
204.332748 144.266174 
195.222443 150.986115 
186.654404 152.535004 
178.866806 152.224426 
167.912613 146.714020 
160.656067 132.544449 
179.046066 135.371246 
186.423218 136.226486 
194.641342 134.652130 
209.371399 131.170502 
194.830338 144.403061 
186.506454 146.127502 
178.868195 145.687927 
