68 2
124.129097 61.615269 
125.431587 75.593292 
128.179764 89.161774 
131.557236 101.655472 
136.659744 113.528419 
144.005249 123.918304 
153.056610 132.848633 
163.383972 140.134125 
175.146225 141.993011 
186.484543 139.434174 
196.045593 131.908447 
204.409897 122.791054 
211.468719 111.618378 
216.151047 99.197205 
218.886948 86.919487 
220.877411 73.778358 
221.811478 60.327713 
132.330673 54.186642 
139.190765 49.043873 
147.916031 48.062325 
156.674942 49.082737 
164.792297 51.323654 
180.807434 49.551598 
189.645035 47.417656 
198.059387 46.417225 
206.200195 47.073906 
212.061020 51.538078 
173.087433 60.012310 
173.325378 69.129875 
173.488464 78.158104 
173.751022 87.341698 
163.995499 91.255829 
168.518768 93.054169 
173.518890 94.366920 
178.366669 93.038719 
182.600006 91.255684 
142.893768 61.431160 
148.347900 58.552456 
154.813095 58.480453 
159.819763 61.897991 
154.619080 63.479572 
148.421082 63.787903 
185.421295 61.290161 
191.016495 57.390217 
197.405624 57.386795 
202.374969 60.523884 
197.678558 63.080879 
191.479263 62.990471 
160.157089 111.500130 
164.478073 106.741470 
169.171768 103.851372 
173.134552 104.767746 
178.150024 104.011833 
183.350632 107.031227 
187.837189 111.541779 
183.464218 116.085968 
178.523621 119.387367 
173.396759 120.399750 
168.882111 119.276764 
164.575562 115.883072 
163.127121 111.141495 
169.320023 107.697845 
173.390198 107.843147 
178.605011 107.687035 
185.110703 111.084549 
178.601028 111.908585 
173.460709 113.414131 
169.192810 111.953339 
