68 2
102.420006 109.937477 
102.339752 126.791908 
103.478165 142.945221 
105.280144 158.804001 
109.171608 174.176865 
116.624512 187.974533 
128.441559 199.290039 
142.935608 207.767990 
158.763672 211.397400 
174.489487 210.114105 
188.967606 202.983490 
201.169022 192.989182 
209.825638 180.506851 
214.919937 166.199005 
218.709900 151.643005 
222.144669 136.757248 
223.886398 121.630547 
116.139023 93.599258 
125.434067 88.236748 
136.261383 87.241531 
147.208115 90.215668 
156.769928 95.178696 
178.030197 95.133270 
188.130081 92.593300 
198.114822 91.899757 
207.720886 93.499420 
215.002502 98.685432 
167.107117 108.971024 
166.449341 118.980438 
165.767563 128.936142 
165.087021 139.121567 
152.576843 146.858383 
158.066971 149.612366 
163.680542 151.757675 
169.413925 150.502014 
174.694122 148.624649 
128.669647 109.322525 
136.026184 106.183960 
144.266327 107.047325 
150.747543 112.578705 
143.273865 113.788277 
135.238541 112.968391 
181.151031 114.617584 
188.526154 110.170319 
196.356918 110.640144 
202.668213 115.004044 
196.544388 117.447319 
188.826126 116.986206 
136.498123 167.429382 
147.201904 163.609573 
156.520538 161.898697 
162.480301 163.631241 
169.020447 162.809998 
177.602051 165.859879 
186.213364 170.324936 
177.197037 178.892563 
168.183044 182.424484 
160.980713 182.991074 
154.383377 181.972900 
145.390259 177.574173 
140.272644 168.199005 
155.915344 166.142029 
162.240829 166.561707 
169.061386 166.884949 
182.551880 170.808609 
168.521805 174.973648 
161.393066 175.547195 
155.068680 174.755310 
