68 2
113.253387 157.538940 
118.882294 182.181091 
126.986977 206.172180 
134.224625 228.976624 
144.319336 249.555634 
158.442932 267.374969 
175.899857 281.747498 
194.051407 290.583069 
215.981995 289.499634 
236.663406 283.938599 
250.619522 268.250641 
262.077515 250.249893 
270.873322 229.568146 
275.356293 207.848877 
277.770660 185.674728 
280.092010 163.818420 
279.783356 140.465500 
119.367592 150.464035 
129.645859 136.526611 
147.856384 133.813675 
165.880280 136.389969 
183.850769 141.650940 
213.275085 137.964539 
229.211594 129.331528 
244.291077 121.640259 
260.947388 119.320229 
272.741669 128.687393 
200.691437 152.548721 
202.412415 169.401367 
204.172287 186.166809 
206.164139 203.379562 
187.079376 212.488174 
196.871506 213.871124 
207.121643 215.413605 
216.661804 211.312744 
225.346252 207.777130 
139.317291 162.222351 
149.041367 155.545853 
161.870285 154.148605 
173.388489 159.920837 
162.497955 163.582001 
149.930832 165.810852 
224.647720 153.057922 
235.029602 144.374893 
247.415741 142.996475 
257.245239 146.547302 
249.554794 152.296463 
237.370743 153.834854 
174.867523 243.941681 
188.246399 239.852615 
199.768173 236.002274 
208.455734 237.864716 
218.078262 234.315918 
229.654617 235.531418 
241.411270 236.060089 
231.778503 252.880371 
221.094925 261.043121 
210.528580 263.324585 
201.008759 263.175049 
188.750916 258.459930 
179.792892 244.504013 
200.346497 241.765869 
208.914673 242.172424 
218.835754 239.689285 
236.390518 238.473083 
219.628601 246.905624 
209.406570 249.920822 
200.635284 249.507462 
