68 2
109.244537 48.470402 
110.375153 64.263695 
112.622566 79.820641 
115.060074 95.166695 
120.233971 109.040596 
128.806458 121.205864 
139.727844 132.024124 
151.577576 141.039215 
166.392517 143.452362 
180.343246 140.366287 
191.697205 131.075821 
201.480194 120.415352 
208.846375 107.959656 
213.075058 94.357826 
215.727722 80.433380 
217.979355 67.051720 
219.317001 53.111893 
119.899940 37.545155 
126.237709 29.494822 
136.086807 26.402430 
146.532593 28.048626 
156.071548 31.984667 
183.187363 33.984543 
192.620255 31.397499 
201.689682 31.042704 
209.855545 34.786610 
214.669220 41.731026 
169.967346 46.592407 
170.098572 55.612396 
170.205780 64.466591 
170.341187 73.696266 
157.113464 82.711838 
163.069260 84.079437 
169.141907 85.603195 
174.870422 84.454887 
180.334122 83.752121 
130.876175 48.497177 
137.747421 44.988785 
145.693298 45.111755 
152.400879 49.459267 
145.254852 50.926922 
137.462372 51.065952 
184.354248 51.469475 
192.229034 48.053806 
199.687195 48.783653 
204.980042 52.744343 
199.288177 54.513885 
191.936584 53.695702 
145.393814 103.907097 
154.342834 98.617538 
163.209534 96.194794 
169.422546 97.670113 
175.592026 96.682663 
182.738724 100.101707 
188.165970 105.189415 
182.134293 114.993813 
174.992126 119.977715 
168.057861 121.514000 
161.166306 120.399323 
152.514954 115.126251 
149.638931 104.398918 
162.984207 101.781609 
169.141739 102.265968 
175.200577 101.911713 
184.263824 105.441116 
175.008759 110.958504 
168.438049 112.577950 
162.023895 111.158722 
