68 2
122.023857 89.243340 
124.886093 114.023842 
130.729874 138.518005 
137.111862 161.102280 
146.565552 181.776184 
159.979080 199.835602 
176.409744 214.260788 
194.233749 224.106506 
215.167267 225.084503 
234.894348 220.816971 
250.979523 207.399368 
265.350403 190.434387 
275.546814 171.031403 
282.396362 150.304718 
286.879944 129.931824 
290.503540 108.831329 
292.294617 87.024384 
129.370712 65.741684 
140.295105 51.345867 
159.200348 47.541428 
178.591919 51.905354 
196.717529 59.078632 
222.752670 60.847866 
240.128342 53.413681 
257.942322 48.639511 
276.205322 51.567955 
287.045746 64.722534 
209.950317 74.119576 
210.251602 88.451660 
210.647583 102.681999 
211.196487 117.632690 
192.610779 133.305145 
201.479492 135.870911 
210.733246 138.284515 
220.433563 135.907394 
229.156525 133.191986 
148.421844 80.158020 
158.442276 73.177994 
171.818420 73.096588 
183.820007 80.882492 
171.827332 84.244965 
158.344437 85.289955 
234.876953 80.510986 
246.659210 72.465950 
259.787231 73.114189 
269.111420 79.353111 
260.557404 83.855759 
247.505966 83.576172 
179.006195 170.132858 
192.392365 163.349365 
203.113358 159.640900 
211.291107 163.091309 
221.192108 160.052032 
233.160461 163.928421 
244.685471 168.947205 
233.720154 177.313965 
222.047516 181.790024 
211.548660 182.339371 
202.417145 181.206055 
191.544495 177.730682 
184.043488 170.121155 
202.567886 167.439072 
211.303909 169.108978 
222.092010 167.248596 
240.462891 169.355713 
222.267731 169.326569 
211.723404 170.365356 
202.842682 168.970657 
