68 2
173.052246 101.681282 
175.738159 115.291260 
179.812775 128.301147 
184.820953 140.726746 
190.930176 152.205902 
199.455872 161.533752 
211.277206 168.716980 
224.213593 172.784286 
237.403732 172.844940 
249.870743 168.372055 
261.136688 161.174072 
270.790894 152.448898 
277.755524 141.628693 
281.774506 129.118973 
283.324860 115.946358 
283.557251 102.377518 
282.677246 88.599503 
178.522003 80.853355 
184.985855 73.947723 
193.700958 70.420410 
204.306625 69.541252 
214.048340 71.728241 
232.960754 69.398750 
242.096298 65.316422 
252.249649 64.317680 
262.120697 65.863205 
269.832642 70.947960 
224.810806 82.677719 
224.988358 88.727898 
225.131531 94.908073 
225.321106 101.382309 
219.020157 113.811615 
223.481125 114.133018 
227.910049 114.095932 
232.537430 113.130157 
237.054825 111.910141 
191.982788 91.100861 
197.850479 86.674858 
205.392105 85.289703 
212.306519 88.701515 
206.236450 91.736282 
198.826370 93.010483 
240.072617 85.751404 
247.179749 80.977814 
254.367889 80.714134 
260.562653 84.131050 
255.155350 87.248085 
247.760910 87.541695 
213.612091 138.731689 
218.405701 129.962631 
224.451874 124.539658 
229.268616 124.692169 
234.416916 123.908516 
242.390213 128.292313 
249.607727 135.698242 
243.523026 141.615677 
236.673508 144.555466 
231.277161 145.462173 
226.139679 145.243134 
219.691788 142.878311 
216.970337 137.179901 
225.313431 130.150558 
229.926132 129.356079 
235.183563 129.634338 
246.051651 134.998474 
235.622208 137.532761 
230.267334 138.373672 
225.508606 138.147141 
