68 2
135.388977 109.005821 
135.813004 125.180458 
137.517776 141.821854 
141.731689 157.295715 
148.517517 171.995712 
158.024170 185.146042 
169.797668 196.723404 
182.193192 206.661774 
197.231476 210.074051 
212.317368 207.318542 
225.368454 199.006531 
237.058182 188.086349 
247.313171 174.579758 
255.400421 160.353195 
260.038696 144.736130 
262.290466 128.735001 
263.500671 112.091179 
148.450256 97.889252 
156.683884 91.751060 
167.342773 89.943878 
178.598190 91.285614 
188.600891 94.956070 
208.842514 94.621819 
219.416809 91.639656 
230.365967 90.727730 
241.191223 93.057594 
248.964050 99.468140 
198.138977 110.205902 
197.366028 121.032990 
196.729431 131.650330 
196.175049 142.324432 
183.867355 144.522781 
189.490402 147.558609 
196.277115 149.743958 
203.791199 147.731628 
210.492188 145.014450 
160.808289 111.472740 
167.641693 109.444000 
174.690155 109.237839 
181.227234 111.332626 
174.674332 113.107750 
167.709183 113.591347 
215.458435 111.651161 
222.884720 110.066315 
229.462708 110.738945 
235.349014 112.465782 
229.226807 114.213348 
222.441284 113.876221 
176.108948 161.084900 
182.797180 157.183899 
190.329391 155.053329 
197.105560 156.005219 
205.240311 155.744370 
213.522751 158.440491 
220.933807 163.147110 
212.861389 173.400696 
204.491867 178.906723 
196.069061 179.836258 
188.657043 178.123062 
181.844284 171.615204 
180.837723 161.332870 
190.111832 158.575760 
196.995117 159.123901 
205.321838 159.053406 
215.831726 162.896774 
205.323166 170.575363 
196.658615 171.747223 
189.391937 169.557144 
