68 2
147.849960 88.345345 
149.476822 101.623505 
152.279343 114.654877 
156.360046 126.984444 
161.627411 138.569031 
168.767548 149.412415 
178.072388 158.667221 
188.792068 165.599304 
201.853043 167.274506 
215.207031 164.756531 
226.329117 157.352478 
235.445419 147.766068 
242.171463 136.724274 
246.486221 124.639618 
248.895020 111.767204 
250.585510 98.448265 
251.191193 85.200043 
156.004135 73.332878 
162.731781 67.931183 
171.778091 66.695328 
181.037064 67.989441 
189.071716 71.683586 
207.894455 70.287529 
216.617859 67.353783 
225.464996 66.073685 
234.335175 67.122925 
240.876358 72.260361 
199.044556 81.275536 
199.260925 88.520538 
199.513947 95.854164 
199.838882 103.337807 
190.212173 111.699409 
194.878723 112.967850 
199.691193 113.888947 
204.823074 112.914932 
209.494431 111.576614 
165.976776 83.563911 
171.467316 79.703011 
178.665527 79.549011 
184.834137 83.601563 
178.520264 85.919884 
171.442215 86.407967 
212.800354 83.205750 
218.580994 78.716843 
225.471680 79.063309 
230.911865 82.719963 
226.043747 85.424660 
219.117691 85.379623 
183.000427 133.434875 
188.923157 127.530975 
194.067902 124.137016 
199.208817 125.262627 
205.030746 124.122475 
211.985535 127.785927 
218.055588 132.524643 
212.014099 137.201859 
205.504578 139.457947 
199.427444 140.374390 
193.874573 139.764053 
188.779922 137.566589 
186.035065 132.931076 
193.999695 129.328857 
199.449814 129.214920 
205.517654 129.278732 
215.193192 132.389893 
205.487808 132.049347 
199.286484 133.109482 
193.837952 132.468292 
