68 2
131.799133 130.869415 
133.132828 147.217072 
136.138443 163.137802 
139.005478 178.504700 
144.386459 192.744110 
153.868866 204.949524 
165.399872 215.415512 
178.504944 224.096039 
193.727234 226.667770 
207.863739 224.075363 
220.214417 215.077576 
231.156067 204.491028 
239.704041 191.860275 
244.715332 177.288086 
247.704834 162.211472 
250.893799 147.578644 
252.244308 132.350174 
142.224197 113.706451 
148.945206 105.466431 
159.192398 101.043930 
170.405441 101.649071 
180.549255 105.417847 
210.343307 105.885658 
220.313614 102.497391 
230.538162 102.095306 
239.906677 106.294067 
245.979660 113.725349 
195.343933 121.662804 
195.551453 132.024551 
195.736786 142.003662 
195.871552 152.218857 
185.394043 162.160919 
190.430038 163.528427 
195.394440 164.542297 
200.518631 163.524933 
205.208603 162.428207 
153.301941 126.190239 
160.599396 120.533394 
170.626190 120.621422 
178.869522 126.931549 
170.295303 129.367752 
160.603485 129.707306 
210.726334 127.771202 
219.373108 121.489883 
228.646057 121.825142 
235.085281 127.481049 
228.561523 130.552261 
219.446472 130.166428 
169.674744 184.758240 
178.942368 178.212677 
188.292603 174.447830 
195.475006 175.296814 
203.183212 175.116394 
211.500427 179.006561 
218.925385 184.798370 
210.916565 193.645691 
202.052628 197.676270 
194.196106 198.660690 
186.669968 197.518784 
177.898438 193.299545 
173.907990 184.575012 
188.017395 180.553528 
195.430481 180.177017 
203.326508 180.928848 
215.024277 184.872101 
202.758560 189.439697 
194.544983 190.417572 
187.190552 189.345703 
