68 2
143.056320 96.594841 
145.127777 109.933807 
147.631454 122.873955 
150.020203 135.783600 
154.557861 147.396103 
162.425964 157.168320 
171.812759 165.427414 
181.960922 172.314438 
194.240356 174.061890 
205.787857 171.240997 
215.597290 162.938965 
224.283905 153.609192 
230.566269 143.078796 
233.662704 131.504486 
235.590393 119.573242 
237.320145 107.780380 
238.345322 95.491180 
151.063538 91.058121 
156.706787 83.888672 
165.570999 80.803818 
175.169785 82.088531 
184.176529 85.208954 
203.816101 85.896698 
211.918884 83.028465 
220.027664 82.144257 
227.644745 84.579086 
232.490067 90.380745 
194.210373 96.398926 
194.406143 104.505753 
194.584717 112.386726 
194.868301 120.661674 
184.236633 127.384735 
189.310242 128.687286 
194.589523 129.776596 
199.370331 128.577209 
203.741562 127.474854 
162.064178 98.375458 
168.040024 95.877098 
174.670029 95.799728 
179.986160 99.302399 
174.172302 100.706512 
167.594086 100.857254 
206.299286 99.541061 
212.541077 96.233368 
218.887146 96.297134 
223.737289 98.856422 
219.019043 101.155724 
212.825424 101.032188 
175.294235 144.339340 
182.915253 141.138092 
189.870850 139.186096 
194.757843 140.340683 
199.773010 139.236969 
206.058105 141.282379 
211.585556 143.967346 
206.201416 151.065033 
200.110870 154.330261 
194.603943 155.438004 
189.282089 155.071701 
182.147934 152.054581 
178.753708 144.457153 
189.885513 142.809402 
194.702499 143.200104 
199.783539 142.669876 
208.657654 144.371552 
199.813583 147.792786 
194.547638 148.833054 
189.595398 148.217972 
