68 2
105.616241 90.089592 
105.812332 104.545609 
108.048836 119.314667 
111.449409 134.254547 
116.058136 148.459625 
123.728691 161.481415 
132.407440 173.262802 
143.322571 182.802704 
156.453323 185.648392 
169.104660 182.727478 
180.109573 173.993469 
190.012802 162.892487 
197.374786 150.000671 
202.649857 136.632294 
206.498611 122.940811 
209.690918 108.999344 
211.220688 94.814644 
115.440620 79.470039 
122.922699 71.778061 
133.888748 69.046967 
145.411972 70.666100 
155.036179 76.121498 
169.573105 76.200897 
179.923752 72.709694 
190.455780 72.694633 
200.234955 76.512848 
206.041946 84.477081 
161.636292 89.044769 
161.173035 99.407555 
160.701920 109.554016 
160.393860 119.962265 
149.826538 125.763931 
154.603867 127.357124 
159.450500 128.961014 
164.246078 127.885933 
168.640045 126.893990 
126.356850 88.354828 
132.985062 84.719131 
140.922256 85.651779 
146.519211 91.513611 
139.874451 92.488365 
132.274017 91.805817 
174.542603 92.988304 
181.383469 87.422874 
188.852646 87.705605 
194.305771 92.154831 
188.924606 94.772491 
181.803574 94.714157 
138.502518 148.622742 
145.380692 142.310608 
152.961365 138.922882 
158.174774 140.506607 
164.029312 139.586533 
171.050705 143.959503 
175.820755 150.327011 
170.678864 159.153168 
164.060608 164.008865 
157.742630 164.863098 
151.581573 163.528870 
144.815186 158.016022 
141.639145 148.838531 
152.498367 146.253815 
157.843796 146.862000 
163.882904 146.704529 
173.503464 150.117706 
164.206024 154.197571 
157.979980 155.458725 
152.364365 153.918884 
