68 2
135.092590 110.189537 
135.977936 126.286163 
138.046326 142.934265 
141.884033 158.281769 
148.656296 172.739502 
158.668625 185.624084 
170.693176 196.667175 
182.912735 206.874054 
197.311783 210.121338 
212.142181 207.283691 
225.354431 198.169968 
237.248047 187.140533 
247.505188 174.053024 
255.176483 159.632568 
259.692261 144.180237 
261.454254 127.964149 
262.529144 110.754791 
146.992966 101.353111 
155.318298 94.648384 
166.903793 93.145660 
178.847473 95.009651 
189.154221 99.542686 
205.720322 98.390816 
217.018738 95.287880 
228.594620 94.337006 
239.908066 96.910919 
247.960968 103.400787 
196.314194 112.749054 
195.560928 123.849258 
194.859344 134.896851 
194.384308 146.077316 
183.200653 149.369736 
188.841599 152.091766 
195.281281 153.832428 
201.956207 152.193298 
208.044342 150.395172 
160.123322 114.109184 
166.718353 112.485664 
173.471359 112.450478 
179.634048 114.463570 
173.270691 116.202446 
166.467453 116.463745 
213.507950 114.822479 
220.964874 113.261215 
227.699814 113.976509 
233.861954 115.594223 
227.503281 117.551727 
220.592010 117.180336 
175.790863 166.844406 
184.407059 164.559433 
192.098877 163.892029 
197.434113 165.443329 
203.980865 164.371521 
212.116425 165.878891 
219.497833 169.394363 
211.826462 178.499802 
203.244461 182.874390 
196.375092 183.170242 
190.247589 181.859360 
183.062958 176.402588 
180.063171 166.562744 
191.966660 167.165390 
197.316498 168.420929 
203.746887 167.685547 
214.978195 168.786072 
203.486420 174.601776 
196.585129 175.308884 
190.979782 173.572876 
