68 2
140.553024 105.568901 
141.001236 121.941772 
142.891159 137.794128 
143.686371 153.942352 
146.473434 169.810974 
153.555832 183.799957 
164.384079 195.815643 
178.189331 206.515518 
195.574860 210.505524 
212.230591 209.089569 
226.864899 200.756256 
238.713211 188.889053 
246.818359 174.585327 
251.147568 158.025604 
254.194305 141.478745 
257.457886 124.785492 
259.407104 108.687805 
146.699326 95.576881 
153.668167 84.638580 
166.380981 79.884071 
179.878479 81.031609 
192.219894 85.841568 
208.063339 86.651802 
221.111069 82.684990 
234.542648 82.384621 
246.980576 88.078911 
254.028320 98.980103 
200.154236 100.496063 
199.617599 110.600998 
198.943573 120.611977 
198.165344 131.163635 
186.448700 139.756729 
191.980606 142.340317 
197.676163 144.289078 
203.991043 142.964218 
209.591797 141.241394 
160.616150 102.211517 
167.649719 96.573944 
177.158875 97.128937 
184.185303 104.598885 
176.278564 106.918793 
166.962524 106.625397 
215.909210 105.833916 
224.154083 98.892387 
233.384689 99.224876 
239.886826 105.178436 
233.869705 109.063995 
224.789032 108.587570 
174.155350 167.657715 
182.917816 163.541946 
190.743866 160.914780 
195.553574 162.873489 
201.309738 161.430573 
210.007309 165.505997 
219.486694 170.934128 
210.434387 174.944885 
202.390457 175.400620 
196.109116 175.568176 
190.341156 175.067612 
182.812408 173.462677 
177.829697 168.162003 
190.384598 167.488037 
195.736328 167.973892 
201.693970 167.911057 
215.619553 170.758560 
202.029297 167.784744 
196.024704 168.186188 
190.625763 167.391403 
