68 2
167.280701 72.869354 
168.750092 89.144669 
171.890625 105.244423 
175.565536 120.519028 
180.964386 135.497940 
189.234787 148.729324 
200.144547 160.528305 
212.115906 169.774109 
226.150848 171.133499 
238.705841 167.595428 
248.737793 157.266769 
257.439911 144.466110 
264.347809 130.691589 
268.547241 116.262085 
270.995728 101.618904 
273.192596 86.611710 
274.019257 71.566010 
175.983521 74.087852 
184.204681 68.724060 
194.525177 67.639099 
205.089050 69.724174 
214.892502 73.248306 
234.556320 72.179771 
243.949646 67.526360 
253.863693 64.081444 
264.418854 63.916241 
271.744507 69.368988 
225.208282 80.997818 
225.352554 92.352463 
225.523621 103.728180 
225.618622 115.341415 
213.261475 118.658531 
219.259827 120.742279 
225.616562 122.673866 
231.830627 121.006172 
237.254532 119.049767 
187.253738 81.620514 
193.874557 78.645172 
202.064240 78.375847 
208.798599 82.555763 
202.052216 85.095772 
193.880554 85.595627 
239.273270 81.769684 
246.830734 77.007019 
254.564285 76.727852 
260.466522 79.563896 
255.397385 83.594475 
247.665741 83.909622 
204.743759 136.861038 
213.772034 136.308960 
220.853378 135.151016 
225.459747 136.630417 
230.730164 135.408127 
237.743240 137.040176 
245.647003 136.655151 
238.070450 144.500366 
231.461533 148.427185 
225.607040 149.325180 
220.279602 148.500656 
213.078201 143.943604 
208.616776 137.312378 
220.960434 138.126328 
225.517456 139.113800 
230.755203 138.355209 
241.824646 137.621490 
230.737488 139.948074 
225.401642 141.394943 
220.687714 139.946335 
