68 2
122.847565 104.171234 
122.509193 125.844521 
124.177490 146.332016 
127.341148 166.414597 
132.185394 186.784332 
139.465500 205.992218 
149.338928 222.469345 
161.203537 236.590164 
178.509186 241.719299 
197.515579 239.528870 
216.504654 230.682312 
234.735672 219.603973 
251.211731 205.747299 
263.532288 187.023407 
271.009125 165.684143 
276.732849 143.260849 
281.226288 120.031288 
122.411224 83.110916 
130.827850 74.124268 
144.238556 74.414764 
157.004883 79.276970 
168.945084 86.017967 
201.608719 87.514030 
218.505798 83.940201 
235.333908 81.397903 
252.283020 84.165283 
264.329132 94.318779 
182.005478 103.064064 
179.503860 116.320000 
176.541443 129.591522 
173.703079 143.093201 
162.644958 153.751007 
168.625183 157.609116 
175.719604 160.255341 
184.832245 158.531906 
193.823303 156.185074 
134.945221 101.202026 
143.320175 95.404648 
155.068420 96.431190 
164.599564 104.818993 
153.870178 107.214348 
142.035095 106.871231 
211.901657 107.813530 
222.903381 101.233093 
235.307297 102.622818 
244.949142 109.335136 
235.222549 113.243530 
222.981583 111.955635 
151.418457 186.804306 
159.293716 182.310120 
167.774719 179.490799 
174.336655 182.570374 
183.194229 180.788406 
194.810852 185.103241 
208.250427 190.881287 
195.149063 202.561905 
182.839096 206.970398 
173.438049 207.293640 
165.621338 205.725876 
157.865738 200.358780 
156.158951 188.177795 
167.411026 187.142883 
174.491470 188.811020 
183.837753 188.370331 
202.996704 191.608932 
183.408539 193.690598 
174.001770 194.509979 
166.829895 192.274384 
