68 2
113.046875 150.174011 
114.504242 163.037048 
117.520966 175.710007 
121.144859 187.800339 
126.105133 199.226837 
133.590103 208.996155 
144.116623 216.248840 
156.910339 220.803421 
170.997726 220.737442 
184.329681 217.758484 
196.043732 211.507141 
205.996399 203.621460 
212.962845 193.525070 
217.142395 181.681076 
219.341217 169.636322 
220.467529 157.448761 
220.154968 145.232224 
121.217354 133.403564 
127.044464 124.322319 
137.082672 119.830215 
148.636856 120.409698 
159.371719 123.678276 
173.758621 124.310966 
183.420761 120.136200 
193.414886 118.606430 
203.289368 121.159637 
210.045273 127.746185 
165.875488 134.150177 
165.747635 139.040543 
165.582657 144.008560 
165.628372 149.499084 
158.399002 163.466522 
162.590027 163.480652 
166.638412 163.580338 
170.862946 162.965332 
174.998672 162.267517 
132.298630 141.702728 
138.232788 137.226837 
145.460907 136.427780 
152.314163 139.951950 
145.966187 142.194794 
138.678284 143.280289 
179.638290 138.412567 
186.123505 133.857819 
193.150330 134.133224 
199.081436 137.719940 
193.699722 140.005005 
186.739105 140.079178 
150.417343 189.212677 
156.838318 180.076599 
163.840591 174.761093 
167.654022 175.563248 
171.842346 174.408905 
179.913635 179.083557 
187.213684 186.368866 
180.619492 192.032120 
173.499405 194.607422 
168.779129 195.203598 
164.467468 195.346146 
157.468277 194.161804 
153.578186 188.209732 
164.436707 180.879593 
168.065735 180.399384 
172.567688 180.377914 
183.995438 186.088730 
172.654236 187.508240 
168.028610 187.961441 
164.454865 188.267136 
