68 2
170.546204 111.593880 
170.920334 126.540962 
172.799850 140.501328 
175.616776 154.428284 
179.609207 168.078903 
185.954590 181.325958 
194.046677 193.936981 
204.412292 204.032684 
217.982605 206.867310 
230.882019 203.767761 
242.235626 194.160339 
252.201721 183.837830 
259.503906 171.425873 
264.809204 158.375488 
269.023560 145.361160 
272.843109 132.309509 
275.628540 118.650963 
177.232910 102.123695 
184.516541 93.237602 
195.611023 90.141212 
207.225449 91.911346 
217.563232 96.991203 
231.570206 97.231949 
242.404648 94.525879 
253.473221 94.639854 
263.847534 99.382576 
269.505005 108.037811 
224.079651 109.203987 
223.313751 119.249199 
222.501282 129.046844 
221.603104 139.228577 
211.470200 145.559158 
215.881424 146.582520 
220.496262 147.749725 
225.208908 147.298340 
229.719070 146.842041 
188.994217 108.575806 
195.350143 104.912575 
203.250107 105.742874 
208.907333 111.462227 
202.401718 112.500870 
194.868118 112.048584 
237.083328 113.388931 
244.121613 108.514908 
251.570099 109.124359 
256.886383 113.489296 
251.297607 115.746109 
244.368240 115.322510 
198.758347 165.861755 
205.023346 160.348984 
213.161072 157.414337 
218.678894 158.589035 
224.719315 158.289154 
232.255203 162.723282 
237.749649 168.231827 
231.571472 179.892761 
223.903809 186.232605 
217.111298 187.400040 
210.513199 185.576492 
203.427277 178.561539 
201.577011 165.941742 
212.624527 161.622711 
218.401230 162.032700 
224.512970 162.527115 
235.249969 168.341049 
224.332108 177.691406 
217.542664 178.972198 
211.321854 177.177185 
