68 2
134.215042 137.663223 
135.779388 154.586945 
138.582947 171.017288 
141.575470 187.372498 
147.300400 202.320251 
157.722809 215.165344 
170.379333 226.230408 
184.157318 235.657532 
200.090714 238.455841 
215.217087 234.912537 
227.605255 225.342987 
238.801590 213.568848 
247.805771 200.157532 
253.207413 185.178207 
256.191620 169.135193 
259.074158 153.421494 
260.272034 137.390747 
146.250793 121.926918 
153.488724 114.147598 
163.966293 110.648743 
174.875168 111.375641 
185.023331 114.884331 
216.188507 115.277153 
226.514099 111.628258 
236.840759 110.608231 
246.525848 114.157822 
253.374054 120.973907 
200.632996 131.836716 
201.044296 142.627731 
201.517273 153.252258 
202.002029 163.946075 
189.614456 172.783447 
195.357178 174.159332 
201.091049 175.624756 
206.840073 174.089172 
212.414139 172.784531 
156.856308 135.024231 
164.625397 129.888123 
174.414551 129.809631 
182.817795 135.810608 
174.327499 138.030762 
164.610794 138.465775 
216.762543 136.753418 
226.028870 130.809387 
235.230255 130.908844 
242.050598 135.776718 
235.424454 139.015610 
226.250427 138.759445 
171.393799 191.972107 
182.508530 187.399963 
192.791382 184.940308 
200.764023 186.064758 
209.057220 185.270767 
218.619507 188.002853 
227.351883 191.976242 
218.271027 202.641861 
208.790131 207.652985 
199.872849 208.863708 
191.324646 207.604111 
181.157669 202.597092 
175.226624 192.517807 
192.256958 190.578430 
200.686310 190.661270 
209.675659 190.801163 
223.892761 192.816360 
209.469269 199.061722 
200.055695 200.272049 
191.492447 199.278870 
