68 2
161.378860 94.746437 
162.655609 111.628311 
165.483841 128.435577 
170.161652 144.502930 
176.389618 159.820618 
184.998886 173.806427 
197.695480 184.745880 
212.632706 191.731125 
230.270508 193.450485 
248.209366 190.759659 
263.780396 183.295135 
276.328888 171.256668 
284.688416 156.779953 
289.989594 141.209045 
292.252014 125.298164 
293.399139 109.380043 
293.141724 93.162567 
169.512421 73.131897 
177.555435 64.341156 
189.523148 61.129585 
201.668076 62.109062 
212.515839 66.328293 
238.227615 64.980453 
249.861389 61.126900 
262.031372 60.792576 
273.467041 64.262939 
281.248779 72.512383 
226.566467 77.513542 
226.862488 85.751343 
227.167542 93.947853 
227.478333 102.503609 
215.267410 116.207069 
221.320404 117.377823 
227.582596 118.432632 
234.276535 117.472694 
240.518768 116.480675 
183.904602 83.566391 
190.593109 78.333282 
199.185120 77.944244 
207.597763 83.123085 
199.567505 84.988579 
190.986908 85.728966 
244.766876 82.792587 
253.023163 77.495026 
261.208984 78.081512 
267.519897 82.817688 
261.273895 84.809700 
253.039474 84.390533 
205.725159 145.721512 
213.097916 136.824646 
221.006439 131.889465 
227.188339 133.246948 
234.414124 131.864365 
243.681427 137.128937 
252.087952 144.312149 
243.597763 150.718750 
235.058350 153.534515 
227.769836 154.431213 
221.047043 153.774414 
213.504929 151.147110 
210.428299 144.800049 
221.200638 139.178391 
227.371490 139.063904 
234.708115 139.173035 
247.747391 143.878891 
234.890518 143.319931 
227.643387 144.401260 
221.401611 143.710983 
