68 2
108.813110 109.471771 
109.505394 121.314888 
111.358238 132.730209 
114.596626 143.613937 
119.253265 153.672180 
125.770561 162.443604 
134.785095 169.303589 
145.467239 174.252884 
157.659073 175.091980 
169.243469 172.460144 
179.286270 167.029114 
187.897446 159.797012 
194.145187 151.060089 
198.622803 140.865295 
201.122787 129.664108 
202.109039 118.525078 
202.311920 107.085297 
116.571869 92.968834 
121.873222 86.486404 
129.771011 83.397858 
138.856262 83.234779 
147.115936 85.418228 
162.502899 85.081589 
170.495804 82.249969 
179.261368 81.966248 
187.484894 84.667831 
193.710312 90.625061 
154.178894 94.661934 
154.133179 98.685898 
153.982452 102.599236 
153.963120 107.027252 
146.577393 119.056168 
150.608994 119.408325 
154.534653 119.544868 
158.751938 119.129990 
162.718201 118.414955 
125.950600 101.314941 
130.706696 97.697205 
136.692902 97.067078 
142.486328 99.968597 
137.188278 101.579559 
131.223801 102.394981 
166.939148 99.258171 
172.820694 95.844421 
178.688431 96.131134 
183.507141 99.336998 
178.598160 100.900505 
172.756012 100.669739 
138.876770 141.715805 
144.582932 133.770477 
150.876358 129.097519 
155.311935 129.338196 
159.960876 128.991760 
166.439377 133.228302 
171.523193 140.418243 
166.192963 145.360870 
160.152390 147.528305 
155.264633 148.291748 
150.555908 147.862183 
144.729538 146.069305 
142.288025 140.561203 
151.063782 134.233124 
155.476929 133.392517 
160.259842 134.083511 
168.455734 139.781708 
160.118057 142.175217 
155.091949 142.967590 
150.741699 142.506271 
