68 2
129.255829 107.630783 
128.829498 122.770859 
129.490875 137.977158 
131.107361 152.933243 
135.424088 167.021866 
141.902283 179.974365 
151.013321 191.424423 
161.987854 199.906464 
174.836792 202.443878 
188.085770 200.701263 
199.807999 192.950226 
210.573059 183.774017 
219.825943 172.489532 
226.972672 159.521408 
230.949921 145.973648 
233.349792 131.080338 
235.074890 115.856636 
136.433350 103.200813 
143.944626 97.085587 
154.681671 97.304260 
165.125931 101.015137 
174.667450 106.379082 
189.058319 106.501381 
199.221924 102.071495 
210.095886 99.750237 
220.858429 100.853134 
227.484665 108.088165 
181.330017 113.585205 
180.344437 124.251587 
179.327118 135.017410 
178.444550 146.029480 
166.754593 147.915466 
171.976578 150.444153 
177.795959 152.432755 
184.193192 151.138535 
190.009247 149.288864 
147.663574 112.884804 
153.527771 111.582802 
160.082336 111.721809 
166.086761 113.879723 
159.932510 115.036743 
153.397720 115.113319 
195.526672 115.444092 
202.139526 113.904503 
208.472397 114.368530 
213.786057 116.156830 
208.372574 117.861275 
202.114471 117.328156 
158.423767 165.637390 
164.767303 162.641754 
171.320282 161.610397 
175.931137 163.329742 
181.709351 162.614594 
188.607864 164.894073 
194.617981 168.329636 
187.533554 175.881973 
180.138763 178.674011 
174.187607 178.621414 
169.007538 177.644882 
162.929520 173.775818 
161.782776 165.697830 
171.046204 164.280945 
175.787659 165.281570 
181.565216 165.069702 
191.260559 168.214676 
180.959595 170.981659 
175.061584 171.363220 
170.185562 170.254517 
