68 2
167.444260 109.550064 
168.569534 122.400269 
170.383926 135.021332 
171.930954 147.758621 
175.808701 159.480057 
182.648087 169.702347 
191.236984 178.492264 
201.019455 186.116226 
212.846024 188.137634 
224.213501 186.299072 
234.294617 179.253052 
243.226990 170.965424 
250.478516 161.058273 
255.023468 149.748428 
258.084595 137.780182 
260.813599 125.735992 
262.880981 113.487366 
174.247284 101.979042 
180.255310 95.278709 
189.172791 93.160370 
198.562622 95.200363 
207.096771 99.206711 
224.713120 100.595726 
233.266983 97.765488 
241.825623 96.896919 
249.842285 99.743019 
255.319885 105.805664 
215.458374 109.639862 
215.013382 118.103668 
214.566971 126.471138 
214.085327 135.184021 
203.846649 140.757248 
208.527618 142.461502 
213.540451 144.067734 
218.608261 142.920227 
223.267227 141.863785 
183.702209 110.445877 
189.698914 107.726318 
196.747711 108.140472 
202.284866 112.134201 
196.074707 113.500252 
189.128479 113.372917 
227.471008 113.822495 
234.138840 110.443756 
240.863113 111.008423 
245.913254 114.079193 
240.812469 116.207970 
234.227478 115.736641 
194.752396 156.449112 
202.470871 153.804382 
209.101303 152.259232 
213.846634 153.571533 
218.957703 152.771210 
225.002258 155.048096 
231.188049 157.803406 
224.632919 164.543228 
218.392548 167.405487 
212.907394 168.229431 
207.679352 167.642883 
201.149353 164.617737 
198.117737 156.968262 
208.888153 155.656250 
213.585342 156.320541 
218.825851 156.127182 
227.789551 158.038467 
218.389481 160.837524 
212.993484 161.596832 
208.105682 160.889359 
