68 2
133.558533 109.957390 
135.010361 122.538193 
137.357056 135.046799 
140.100266 147.224884 
144.968811 158.653244 
152.384521 168.481293 
161.077896 176.425735 
170.845627 182.751038 
182.124344 184.403961 
192.605576 181.377914 
201.977646 174.024170 
210.260757 165.323425 
216.293655 155.321091 
219.669708 143.997528 
221.866043 133.183029 
223.530655 121.706436 
224.571091 110.179688 
142.398621 102.698395 
149.635544 97.652832 
158.449570 96.683426 
167.349213 98.412094 
175.444473 102.372063 
190.906372 102.340729 
198.142853 98.638298 
205.782135 96.812347 
213.468765 98.088066 
218.484207 102.902847 
183.917404 112.221863 
183.978699 119.672279 
184.027817 126.945137 
183.979095 134.468216 
174.181564 139.977356 
178.593552 140.987656 
182.874298 142.001633 
186.865997 141.632141 
190.646545 141.220963 
154.812775 111.223724 
159.795181 108.392303 
165.557587 108.809517 
169.789948 113.164032 
165.285385 114.092651 
159.392746 113.933746 
194.584183 114.018036 
198.986359 109.489326 
204.842834 109.424698 
209.224442 112.682365 
205.395905 115.226700 
199.803955 115.438339 
166.702698 156.458481 
171.639450 151.962952 
177.440002 149.980087 
180.995407 151.211227 
184.741699 150.477081 
189.566101 153.137299 
193.984970 156.951050 
189.595901 163.506531 
185.038849 166.526184 
180.857117 167.342606 
176.533997 166.737015 
171.126297 163.426468 
169.808060 156.072800 
177.286560 154.944626 
181.004364 155.624634 
184.434097 155.459259 
190.743958 156.863770 
184.522659 159.152740 
180.835587 160.212372 
176.884628 159.347275 
