68 2
162.616287 108.154053 
163.362976 125.489777 
165.943604 142.897705 
169.685883 159.886200 
175.530411 175.981766 
184.430893 190.057343 
195.914307 201.249771 
209.243790 210.148254 
225.799164 212.684341 
241.743896 209.308945 
254.997742 199.717590 
266.121490 187.848618 
274.721466 174.175400 
279.698334 158.833450 
282.544464 143.004974 
285.010773 126.984100 
286.357697 110.502502 
170.600128 98.824188 
178.873962 90.520203 
191.025375 89.007217 
203.342148 91.343666 
214.122269 96.850113 
239.466522 97.042999 
251.040253 92.896599 
262.555786 91.520569 
273.621704 93.872292 
280.479828 102.167519 
227.537262 110.172638 
227.437286 117.993271 
227.222595 125.981201 
227.164673 134.469696 
214.159653 144.988373 
220.407440 146.482361 
226.596512 147.644043 
232.373352 146.805710 
237.901505 145.735535 
184.780457 110.439293 
192.316971 106.859398 
200.879089 107.515877 
208.512634 112.353607 
200.571564 113.537689 
192.038513 113.550537 
244.264267 113.732170 
252.830597 109.439720 
261.037201 109.754204 
267.273743 113.637260 
261.065430 116.092133 
252.697617 115.579018 
201.184875 169.607635 
210.490112 163.647522 
219.918427 160.832657 
225.503876 162.900757 
231.801407 161.371140 
240.298370 164.937424 
248.385437 170.781326 
240.570938 178.322968 
232.381653 181.812561 
225.355255 182.607071 
218.769592 181.929062 
209.590988 178.078506 
204.448593 169.467606 
219.550797 165.786331 
225.369247 166.475754 
232.022217 165.928635 
245.019073 170.814911 
232.207840 174.124985 
225.370010 175.272690 
219.172195 174.370956 
