68 2
180.526794 70.301941 
182.239090 84.826111 
185.454285 99.180237 
188.886414 112.758476 
194.298752 125.636963 
202.535538 136.830444 
212.983521 146.907852 
224.023193 155.130646 
236.887421 156.178802 
248.129425 153.204529 
256.548218 143.998108 
263.616150 132.452621 
269.638794 119.944160 
273.077698 107.172523 
274.917114 94.225319 
276.572571 81.014366 
276.568573 67.924904 
188.690460 74.099510 
196.622772 70.173195 
205.829376 69.275734 
214.896027 70.783318 
223.312546 73.557526 
241.848465 72.274818 
250.260712 68.344254 
258.701721 65.904610 
267.278778 66.332115 
273.331604 70.438766 
233.385956 79.586250 
233.864685 90.405975 
234.398743 101.339798 
234.974442 112.322884 
223.972336 113.390884 
229.129364 115.779457 
234.634705 118.112900 
240.173889 115.844887 
244.831818 113.348999 
199.632187 79.946487 
205.493790 77.115387 
213.042389 76.851891 
218.869827 80.795097 
212.878769 83.212044 
205.338608 83.637718 
245.545227 79.619759 
252.245392 75.276398 
259.228699 74.823586 
264.338409 77.322182 
260.201660 81.396736 
253.132019 81.727341 
215.577667 128.020966 
223.823685 127.805244 
230.089920 127.643623 
234.421814 128.814316 
239.790359 127.496407 
245.897766 127.931290 
252.723145 127.204033 
246.640076 133.366516 
240.827332 136.089005 
235.096848 136.669617 
230.241348 136.310287 
223.492264 133.517532 
218.826385 128.572876 
230.418777 129.674835 
234.748505 130.668930 
240.076691 129.599518 
249.402664 128.122040 
240.140137 129.269012 
234.809875 130.226257 
230.392273 129.544830 
