68 2
151.632675 80.192436 
153.406448 93.040031 
155.657410 105.454140 
158.187515 117.725883 
162.858093 128.661804 
170.605316 137.956680 
180.392273 145.383728 
191.056580 151.608902 
203.367004 153.068298 
214.784973 150.676575 
223.787735 142.948669 
231.854599 134.440735 
237.492783 125.036850 
240.437042 114.151382 
242.199387 102.611847 
243.671600 91.613670 
244.467743 80.173737 
162.238235 70.051682 
167.649002 62.958199 
176.320724 59.515095 
185.438416 60.650650 
193.845886 64.092850 
215.000214 65.366882 
222.492065 62.664654 
229.767517 62.123283 
236.333221 64.783318 
240.045822 70.575905 
205.445419 75.770409 
205.870468 82.679482 
206.343079 89.275635 
206.825729 96.405693 
196.084595 105.160187 
200.963196 105.994835 
205.951477 106.840858 
210.115280 106.111923 
214.195374 105.448036 
172.720474 78.431908 
178.527527 75.814606 
184.959045 75.695877 
190.510300 78.854271 
184.777023 80.225266 
178.368088 80.540390 
216.011337 79.759018 
222.147247 76.985001 
228.237366 77.487831 
232.635498 80.283539 
228.022385 81.856895 
222.103485 81.383087 
186.037323 123.479439 
193.996292 118.725014 
201.466858 116.470268 
206.157578 117.599800 
210.834122 116.534882 
216.437988 118.978813 
220.832458 123.144600 
216.250717 129.556610 
210.769562 132.675293 
205.840637 133.602554 
200.716904 133.324799 
193.334534 130.639450 
189.309082 123.257095 
201.345947 120.732773 
206.008865 120.958443 
210.598816 120.619125 
218.139954 123.058037 
210.607758 126.220001 
205.880371 127.139839 
201.083176 126.549896 
