68 2
136.799332 65.185860 
138.911072 89.737885 
144.249496 113.742950 
150.210342 136.486725 
158.157379 158.313370 
168.549179 178.726395 
180.831223 197.021790 
196.338074 211.133667 
217.520416 214.730255 
238.093750 211.876114 
255.002304 198.276749 
270.041138 180.357849 
281.693115 160.228470 
290.346069 138.742981 
296.604858 115.330757 
300.164337 91.405518 
301.625885 67.269150 
140.356277 49.305531 
150.790176 38.423347 
167.614029 38.821053 
183.327103 44.735264 
198.654526 52.346134 
229.966965 53.488953 
247.021271 47.266056 
263.564240 41.528618 
281.044464 41.620132 
292.867310 52.292347 
213.364090 66.743950 
212.987320 82.681435 
212.323059 98.779160 
211.767776 114.988823 
195.583130 123.554199 
203.746841 127.160362 
212.578049 130.299988 
222.482147 127.486382 
231.738708 124.519371 
157.610291 67.647903 
167.106995 62.529095 
179.812668 62.404678 
189.907669 69.490921 
179.357742 72.963860 
166.921478 73.551575 
241.721161 70.669060 
252.706512 64.686043 
265.097839 65.152206 
274.103851 70.095039 
265.525574 75.439789 
253.509766 74.803703 
184.891296 156.677841 
195.174377 153.236267 
204.619934 150.997742 
212.201920 154.070374 
221.379639 151.716660 
231.964676 154.314484 
241.719894 157.864120 
232.637558 169.787537 
222.375031 175.433594 
212.537689 176.469894 
203.879623 174.681458 
194.639130 169.368225 
190.049591 158.366562 
204.446014 159.398560 
212.708359 161.301514 
222.293488 159.797852 
236.933044 159.314026 
222.279739 160.608704 
212.618790 162.325989 
204.253189 160.055023 
