68 2
115.337120 74.713921 
115.471611 88.388428 
117.464630 102.248840 
120.133545 115.849403 
124.446480 129.394180 
130.657471 141.548706 
138.426178 152.417953 
148.476883 160.598877 
161.836014 162.120728 
175.508240 159.479996 
187.458282 151.786774 
196.819016 141.552170 
204.403366 129.983124 
209.644241 116.286949 
212.426376 102.451851 
214.561920 87.998734 
215.161926 73.419037 
118.459282 60.884521 
123.955482 55.106674 
132.302902 53.739803 
140.868240 54.647495 
148.617371 57.968155 
170.638535 56.521049 
179.321671 52.833939 
188.334167 51.797867 
197.084976 53.317360 
203.552032 58.366924 
159.217300 67.072739 
158.712997 77.779266 
158.134567 88.527550 
157.494110 99.632927 
146.898132 102.878014 
151.853424 105.944664 
157.680511 108.313850 
164.588654 105.648033 
170.515701 102.853897 
128.092270 69.665482 
133.558182 65.562737 
141.049515 65.702240 
146.763046 70.614845 
140.487244 72.586472 
133.204941 72.738838 
174.151932 70.232483 
181.231171 64.930969 
188.700439 64.726028 
193.962799 68.841141 
189.251953 72.128487 
181.834137 72.193069 
140.601212 125.913612 
146.917328 122.636963 
153.920059 120.125542 
158.613556 120.670357 
164.378067 119.840591 
172.361847 121.963585 
180.837799 124.476593 
173.121460 130.833664 
165.270935 133.701111 
159.426682 134.610184 
154.078583 134.287262 
147.029800 131.693710 
144.579834 125.800308 
154.348450 124.646309 
159.137756 124.179688 
164.442688 124.141655 
176.593323 124.744049 
164.604111 126.550743 
159.168274 127.483658 
154.384796 127.187416 
