68 2
169.412766 88.417450 
170.316956 101.562141 
173.276611 114.154907 
176.844101 126.378624 
181.220398 138.133850 
188.039047 148.455994 
196.551575 157.522217 
207.197174 164.621597 
218.979919 166.049423 
229.902771 163.671448 
238.878098 156.341385 
246.897644 147.572495 
253.203674 136.986893 
257.208466 125.432671 
260.237823 114.017052 
262.401855 101.864014 
263.259399 89.045219 
177.541992 77.280441 
184.267319 71.116791 
193.417419 68.925980 
203.207825 70.403687 
212.011612 74.467247 
223.823807 74.350014 
233.106201 70.855713 
242.612381 69.468750 
251.826965 71.972725 
257.605225 78.644302 
217.875793 84.802032 
217.889008 93.395050 
217.892517 101.834778 
217.944565 110.586876 
209.983566 118.126495 
213.940430 119.072968 
218.052429 119.856026 
222.133423 119.037109 
225.848648 118.139038 
187.375305 85.566750 
193.015686 81.819489 
200.148819 82.072784 
205.503845 87.344162 
199.578827 88.611343 
192.648209 88.554962 
230.002716 87.278580 
235.736877 82.190063 
242.410461 82.063850 
247.495468 85.875946 
243.108780 88.590904 
236.533417 88.727844 
204.634384 138.601517 
209.630585 133.511047 
214.869308 130.099335 
218.057465 131.149170 
221.302292 130.330505 
226.368896 134.200363 
231.157822 138.489197 
226.374405 143.817108 
221.842606 146.697433 
218.314438 147.290756 
214.596069 146.411316 
209.687424 143.299515 
208.066391 138.008911 
215.082275 135.103043 
218.076736 135.419006 
221.115021 135.262253 
228.210907 138.127197 
221.264130 138.536423 
218.205612 139.381424 
215.065140 138.415527 
