68 2
134.324844 146.543030 
133.820694 163.898499 
134.496109 181.297760 
136.105286 198.640686 
140.867523 214.804611 
149.194992 228.842041 
160.903351 240.600403 
173.974457 249.648621 
188.849777 252.425461 
203.250687 250.116837 
215.886703 242.340439 
228.005554 233.132385 
238.064728 221.362610 
245.201584 207.206406 
249.606125 192.002518 
252.770447 175.515228 
255.372345 158.483475 
141.481934 143.731537 
150.103943 135.650085 
162.598129 134.876419 
175.162827 137.562546 
186.587830 142.616608 
203.955521 142.898865 
216.203934 139.386841 
228.736008 138.316971 
240.991104 141.447525 
248.550461 150.539032 
195.085556 153.336975 
194.178223 165.174469 
193.243683 177.113800 
192.372711 189.403397 
178.362686 192.667740 
184.580124 194.949844 
191.122604 196.822693 
197.689362 195.757217 
204.029007 194.344788 
155.693085 151.738312 
162.562317 148.242645 
170.851639 149.274979 
176.687653 155.058777 
169.714569 156.347107 
161.480286 155.685333 
211.269409 157.254364 
218.645966 152.137741 
227.173187 152.870697 
233.368347 157.285858 
227.027878 160.178864 
218.815369 159.672668 
168.486023 214.880844 
175.149155 209.910660 
182.882858 207.550430 
188.639923 209.466248 
195.383972 208.465469 
202.968414 212.232040 
209.631882 217.702194 
202.552094 226.109436 
194.637451 229.671005 
187.601135 230.139786 
181.067505 228.635040 
173.757324 223.845093 
172.714325 214.777832 
182.604843 211.574982 
188.517853 212.645569 
195.275742 212.393829 
205.540222 217.345993 
195.138840 220.483780 
188.082870 221.242004 
181.799911 219.530884 
