68 2
135.848679 121.159859 
137.705185 141.093781 
141.184341 160.382858 
145.854111 178.913498 
153.367889 196.216782 
163.645264 212.512924 
176.684189 226.035706 
191.917786 235.867569 
209.007141 238.009796 
224.753448 233.909729 
236.911728 222.844543 
246.901398 208.391830 
254.380234 192.585602 
259.686646 176.217621 
263.635376 159.243011 
266.800781 142.063751 
268.388184 123.683800 
145.051498 117.809242 
156.227173 110.333755 
170.268631 109.680130 
183.845139 113.212189 
196.001175 119.457855 
222.785645 120.061562 
234.991074 114.942719 
247.185471 112.078583 
259.264496 112.515411 
266.419159 120.848358 
210.927872 132.384781 
211.414932 142.563736 
211.927094 152.876648 
212.451279 163.458984 
197.022034 172.063156 
203.572021 173.640686 
210.246170 175.341599 
216.228577 174.128799 
221.737274 172.590790 
162.156036 130.488464 
170.437820 126.617950 
179.835556 127.383339 
188.030853 133.196823 
179.288452 134.414276 
169.826187 134.059723 
227.643066 134.343475 
236.511856 128.868713 
245.165115 128.782990 
251.728790 132.495422 
245.465363 136.090454 
236.698425 136.036713 
181.863007 195.707214 
192.498688 191.507080 
202.520386 189.700760 
208.280701 191.525558 
214.988190 189.848541 
223.227570 192.503494 
230.430252 197.010468 
223.425751 205.696960 
215.618179 209.919479 
208.526001 211.242325 
201.759460 210.393097 
191.775940 205.618576 
185.879700 196.051819 
202.320190 194.550385 
208.374161 195.362686 
215.174545 194.394226 
227.539856 197.364319 
215.509766 200.823868 
208.791733 202.239395 
202.490784 201.254333 
