68 2
115.731659 48.433479 
115.881805 67.044655 
117.251869 85.729858 
121.501251 102.884239 
128.542480 119.479546 
137.216095 135.139923 
148.049088 149.500214 
160.713303 160.960312 
176.140488 165.715912 
192.840607 162.486267 
207.471329 152.446472 
220.696442 139.831955 
232.432648 125.685478 
242.344269 109.735062 
247.430771 91.587486 
250.112686 72.697250 
251.662537 53.044399 
126.839424 39.443516 
135.224869 31.161207 
146.953934 29.138859 
159.719208 30.754734 
170.232819 35.810406 
192.605042 35.067215 
204.557922 30.931797 
217.287659 30.668261 
229.446213 33.501236 
236.735077 41.355221 
180.684021 52.122055 
179.354324 65.059258 
177.976013 77.971817 
176.598129 90.851585 
164.052811 90.732079 
169.873672 94.955536 
177.148697 97.720139 
185.336258 95.064850 
192.667038 91.528557 
141.301071 53.787247 
148.285263 51.076447 
156.084457 51.206982 
163.533310 53.921249 
155.978973 56.021446 
148.364380 56.225594 
199.130585 54.644085 
206.874664 52.381416 
214.551392 53.005268 
221.229111 55.548264 
214.146378 57.604755 
206.662491 57.163872 
155.394577 112.217339 
161.050201 107.356537 
168.883636 104.260521 
177.275192 104.374741 
187.442657 104.440338 
196.004562 107.614326 
202.498047 113.740005 
195.472839 126.650719 
187.020416 134.546204 
176.678009 136.459198 
167.371063 134.508316 
159.867218 126.298882 
159.959656 112.402992 
168.760315 107.969406 
177.407639 107.536453 
187.921997 108.206932 
197.488297 113.521278 
187.858337 126.108849 
176.934952 128.412384 
167.782150 125.750282 
