68 2
134.431473 160.340027 
136.182693 177.318481 
139.289108 194.120804 
142.735245 210.376999 
149.409454 224.826019 
160.448135 236.817245 
173.610199 246.438751 
188.703415 254.554993 
204.817917 256.555176 
219.338409 253.410477 
231.706268 244.765594 
242.823410 234.198349 
251.682404 221.870728 
256.802521 207.721771 
259.347290 191.697495 
261.615570 175.954132 
262.032227 159.936523 
146.579865 138.955994 
153.942825 130.741913 
164.893845 125.488731 
176.536880 125.598389 
187.054993 129.372665 
220.164352 129.083176 
230.266769 124.906563 
240.593918 124.646294 
249.788895 128.709900 
255.899521 135.704941 
204.401520 147.144882 
205.133911 157.683884 
205.915680 167.985840 
206.633942 178.248245 
194.261169 189.573318 
199.898193 191.027176 
205.667419 192.045181 
211.065582 190.861801 
216.034348 189.250580 
159.320923 153.189484 
166.483093 147.563812 
176.383896 147.277130 
185.383057 152.971069 
176.650940 155.677368 
167.034088 156.530045 
220.335358 152.774780 
228.998596 147.122986 
238.520203 147.324036 
245.229141 152.541916 
238.632538 155.818420 
229.426514 155.473083 
177.117889 213.322891 
187.439514 207.345703 
197.355499 203.511826 
205.478714 204.037521 
213.459656 203.448380 
222.065598 207.167831 
230.043533 212.471161 
221.908020 218.709641 
213.457687 222.205627 
205.419540 223.678436 
196.933777 222.993835 
187.240372 219.695923 
182.049988 213.252136 
197.396591 210.396362 
205.652771 209.913773 
214.104126 210.118469 
225.718796 212.610672 
213.992905 213.440002 
205.440674 215.122025 
197.137695 214.550125 
