68 2
79.506821 114.519165 
77.424721 130.229324 
77.193146 145.998108 
78.281197 161.348038 
80.208817 176.919998 
85.093872 191.674850 
93.445969 205.120285 
104.146210 216.866119 
118.245117 222.147995 
134.000778 223.720444 
150.182983 219.978592 
165.677048 212.344910 
178.399109 200.861664 
187.607010 186.280930 
193.697342 170.169281 
198.847794 153.012360 
203.246414 134.924240 
89.530983 106.399971 
98.147774 104.380272 
107.281563 107.556244 
115.697998 112.052483 
123.616806 117.090225 
144.666016 119.171234 
156.348083 117.265732 
167.733246 116.337700 
179.447403 117.511543 
189.222977 122.372887 
132.067902 131.325089 
129.080963 143.234482 
125.924385 155.290466 
122.754585 167.225372 
112.699249 167.809601 
117.632324 171.957611 
123.219322 175.251389 
130.468597 174.126160 
137.080566 172.838181 
99.207520 124.610870 
106.097641 123.063736 
113.950890 124.758896 
119.120148 130.303391 
111.816444 131.173935 
104.260223 129.507294 
149.940369 135.586792 
157.269440 132.315598 
165.237473 132.939590 
171.607971 136.665039 
164.985138 139.669250 
157.490463 138.890564 
102.097290 182.928772 
109.593819 183.882309 
116.609146 184.574371 
121.288383 187.289474 
127.537567 187.137466 
136.433838 189.794647 
147.043274 192.050247 
135.953964 197.393616 
126.476357 198.742050 
119.855873 197.715271 
114.208847 195.400879 
108.327141 190.442947 
105.452621 184.668381 
115.473663 188.369446 
120.780602 190.404404 
127.238091 191.152924 
143.204269 192.386215 
127.432724 191.211655 
121.097466 190.247528 
115.525185 188.019409 
