68 2
118.616493 109.158249 
119.482422 125.041992 
121.951874 141.367645 
126.403564 156.074326 
133.535980 170.256088 
142.983276 182.980331 
154.365997 194.351273 
166.571640 203.977127 
181.133560 207.095993 
196.085892 203.975082 
209.107483 194.783630 
220.709488 183.274475 
230.292786 169.559219 
237.401306 154.721451 
240.837097 139.017441 
242.646133 123.252739 
243.386642 107.107979 
131.009323 97.584641 
138.991272 90.984039 
149.636841 88.707542 
160.894379 89.585297 
170.665695 93.522667 
190.168030 91.840904 
200.432999 88.280441 
211.083313 87.428833 
221.778275 89.501717 
229.621719 95.310684 
179.774170 107.304726 
179.189758 118.093224 
178.676025 128.742783 
178.228806 139.493042 
166.471741 141.652725 
172.070755 144.280212 
178.560654 146.181366 
185.645416 144.158173 
192.073471 141.886230 
143.889343 110.238068 
150.414276 108.054871 
157.266663 107.646706 
163.623123 109.818565 
157.369141 111.744873 
150.523621 112.365059 
196.742004 108.808350 
203.764038 106.881844 
210.265198 107.247101 
216.041809 108.900246 
210.172256 110.967590 
203.618240 110.870583 
160.182663 159.542374 
165.714752 154.771790 
172.485733 151.586472 
179.530640 151.952530 
187.796524 151.690460 
195.588242 155.118179 
202.023392 160.434814 
195.099869 170.283386 
187.642715 176.006317 
179.286530 177.374969 
171.793121 175.936981 
165.347107 169.610580 
165.211319 159.480728 
172.902527 156.197800 
179.745071 156.244934 
187.918152 156.398575 
196.888931 160.117523 
187.852737 167.163589 
179.494080 168.657394 
172.371262 166.688171 
