68 2
99.167633 95.509705 
99.838684 120.605804 
102.926437 144.430481 
108.554283 168.699738 
116.075714 192.411438 
128.402100 213.632324 
147.304428 230.747986 
169.256424 241.842102 
194.547150 244.812073 
221.499756 241.157410 
245.593689 230.887070 
264.886963 214.410095 
278.217651 192.328339 
286.739777 168.276581 
291.996155 144.704086 
295.358276 119.910751 
296.635376 95.579010 
116.725449 63.817757 
127.667686 51.368351 
144.376984 46.201984 
162.419815 47.629082 
179.019897 53.623276 
212.313705 51.795124 
229.943390 46.390224 
247.941727 45.492542 
265.237732 49.876236 
277.408569 61.030293 
196.960510 73.753998 
196.313843 87.589630 
195.621780 101.270042 
194.838486 115.813690 
177.121170 134.675537 
185.883011 138.253906 
195.261139 140.727921 
205.001770 138.392746 
213.825195 135.053741 
136.934448 86.473846 
148.135971 82.244179 
159.833969 80.994591 
171.845703 83.612137 
159.762909 85.326202 
148.458359 86.654152 
223.608765 82.439468 
236.369980 79.689102 
247.865402 80.234024 
258.209625 83.983192 
247.460876 84.154602 
236.165741 83.669899 
157.723785 175.077820 
171.783401 164.260025 
185.525406 158.587372 
195.395905 160.329773 
205.809631 158.170105 
220.989716 164.104294 
235.272537 173.173050 
221.379913 186.181931 
207.147644 192.307907 
196.052765 193.844345 
185.367615 192.828918 
171.544678 187.522751 
163.658066 174.800232 
185.485397 166.079041 
195.504822 166.607605 
206.655655 165.716278 
229.594650 173.536484 
206.488983 179.846298 
195.235809 181.145264 
184.823730 180.895889 
