68 2
86.207428 107.062271 
86.781380 125.755127 
88.701332 143.365936 
91.468124 161.664322 
96.474503 178.673279 
103.944862 194.630325 
116.860298 207.899445 
133.122498 216.676315 
151.282211 220.071320 
169.252731 217.652130 
184.973328 208.527191 
197.256927 195.540604 
206.278931 179.716461 
211.375809 162.658463 
214.735596 145.615097 
217.196503 128.278015 
218.613373 110.675026 
97.500710 90.593529 
104.890289 80.717392 
116.803551 76.256699 
129.490341 78.241318 
140.533722 83.937195 
167.786819 83.931122 
179.539063 79.380508 
192.012268 78.761078 
203.361359 83.981842 
209.634247 94.062584 
154.565994 104.144867 
154.311249 115.824738 
154.015137 127.457710 
153.686172 139.169724 
140.579178 145.943970 
146.422623 149.527969 
153.008072 151.980865 
159.558304 149.922394 
165.440918 147.257385 
110.810051 106.940567 
118.892250 104.162651 
127.578964 104.361198 
135.899918 107.910736 
127.078400 108.898094 
118.595078 108.939842 
171.720596 109.520721 
180.554657 106.760986 
188.952255 107.544304 
195.810486 111.052094 
188.606995 112.388565 
180.288712 111.578117 
125.061523 171.813370 
135.557632 166.416382 
145.658279 163.895737 
152.255920 165.328171 
159.733459 164.455521 
169.960510 167.459229 
179.588547 172.382599 
170.541946 184.505997 
160.229691 190.559509 
152.171936 191.673920 
144.494965 190.480682 
134.052551 184.286163 
128.513824 172.459915 
145.116791 169.530228 
152.572540 169.974701 
160.652817 169.894745 
175.881805 172.965057 
160.436005 181.463776 
152.241058 182.795273 
144.507370 181.696533 
