68 2
136.249985 101.240166 
135.188324 116.442780 
135.130188 131.478180 
136.125992 146.269791 
139.868134 160.080643 
146.842346 172.385956 
156.361237 182.877625 
167.279221 191.581268 
180.250549 194.298660 
193.579330 192.739090 
205.506165 185.686172 
216.949966 178.078445 
226.852570 167.773666 
233.492599 155.093323 
237.504318 141.619675 
240.258728 127.062241 
242.323380 112.121460 
141.858185 95.925003 
148.911209 89.200363 
159.724304 88.816032 
170.349792 92.047318 
180.230621 97.019958 
193.827774 97.063751 
204.868622 93.718872 
216.335434 92.453522 
227.389725 94.790588 
233.758224 102.514252 
186.925232 105.451317 
185.835449 115.866943 
184.696487 126.213043 
183.547577 136.904785 
171.982208 139.873383 
177.119781 142.156052 
182.667664 144.082352 
188.816254 143.055969 
194.449341 141.604446 
153.495819 103.940620 
159.384705 101.193077 
166.563385 102.080200 
172.209900 106.770966 
165.708069 108.132965 
158.413666 107.607269 
200.949387 108.965729 
207.896423 104.923187 
215.350449 105.715439 
221.082214 109.451920 
215.178558 111.961395 
207.813141 111.325401 
163.212692 158.515732 
168.961990 154.719864 
175.635681 153.020630 
180.373810 154.735672 
185.800919 154.056274 
192.823486 157.230331 
199.364594 162.030579 
192.087250 169.766647 
184.564758 172.804550 
178.776627 172.821381 
173.136673 171.548203 
166.991577 167.039124 
166.860565 158.453568 
175.391693 156.286011 
180.217194 157.316544 
185.635681 157.293976 
195.418304 161.537445 
185.135254 164.412231 
179.563461 164.707260 
174.400925 163.447113 
