68 2
132.658722 95.417656 
131.988434 109.899788 
132.643631 124.168907 
134.215820 138.234131 
137.699783 151.415344 
143.881897 163.045105 
153.084900 172.473328 
163.332230 179.999451 
176.079346 182.247253 
188.966858 180.622498 
201.010742 174.232391 
212.295578 166.840134 
220.777328 156.426285 
226.370926 144.126419 
229.798996 131.278229 
232.332947 117.450737 
234.047958 103.392715 
139.686539 89.484184 
145.786591 83.726494 
155.186615 83.013092 
164.442108 85.311714 
173.392929 88.602142 
187.943909 88.745857 
198.089462 86.306168 
208.563370 85.414330 
218.537125 88.203033 
225.075882 94.912369 
180.239090 97.378822 
179.330368 107.259163 
178.282410 117.147392 
177.317184 127.301758 
167.861450 130.435104 
172.040939 132.753601 
176.903809 134.543915 
182.566895 133.361908 
187.449677 131.570511 
149.935043 96.437050 
155.433411 93.610504 
161.945267 94.361298 
167.122971 98.882050 
161.076019 100.102303 
154.501770 99.667259 
194.396484 100.600166 
200.695206 96.652878 
207.573593 97.249748 
212.572586 100.808212 
207.498199 103.253197 
200.768616 102.809067 
160.252945 149.265808 
165.443161 146.003128 
171.011292 144.402237 
175.105576 145.717346 
180.127625 144.978119 
186.401749 147.781128 
192.302475 151.632248 
185.975662 158.524048 
179.479080 161.539673 
174.123398 161.972702 
169.403198 160.712265 
164.256821 156.712219 
163.584991 149.350998 
170.896011 146.847305 
175.036865 147.425613 
180.128616 147.437851 
189.075699 151.440460 
179.971497 154.790848 
174.660828 155.576218 
170.352127 154.273468 
