68 2
137.334915 120.686066 
138.829727 132.607498 
141.580383 144.249939 
144.495270 155.609314 
148.593140 166.366699 
155.349228 175.718948 
164.299942 183.901672 
174.338348 190.326141 
185.344818 192.157959 
196.043045 189.527161 
205.272781 182.650742 
213.469177 175.360077 
220.264984 166.109818 
224.194641 155.512436 
226.529724 144.706146 
228.431290 132.867737 
229.652908 120.736938 
143.209152 112.722885 
150.412582 107.507515 
159.482941 106.579712 
168.489365 108.468903 
176.425049 112.674171 
194.237473 112.795425 
201.735245 109.597748 
209.491882 108.388786 
217.001038 109.840317 
222.422806 114.225098 
185.931076 123.015625 
185.984863 130.961487 
186.059937 138.689148 
186.175262 146.500732 
176.864731 150.833740 
180.984879 151.832809 
185.094620 152.761642 
189.144150 152.423035 
192.941345 152.124832 
154.643204 120.591187 
160.128876 117.682510 
166.725449 118.398979 
171.480682 123.659752 
166.070145 124.459648 
159.609314 124.031097 
196.567444 124.892128 
201.237213 119.914429 
207.724472 119.963501 
212.450989 123.417374 
208.324768 126.108536 
202.253357 126.255966 
171.086288 166.665024 
175.640381 162.662201 
180.109436 160.295853 
184.023621 161.487244 
188.225098 160.821106 
193.139954 164.014252 
197.608414 167.680954 
193.159744 173.990067 
188.396378 176.726227 
184.032364 177.424683 
179.618958 176.436096 
175.383774 172.628403 
174.373917 166.572845 
180.257233 165.167007 
184.108627 165.721252 
188.076645 165.845505 
194.607162 167.666306 
188.065964 168.908386 
183.926498 169.833679 
180.042130 168.730789 
