68 2
145.597641 116.898003 
148.100220 134.372879 
152.274857 151.491547 
156.358627 168.156219 
163.130737 182.917969 
175.195862 195.208481 
190.993469 204.031281 
208.493713 210.483185 
225.376129 211.086594 
240.045624 207.511398 
252.868134 198.563965 
263.846741 188.452988 
271.323090 175.319717 
274.495819 159.733490 
276.494232 144.198288 
278.066986 128.686356 
278.269165 112.729256 
161.388168 100.696442 
171.168442 92.968475 
184.179321 90.955170 
197.416306 91.882637 
209.819153 95.468842 
231.032898 94.031586 
241.953552 89.862831 
253.054901 88.696487 
263.692047 89.763641 
271.572479 95.275177 
220.805969 105.177376 
221.623718 113.897987 
222.562454 122.872856 
223.530090 132.245728 
209.560135 144.736908 
216.288300 145.873703 
222.924713 147.101135 
228.767502 145.759964 
234.119904 144.340942 
174.978882 109.536942 
182.963104 103.686859 
192.806427 103.622818 
201.172302 110.312462 
192.760208 112.623726 
182.874405 112.951653 
235.942383 109.407288 
243.325745 101.388939 
253.256699 101.216782 
260.559204 106.516754 
254.467804 110.295967 
244.849121 110.988205 
195.322037 169.390106 
206.672226 162.635468 
216.677841 158.733078 
222.832382 160.208939 
229.488007 158.596237 
238.796112 162.102814 
248.056702 167.270355 
239.918594 175.760986 
231.353973 178.762939 
224.253448 179.464935 
217.209473 179.155884 
206.772461 176.580933 
199.938522 169.149475 
216.804092 163.951355 
223.010315 163.905472 
229.773300 163.644348 
243.474045 167.619064 
230.610535 171.905212 
223.640320 172.527069 
217.173401 172.219208 
