68 2
172.783615 108.140625 
174.298157 122.458878 
177.189911 135.570374 
180.925018 148.960526 
186.438705 161.056091 
193.908997 171.761948 
203.433624 180.825562 
214.869125 187.914856 
227.933167 189.458038 
240.022675 187.218903 
250.940353 179.869644 
260.237946 171.040939 
266.883575 159.480911 
270.972290 146.284851 
274.145996 132.891724 
276.833221 119.707314 
278.323120 106.206696 
179.405426 92.694450 
185.943359 83.033096 
196.934784 78.927521 
208.706970 79.820366 
219.300247 84.127365 
232.347473 83.444733 
243.431458 80.160286 
254.544601 79.674278 
264.995819 83.549538 
271.182678 92.029678 
225.996689 96.460358 
226.140656 105.533241 
226.124191 114.415840 
226.120468 123.614883 
216.211319 132.884247 
221.231628 133.602524 
226.091721 134.437469 
230.698074 133.664978 
235.232727 133.037231 
191.633911 99.210472 
197.567276 94.934753 
205.337509 94.893967 
211.528488 100.111656 
205.115921 101.769867 
197.568314 102.018829 
239.661652 100.158257 
246.183914 95.013046 
253.619629 95.199738 
259.219635 99.203461 
253.876389 101.878372 
246.736984 101.815575 
207.436920 156.654846 
213.504852 149.830124 
220.850052 145.868835 
225.544540 146.785172 
230.548645 145.923325 
238.064880 150.103287 
243.882538 156.214371 
238.816727 164.590973 
232.155106 168.968384 
226.687943 169.870850 
221.046249 169.185135 
213.936295 165.562408 
210.721466 156.373611 
220.838440 150.905594 
225.549835 150.857285 
230.550430 150.895630 
241.239044 155.986984 
231.586594 160.860428 
226.367020 161.651031 
221.273529 161.115051 
