68 2
101.917793 65.155502 
102.348145 79.768593 
103.815536 94.495392 
106.617104 109.355331 
112.283409 123.715248 
119.407852 135.948654 
128.378845 146.966614 
139.299698 155.649338 
153.899521 157.873810 
168.726227 155.106873 
180.627197 146.530197 
190.402130 135.047226 
198.101837 121.431816 
203.269455 106.493668 
206.089035 91.022644 
207.180038 75.401184 
207.353638 60.009060 
105.735855 51.118366 
110.796967 42.096985 
120.817734 38.762554 
131.704987 39.550671 
141.531311 43.374748 
160.240570 42.783566 
169.884979 38.041977 
180.537216 36.374714 
190.850342 38.300247 
197.470688 45.852921 
151.561203 53.803150 
151.526062 64.241409 
151.566956 74.854965 
151.435623 85.589264 
138.114639 90.212143 
144.622803 93.186195 
151.814499 95.113045 
159.357544 92.470779 
166.110046 89.551834 
117.080719 58.023941 
122.645889 53.787605 
130.121613 53.730068 
136.613998 58.023117 
130.125427 60.353813 
122.834503 60.901657 
166.721085 56.992508 
173.911240 52.008701 
181.766571 52.027077 
187.486877 55.846542 
181.956070 59.079060 
174.381897 59.139351 
131.589066 117.187241 
139.006912 111.885345 
146.850891 108.631447 
152.183380 109.423798 
158.267059 108.322227 
166.743835 110.694351 
175.069473 114.856186 
167.325958 120.063652 
159.298508 122.943588 
152.860580 123.713013 
147.170593 123.354507 
139.700912 121.591309 
135.312424 116.630035 
146.930862 112.994820 
152.414368 113.114655 
158.589355 112.612457 
171.236313 114.525772 
159.013641 116.251045 
152.716705 117.380211 
147.270172 116.758560 
