68 2
121.490570 77.846451 
121.904510 95.775604 
123.624962 113.624611 
126.483223 130.840683 
132.450409 146.984741 
141.015366 161.899002 
151.633972 174.581757 
163.601013 185.557877 
178.615631 188.698837 
193.868347 186.238358 
206.804489 176.206924 
218.396057 164.430313 
228.519806 150.061569 
236.038849 134.889801 
240.511169 117.780098 
242.953186 99.868019 
244.924179 81.198700 
128.622528 74.013771 
135.836319 66.779991 
146.788345 66.290886 
157.901825 67.886154 
168.809631 70.979774 
191.694138 69.635574 
203.460861 67.335388 
214.723007 66.496277 
225.796570 67.946846 
233.165527 75.164192 
179.737335 83.787689 
179.488480 94.323334 
179.035355 104.849350 
178.731506 115.720268 
165.895813 122.253448 
171.957703 123.889771 
178.307739 125.320351 
184.929352 124.552475 
191.225067 123.771156 
141.737167 82.690742 
148.795563 79.418274 
156.953629 79.590935 
163.385559 83.890594 
156.497421 85.485970 
148.661316 85.578438 
196.376404 84.979469 
203.620056 80.539665 
211.748932 81.012039 
218.339569 84.587334 
211.841171 87.608925 
203.952148 87.147552 
158.960175 147.487808 
164.250031 141.578415 
171.571609 138.931900 
178.074249 140.722351 
185.264465 139.635925 
193.713928 143.042389 
199.959946 148.762527 
193.655746 159.545074 
185.350845 164.828690 
177.616913 165.681580 
170.574936 164.161438 
163.411072 158.238190 
161.817200 147.357361 
171.561646 143.710922 
178.173355 144.567444 
185.546936 144.394302 
197.027252 148.607727 
185.495300 155.568420 
177.911850 156.847015 
171.011490 155.152771 
