68 2
177.533859 113.246902 
178.185211 128.256561 
180.494598 142.849030 
183.894638 157.599945 
188.578369 171.675369 
195.252869 184.577942 
204.382950 196.395691 
215.539474 205.045242 
229.436905 207.536316 
242.226212 204.806610 
253.701096 196.211365 
263.936981 186.839661 
271.542084 174.389420 
276.550262 160.870544 
280.408203 147.080353 
284.148651 133.349670 
286.610229 118.759071 
185.638199 103.852097 
193.411102 94.746452 
205.100250 91.302605 
217.277679 93.331512 
228.178711 98.473953 
242.406555 98.704758 
253.497391 95.472839 
264.543457 95.232574 
274.678925 99.333969 
280.389374 108.004631 
235.267334 111.538353 
234.907959 121.764435 
234.417450 131.802475 
233.969421 142.050293 
223.532806 150.370758 
228.080734 151.276154 
232.640167 152.308609 
237.075027 151.936676 
241.129288 151.417236 
198.122879 111.564278 
204.630295 107.617729 
212.717621 108.200027 
218.581116 113.976387 
212.000168 115.199707 
204.210236 114.997208 
248.329178 115.525497 
255.128830 110.245941 
262.899384 110.876709 
268.172424 115.110977 
262.876465 117.828087 
255.616074 117.547935 
214.972321 174.636902 
220.749146 168.583282 
227.400101 164.740143 
231.238663 166.108063 
235.580002 165.349457 
241.558868 169.817551 
246.249344 175.625854 
241.247345 182.906281 
235.311935 187.380005 
230.498611 188.340988 
225.605545 187.142029 
219.914337 182.814774 
218.359268 174.597473 
227.167877 170.369370 
230.925888 170.631180 
235.084900 170.590683 
243.473419 175.310852 
235.242081 178.480652 
230.836349 179.555038 
226.714401 178.467300 
