68 2
103.360016 88.235916 
104.425453 103.813683 
106.766113 118.959457 
109.806519 134.241577 
115.526764 148.144913 
124.473770 160.143631 
135.784775 170.141907 
149.467957 177.923172 
165.425125 178.974442 
180.848801 175.928925 
192.937469 166.694092 
203.311234 156.182724 
211.429138 144.894699 
216.139099 131.832306 
218.444489 117.417816 
219.847305 102.942032 
220.937775 88.498825 
110.692947 65.605576 
117.069267 56.653408 
127.533653 52.094109 
139.211227 52.005535 
149.818527 55.395855 
172.107742 54.228161 
183.767975 51.358917 
195.341858 51.827469 
206.043411 55.091408 
212.801514 63.409527 
161.532639 70.274803 
161.321106 79.206398 
161.080261 87.912323 
161.033417 97.005096 
149.464737 108.432564 
155.306519 109.962730 
161.618118 111.354652 
168.376709 110.035492 
174.879669 108.578995 
124.107460 77.874916 
130.880997 73.810791 
138.797699 73.020111 
146.135818 76.531708 
139.170181 78.651421 
131.337662 79.440277 
178.014999 76.078217 
185.792282 72.659599 
193.469803 73.043938 
199.873840 76.600670 
193.517151 78.319611 
185.962402 77.853889 
138.377289 137.273331 
147.528717 130.172775 
156.033951 126.392662 
162.509628 127.637123 
169.923843 125.944160 
180.221664 129.721542 
190.212830 135.906281 
181.091705 143.137192 
171.557465 146.763855 
163.893066 148.006454 
156.852814 147.498749 
148.099213 144.849060 
142.532211 137.159256 
156.314987 131.868713 
162.820374 132.215546 
170.495941 131.387039 
185.913635 136.089355 
171.180649 138.678894 
163.465393 139.992569 
156.767853 139.729568 
