68 2
146.167465 106.696007 
146.894684 122.701591 
149.348694 138.201599 
153.130341 152.837540 
159.265564 166.809570 
168.187790 179.130157 
179.387024 189.188446 
192.099182 197.546814 
206.479279 200.020248 
219.931564 197.174698 
231.506561 188.802460 
241.851288 178.998901 
249.806885 167.108170 
255.448944 153.489700 
259.056519 139.314590 
261.958923 124.867691 
263.546173 109.664200 
154.523621 87.500572 
162.478409 80.553070 
173.308868 78.779449 
184.604568 80.603256 
194.969254 84.766907 
222.446075 85.014297 
232.995438 82.098938 
243.253769 81.588104 
252.970398 83.609306 
259.467377 90.238007 
208.795502 98.794098 
208.652390 106.004951 
208.532867 113.261200 
208.446289 120.778496 
197.785294 131.419128 
202.515121 132.541779 
207.315720 133.238556 
212.130798 132.966370 
216.796570 132.422989 
167.726074 100.673347 
174.391220 96.922470 
182.510147 97.200089 
189.779999 101.774185 
182.470901 102.976837 
174.630356 102.982742 
224.974548 102.873589 
232.777161 98.686569 
240.371857 99.206093 
246.128342 103.145226 
240.228760 105.164307 
232.635956 104.576645 
184.208755 157.444351 
191.900818 150.571640 
200.686920 146.866714 
206.915359 148.090988 
213.494171 147.450775 
221.403214 152.063828 
227.462631 159.341690 
221.085632 166.648102 
213.270462 170.442902 
206.302185 171.201721 
199.458893 170.378448 
191.124695 166.039551 
187.874329 157.091370 
200.560959 152.334549 
206.901184 152.213028 
213.877869 152.521179 
223.854462 158.999756 
213.521973 161.735931 
206.484863 162.728104 
199.986130 161.689880 
