68 2
102.913620 123.557510 
102.749062 135.529755 
103.593414 147.626602 
105.194000 159.656754 
108.770065 171.214920 
114.348404 181.754333 
122.297783 190.548050 
132.666946 197.279602 
145.198776 199.088150 
158.191757 197.228134 
169.201813 191.162018 
177.938385 182.923996 
184.713867 172.512024 
188.694946 160.476868 
191.034119 148.448868 
192.818771 136.229095 
193.870880 123.909874 
109.454407 108.584587 
115.419159 103.325272 
123.327065 102.025429 
131.432449 103.176186 
138.579849 106.101120 
155.317276 106.372955 
163.288361 102.868393 
171.838516 101.706924 
180.264557 103.444710 
185.775955 109.119423 
146.896515 115.675606 
146.412613 124.100372 
146.159164 132.507553 
145.731262 141.156967 
135.167328 145.326096 
140.094177 147.501343 
145.596252 149.100769 
151.537079 147.505646 
156.860992 145.753632 
117.192940 117.559532 
122.600693 113.743683 
129.236679 114.114777 
134.154358 118.758354 
128.485916 120.027924 
122.115440 119.858604 
159.058487 118.683228 
165.063278 113.852699 
171.856140 114.170815 
176.597473 118.041168 
171.889816 120.182457 
165.482513 120.218353 
125.930840 165.021790 
131.985046 158.858505 
139.758179 156.032074 
145.284607 156.814148 
151.713684 156.055679 
159.523407 158.804260 
165.906372 164.533981 
159.624603 172.120209 
151.943481 175.895004 
145.111160 176.622467 
139.109421 175.832840 
131.655518 172.348450 
129.238205 164.896301 
139.862625 161.531357 
145.331207 161.783554 
151.536697 161.710480 
162.354111 164.553207 
151.675034 168.292892 
145.160141 169.078506 
139.659546 168.327850 
