68 2
100.182709 128.240799 
99.997231 154.756790 
102.794815 180.409195 
107.506897 205.793259 
115.188812 229.762665 
126.666595 251.059464 
141.838516 269.137665 
160.183701 282.625763 
184.202957 285.272034 
208.434143 283.085785 
228.310135 269.041626 
244.516846 251.025146 
257.981445 230.458282 
268.374786 208.840576 
275.273102 186.832718 
280.165161 163.364853 
282.328461 139.649475 
108.301949 112.026169 
120.062675 98.833275 
138.512085 97.144913 
156.884644 103.337341 
174.551468 111.771942 
209.477600 115.049263 
228.499512 109.730438 
246.576004 106.026962 
264.349884 109.771561 
273.649048 123.939911 
191.065460 130.886703 
189.957031 147.000610 
188.672791 162.991730 
187.526230 179.876648 
166.280975 189.825607 
175.279831 195.020447 
185.069611 199.606903 
196.524719 196.608765 
206.443756 193.117981 
125.675255 131.465820 
136.395447 125.516251 
150.097412 126.254669 
161.526932 134.176270 
149.274902 137.088943 
135.701202 137.285080 
217.916534 137.767517 
230.516357 131.726944 
244.047577 133.256683 
253.241211 139.834579 
244.018173 144.039124 
230.719070 142.553040 
148.956009 229.262863 
163.924591 223.347763 
176.368225 221.090714 
183.564285 225.254715 
193.504395 222.637878 
206.398529 226.616653 
219.211975 232.472092 
206.102722 245.784103 
192.882004 250.804504 
182.036224 250.605820 
173.235016 248.997375 
161.765076 243.684021 
154.413727 230.457001 
175.517014 229.620331 
183.288452 232.102951 
193.776611 230.612305 
214.494659 233.578445 
193.938904 235.185028 
183.156754 235.147537 
175.252670 233.446457 
