68 2
123.296051 141.370651 
126.702850 167.336319 
132.127899 193.274155 
138.024261 218.000885 
146.464615 241.000702 
158.311874 261.719604 
175.545654 277.934723 
195.433105 287.086273 
219.863937 287.066040 
242.697784 283.204468 
260.272308 269.185242 
274.258728 249.935410 
284.033997 229.296356 
290.538177 207.090851 
293.691772 185.011414 
296.304688 162.647079 
297.721741 139.929535 
132.523849 131.308044 
145.996170 118.748222 
166.187988 118.321533 
185.574997 123.918785 
203.776398 131.431137 
229.727188 131.188339 
247.231262 123.813812 
263.750488 117.256363 
281.131775 115.959175 
292.849182 125.965836 
216.572510 144.293137 
216.955414 161.673584 
217.691269 178.922394 
218.494293 196.856277 
197.089706 206.328979 
207.118301 210.160751 
218.034607 213.268570 
228.658524 209.352020 
237.875519 205.033203 
152.168900 147.769257 
163.534973 143.243393 
177.104416 143.218445 
189.395584 148.854126 
176.935547 152.435455 
163.316238 153.294571 
240.836502 147.401672 
253.212723 141.286682 
266.103363 141.619690 
275.903961 145.293991 
267.062195 150.770233 
254.009033 150.836594 
183.072418 236.856171 
198.009613 233.854904 
209.624741 232.350128 
218.224960 235.643311 
228.345032 232.342590 
239.530060 233.789246 
250.969177 233.875244 
239.901505 245.148651 
229.152893 251.950470 
218.026550 253.194260 
208.539520 251.889191 
196.950592 247.410919 
187.496689 237.679199 
209.242508 236.968094 
218.266022 238.851883 
228.916916 236.422775 
246.262512 235.799423 
228.971954 239.707031 
218.319885 241.685135 
209.269241 240.151886 
