68 2
148.126251 95.428551 
148.509369 113.587334 
150.518051 131.905304 
154.240494 149.397232 
160.671188 165.688873 
170.451889 180.512039 
182.688370 192.788696 
195.609314 202.495544 
211.322968 205.786621 
227.531708 203.147522 
242.691620 193.693329 
255.256348 182.407715 
265.436737 167.927353 
272.695221 152.373489 
277.021362 136.638184 
279.899261 120.185440 
281.923431 102.796478 
162.303818 87.604813 
171.215225 82.005089 
182.468048 81.908875 
193.671906 84.495697 
204.203293 88.605103 
228.528259 89.394714 
239.737274 86.803421 
250.606384 85.702049 
260.809509 87.598053 
268.276642 94.188507 
213.474411 103.238815 
212.292801 115.664726 
211.145996 128.119934 
210.139481 140.541870 
197.202591 142.381699 
203.324875 146.239014 
210.432816 148.628998 
218.106750 146.633270 
225.156601 144.049866 
174.958710 102.243896 
181.949387 100.483154 
189.296356 100.780365 
195.955917 103.443298 
189.175735 105.292938 
181.636475 105.248749 
232.335510 105.586151 
239.816345 104.068268 
246.942459 105.065544 
252.869308 106.937904 
246.573349 109.187492 
239.377167 108.634468 
189.939178 158.890198 
198.952225 157.037918 
206.260178 157.464508 
211.730042 159.409805 
218.781906 158.411697 
226.866379 159.285675 
234.492737 162.290497 
226.010498 168.829788 
217.506516 171.325333 
210.536255 171.362518 
204.567169 170.190109 
197.720398 166.944717 
193.995895 159.206360 
206.120575 160.105179 
211.664963 161.617661 
218.690842 160.884674 
230.334366 162.012512 
218.087158 165.021286 
211.113251 165.346771 
205.420013 163.768906 
