68 2
170.547256 82.274208 
171.701843 95.160973 
174.542648 107.629257 
178.130035 119.577812 
182.441666 130.894638 
189.266434 141.005615 
197.824036 149.879944 
208.434143 156.549759 
220.266357 157.948074 
231.063019 155.453598 
240.112518 148.452240 
247.898605 139.701309 
253.881531 129.222717 
257.627075 118.029503 
260.281464 106.837280 
262.467957 95.309525 
263.442383 83.178169 
178.943466 71.169342 
185.522598 64.801529 
194.962814 62.745651 
204.888565 64.356369 
213.717712 68.583717 
224.236908 68.850464 
233.435135 65.258881 
242.990234 64.040695 
252.264191 66.713860 
257.950409 73.438950 
218.567917 78.731827 
218.583633 87.077339 
218.674988 95.290497 
218.778214 103.829964 
211.038956 111.488098 
214.834259 112.254967 
218.776810 112.780991 
222.574951 112.137772 
226.065842 111.309700 
188.538559 79.301903 
193.971741 75.913246 
201.099091 76.303558 
206.234924 81.225166 
200.536377 82.620331 
193.589111 82.550362 
230.492599 81.213959 
236.142578 76.417946 
242.818085 76.367790 
247.748322 80.001411 
243.376526 82.741371 
236.893127 82.930435 
206.078339 131.638016 
210.780304 126.156563 
215.590744 122.604156 
218.684509 123.538422 
222.146072 122.950211 
227.014359 126.833725 
231.381454 131.119324 
226.973877 135.334824 
222.669647 137.830475 
219.180847 138.426468 
215.607849 137.691986 
211.175507 135.301239 
209.655090 131.099396 
215.842484 127.632904 
218.759628 127.968315 
222.112244 127.832115 
228.518860 130.684875 
222.243332 130.365082 
218.948563 131.228989 
215.936707 130.285629 
