68 2
145.720535 103.699333 
146.133514 117.754883 
148.464691 131.549179 
152.078949 145.019104 
157.067825 157.287216 
163.573029 168.494492 
172.862076 178.012665 
184.225754 185.018982 
198.874557 187.307816 
214.029984 185.235764 
226.670074 179.113541 
237.471573 170.607452 
245.069061 159.922287 
250.161682 147.373657 
253.442062 134.177902 
255.749191 120.833778 
257.069733 107.302704 
155.456100 84.583694 
161.921783 77.780807 
170.994568 75.225388 
180.488693 76.559921 
188.730042 80.438927 
211.888382 80.687592 
221.400818 78.080872 
231.001389 77.643570 
240.043808 80.945038 
246.122147 87.778824 
199.793839 93.754524 
199.755615 100.169350 
199.784805 106.355934 
199.855392 113.065857 
189.569641 123.899551 
194.247421 125.558174 
199.043457 126.646332 
204.480560 125.791451 
209.428192 124.421005 
165.580536 96.095024 
171.856812 91.083443 
179.476059 91.377754 
185.618042 97.058167 
178.829224 98.242813 
171.364792 98.122940 
215.002350 97.794968 
221.873444 92.880402 
229.218826 93.329903 
234.503738 98.210312 
229.158752 100.054901 
221.953537 99.577972 
180.315979 149.502548 
186.888565 141.319016 
193.920929 137.646759 
198.857117 138.761108 
204.478088 137.896164 
212.096466 142.278610 
218.697510 149.610626 
211.648010 154.538010 
204.606018 156.318985 
198.750122 156.735901 
193.377274 156.326599 
186.638046 154.552948 
184.442429 148.967010 
193.814575 143.615189 
198.978333 143.710602 
204.820313 143.781708 
215.073349 149.103333 
204.855286 148.570877 
198.960358 148.932449 
193.741638 148.618591 
