68 2
127.866417 113.839569 
127.192902 130.040649 
127.896149 146.545197 
130.213760 163.514160 
135.510986 178.533005 
145.781708 191.311478 
158.776001 201.278610 
173.016647 209.003906 
189.961472 211.251282 
207.152222 209.076523 
223.039337 202.587021 
236.759827 192.937088 
247.252579 180.747665 
253.635574 165.403885 
256.257935 149.587433 
257.370178 132.722336 
258.084961 116.133385 
141.422546 90.749107 
148.556046 84.691742 
157.755417 82.349129 
167.772003 82.052628 
177.367599 84.396767 
204.180786 82.313408 
214.626282 79.570511 
225.180252 79.445076 
235.143066 82.741119 
242.672684 89.398026 
189.746765 100.283539 
189.140259 110.663582 
188.423584 121.125259 
187.637726 131.518539 
175.441589 140.914368 
181.634247 142.688049 
188.203308 144.287811 
195.333527 143.054306 
202.211823 142.023361 
153.415680 107.499329 
159.876083 104.706062 
167.372742 103.852409 
174.220398 105.911552 
167.268936 107.834793 
160.069580 108.619736 
208.813614 106.540146 
216.210297 103.568283 
224.351532 104.361115 
230.985275 107.656708 
224.188309 109.253326 
216.281708 108.650215 
165.243057 164.063446 
171.932678 157.276230 
179.992493 154.113495 
186.811523 155.597885 
194.350525 154.911301 
204.458572 159.171402 
214.032043 165.841064 
204.519577 171.997757 
194.698746 174.335663 
186.985886 174.729660 
179.709854 173.822983 
171.617935 170.430038 
170.324295 163.211456 
179.934921 160.678162 
186.905212 161.674988 
194.329422 161.478256 
208.193634 164.835999 
194.412247 164.423950 
186.659363 164.909592 
179.611511 164.440689 
