68 2
174.269165 74.258675 
176.063675 90.028961 
179.075180 105.645653 
182.755325 120.283379 
188.911240 134.455017 
198.048599 146.730331 
209.610947 157.385437 
222.389038 165.237381 
236.096161 166.066833 
248.552490 162.660126 
257.933563 153.367218 
265.833832 141.559372 
272.437073 128.647171 
276.110779 114.758003 
278.221069 100.551086 
279.521820 85.756706 
279.553040 71.419212 
185.259430 73.494385 
193.645981 68.432709 
203.678284 66.765663 
214.157959 68.377579 
223.677795 71.639008 
243.413223 70.409584 
252.091553 65.846603 
261.351837 63.115620 
270.785706 63.772095 
277.355042 68.658699 
234.213211 79.480843 
234.671600 90.623688 
235.173615 101.794693 
235.607971 113.038200 
222.628189 116.097572 
228.559265 118.191147 
235.020615 120.206940 
241.346741 118.320122 
246.742615 116.114952 
196.673172 80.690170 
203.178070 77.812347 
210.979782 77.579086 
217.487900 81.538849 
210.904541 83.988258 
203.008911 84.493637 
247.102844 80.396332 
254.503876 75.760864 
261.883087 75.469116 
267.551117 78.116455 
262.859680 81.995468 
255.338196 82.351860 
213.810043 133.482040 
223.377197 132.813690 
230.338898 131.697449 
234.911697 133.101379 
240.159363 131.704315 
247.029724 133.184464 
254.678894 133.160355 
247.811172 140.120865 
241.479492 143.488419 
235.798401 144.229797 
230.417511 143.493301 
223.181229 139.754288 
217.731049 134.129745 
230.519363 134.784912 
235.163086 135.700928 
240.371613 134.872147 
250.744492 134.057755 
240.616425 135.293152 
235.356750 136.538361 
230.514160 135.452271 
