68 2
111.346786 168.778229 
115.119698 188.831848 
119.926727 208.654907 
124.237198 228.271973 
131.179504 245.892761 
144.896362 258.896484 
164.403809 266.947418 
185.663971 272.239258 
209.207184 271.720276 
232.818253 268.179382 
252.664658 259.036743 
268.550507 247.378830 
278.669739 231.463562 
281.863068 211.746490 
282.759277 191.950012 
284.001221 173.281036 
284.057251 155.026123 
122.988129 124.630318 
131.678787 110.653664 
144.807281 100.901878 
160.963531 97.806175 
176.208633 101.063988 
215.627335 96.797226 
231.816330 92.375458 
248.116699 93.719589 
262.403381 101.982491 
271.743103 113.862968 
199.739792 122.188652 
200.312744 130.754105 
200.755066 139.189651 
201.338623 148.122177 
189.283310 172.813858 
195.880371 172.339203 
202.451431 172.443237 
209.305450 172.443893 
216.188843 172.944427 
141.933121 140.852356 
151.355652 132.787033 
163.679581 130.621658 
175.989655 135.371368 
164.818985 139.076447 
153.072998 141.331329 
222.706726 132.792297 
234.738663 126.885010 
246.565048 127.584648 
256.339233 134.044739 
246.566025 135.870575 
234.725891 135.390945 
168.010834 217.913864 
179.760788 199.077942 
194.208557 189.078857 
204.815857 189.021164 
215.680466 188.320053 
230.134109 197.726257 
241.262939 214.165482 
231.321594 222.839920 
218.444748 226.557831 
207.431503 227.435333 
196.838699 227.496506 
181.874527 224.712097 
174.968033 215.321396 
195.924530 202.275848 
205.591476 201.273987 
216.271072 201.896729 
234.858948 212.198914 
217.255386 212.447052 
206.278152 212.606140 
196.526688 213.137863 
