68 2
175.107330 71.563629 
176.599518 87.354286 
179.383255 103.261017 
183.155823 118.950821 
189.761047 133.164124 
199.800034 144.789978 
211.887421 154.879578 
224.928680 162.587860 
238.682449 163.357513 
250.935867 159.221054 
260.288300 149.244476 
268.205933 137.539948 
274.830994 124.319618 
277.914795 110.554436 
279.508972 96.637344 
280.578003 82.238449 
280.380798 68.580917 
185.773941 67.728333 
193.519897 62.203049 
203.199219 60.167194 
213.531479 61.113533 
223.025558 64.012238 
243.910995 62.560886 
252.758057 58.118145 
262.312927 55.822906 
271.905304 57.148880 
277.994873 63.051167 
234.251083 73.094818 
234.833176 83.219147 
235.472351 93.298592 
236.124893 103.622795 
223.607986 109.294975 
229.533020 111.238808 
235.963440 112.975883 
242.082977 111.056763 
247.656631 108.959862 
196.532837 75.538315 
203.080429 72.293739 
211.297318 71.841728 
217.865463 75.821457 
211.188049 78.401001 
202.998840 79.065163 
247.888611 74.278763 
255.194061 69.711891 
262.749542 69.376877 
268.369019 72.111465 
263.579315 75.778610 
255.944016 76.101669 
215.493591 129.704437 
225.027069 127.294708 
232.365646 125.583443 
236.567383 127.078110 
241.192062 125.489220 
248.365128 126.836884 
256.594757 127.772614 
249.395828 135.272552 
242.598709 138.335358 
237.406006 138.950363 
232.388077 138.421265 
224.773010 135.563202 
219.164520 129.763779 
232.334290 128.660156 
236.730713 129.494431 
241.558762 128.490555 
253.081223 128.658905 
241.832489 130.955048 
236.923264 131.831238 
232.372635 131.206482 
