68 2
104.900261 106.333328 
105.073692 129.241638 
107.961746 150.930389 
112.325935 173.334335 
118.277191 194.815399 
129.278503 214.377594 
147.425766 229.525574 
169.624069 238.621475 
194.424026 241.263916 
219.983017 238.755432 
241.839523 230.207092 
258.553314 215.235031 
269.006073 195.579071 
275.568726 173.585190 
279.119293 152.204041 
281.321228 130.750763 
282.178467 109.451546 
121.473351 76.521736 
132.686829 64.091095 
149.034546 58.862846 
166.279831 61.198433 
182.617126 67.774712 
210.384872 67.020226 
227.414536 62.375740 
244.452423 62.036919 
260.076813 68.030838 
269.738647 80.501854 
198.184418 87.155449 
197.682861 99.414162 
197.164719 111.500549 
196.626312 124.191322 
178.134399 141.998520 
186.705490 145.087234 
195.550598 147.927994 
204.529572 146.314972 
212.675766 144.171814 
141.070053 96.642670 
151.673569 91.131218 
163.445786 90.836075 
175.013580 96.764595 
163.397079 99.386009 
151.899139 99.647621 
217.828033 97.312851 
230.011719 92.093643 
241.301437 92.886940 
250.792374 98.600250 
241.332596 100.762657 
229.957245 100.154373 
157.748962 179.190216 
171.628601 168.207977 
185.419556 163.544357 
194.114609 165.395096 
203.219528 164.015076 
217.472397 170.381165 
230.381348 180.144287 
217.754562 191.686676 
204.647263 196.435822 
194.796570 197.148499 
185.154007 196.156769 
171.152695 190.302429 
162.954300 178.728928 
185.458282 171.308258 
194.027954 171.764938 
203.547012 171.726212 
225.233200 180.046936 
204.065964 184.399857 
194.406143 184.797470 
185.376694 184.681290 
