68 2
153.487686 85.380974 
154.154099 99.652519 
156.637665 114.363510 
160.438431 128.281921 
166.098984 141.107773 
174.057037 152.660217 
184.476639 162.533707 
196.184387 169.683182 
209.561707 171.135086 
222.187988 168.204544 
232.218399 160.022400 
240.880188 149.644806 
248.043320 137.923553 
252.614471 125.185303 
254.982605 111.791313 
256.697632 98.018440 
257.278351 84.207626 
161.488235 73.355888 
168.860153 68.792397 
178.448090 68.847198 
187.194656 71.287544 
195.060364 75.301239 
217.870712 74.176422 
226.606491 71.249420 
235.196365 69.601494 
243.697372 70.438644 
249.284988 75.683678 
207.087677 85.553368 
207.415436 94.137955 
207.776276 102.673027 
208.141418 111.489883 
196.850372 118.210854 
202.093231 120.032661 
207.350891 121.586708 
212.758148 120.229218 
217.623993 118.855713 
172.344254 85.656136 
177.935776 82.682198 
185.073029 82.907631 
190.901703 86.639999 
184.758713 88.648567 
177.630341 88.831451 
220.356445 86.881798 
226.580627 82.988144 
233.285751 83.553215 
238.523499 86.544815 
233.527267 89.392181 
226.765106 89.175049 
189.015411 138.110077 
196.479919 134.830139 
202.401657 132.672058 
206.890182 134.219177 
212.356628 132.756714 
219.042130 135.040054 
225.666138 137.271561 
219.234634 142.343567 
212.542877 144.923355 
207.136917 145.701553 
201.975342 145.183517 
196.124084 142.762878 
192.093765 138.367599 
202.202087 138.083908 
206.946396 138.380524 
212.502365 137.887039 
222.695267 137.605927 
212.461716 137.524384 
207.075256 138.449158 
202.315216 137.822372 
