68 2
150.401871 85.887085 
150.855408 98.929962 
152.343643 111.424377 
154.641327 123.951820 
158.827286 135.815964 
164.811584 146.552460 
173.567032 155.746628 
183.678360 162.871658 
195.226624 164.852432 
206.801804 162.764709 
216.739471 156.355545 
224.815506 148.224060 
231.000244 138.421692 
235.236649 127.239990 
238.241241 115.418907 
241.399033 103.369217 
243.635330 91.104897 
158.203857 78.542465 
164.257004 73.075127 
172.656601 72.084343 
180.877625 73.997574 
188.056122 77.477036 
208.397415 77.936562 
216.478989 75.723129 
224.615341 75.440002 
232.027100 77.935272 
236.988007 83.222580 
198.550461 86.861183 
198.400574 94.935448 
198.216888 102.970940 
198.073547 111.296478 
187.639221 114.754189 
192.353455 116.566437 
197.183136 118.097778 
202.042557 116.958466 
206.458237 115.691444 
166.723312 86.958755 
171.898010 84.018181 
178.249695 84.454193 
183.446045 88.657280 
177.907608 89.798714 
171.598389 89.632843 
210.845459 90.155144 
217.095596 86.689400 
223.127548 87.276031 
227.615311 90.492859 
223.143707 92.698387 
217.058990 92.145424 
178.376144 130.941483 
185.270889 126.957169 
191.625031 125.489960 
196.051636 126.928955 
201.474686 126.190948 
207.741043 128.578125 
212.943848 133.095352 
207.365540 139.382141 
200.926117 142.014053 
195.233704 142.402451 
190.357239 141.586517 
184.330368 138.649796 
181.835022 130.932434 
191.572556 129.238281 
195.949097 130.034119 
201.221771 129.759567 
209.551331 132.758011 
200.972626 135.152710 
195.586319 135.773636 
191.168381 134.823914 
