68 2
141.964813 117.660507 
145.054764 135.441101 
149.704178 152.818954 
154.977066 169.732986 
162.589783 185.188828 
174.862411 197.817123 
190.889816 206.748291 
208.089737 213.029221 
225.342346 213.209152 
241.079971 208.762131 
254.276230 199.094421 
265.472260 187.459976 
272.971802 172.917053 
275.845825 156.590164 
276.908081 140.155121 
277.646790 124.034149 
277.243927 107.898834 
155.412781 100.806999 
164.947021 92.115410 
177.520584 88.798920 
191.176743 88.468323 
203.919632 91.383385 
225.345062 87.828682 
237.210373 83.650627 
249.115402 82.987869 
260.119690 85.633224 
268.168518 92.213379 
215.440613 101.766472 
216.393066 110.250404 
217.483459 118.716347 
218.594421 127.706772 
204.044083 139.937012 
211.536697 140.950134 
218.906311 142.144302 
225.464401 140.035522 
231.472275 138.288269 
170.714355 109.286301 
177.971436 103.208946 
187.719345 102.337532 
196.342529 107.300232 
188.110062 109.759468 
178.870041 111.008560 
231.861649 104.520775 
239.436096 97.494728 
248.987091 97.184029 
256.453247 101.839561 
250.048416 104.814018 
240.765869 105.461723 
188.403336 164.527100 
200.153641 157.042953 
212.601151 153.112152 
219.861710 154.068253 
227.627747 152.074036 
239.429169 154.096603 
250.463409 158.601349 
242.155685 173.372650 
231.899734 179.984238 
223.074356 181.734192 
214.768280 181.528397 
201.280823 176.848328 
192.690933 165.028473 
212.822357 158.216370 
220.178650 157.654999 
228.370773 156.838898 
246.628250 159.818695 
230.846680 171.933701 
222.236298 173.666428 
214.298035 173.681366 
