68 2
146.090775 127.936646 
148.542496 145.222519 
152.850037 161.569168 
157.817474 178.014771 
165.194946 192.963638 
176.003540 205.640961 
190.530960 215.426682 
207.054825 222.422821 
223.508987 223.506546 
239.104797 219.818802 
252.373596 210.869568 
263.200470 200.176239 
270.840363 186.245819 
274.502716 170.434265 
276.796387 154.604477 
278.762360 138.391968 
279.008423 121.979942 
159.056290 106.452011 
169.215729 99.451752 
181.405289 97.680824 
194.020676 98.326599 
205.827881 101.191010 
230.758972 99.071098 
241.922791 95.582520 
253.122284 94.879646 
263.516541 96.780434 
271.508728 102.850815 
217.903214 112.792809 
218.637177 121.271637 
219.332733 129.829315 
220.064026 138.802155 
208.484940 151.928391 
214.489227 152.625305 
220.476685 153.245575 
225.945129 152.165298 
231.141190 151.152924 
173.235733 117.269775 
181.018234 110.605988 
191.549500 110.498581 
199.924286 117.301620 
191.237549 120.107330 
181.003311 120.734169 
234.745773 116.107841 
242.146729 107.792702 
252.456955 107.807526 
259.884094 113.657806 
253.571365 117.730804 
243.688507 118.310532 
196.067108 180.287964 
205.238464 171.390106 
214.881561 165.975037 
221.648849 166.709976 
228.488663 165.621521 
237.131378 170.674515 
244.689972 178.388443 
237.995819 187.423798 
230.289795 191.514557 
222.755722 192.830322 
215.096191 192.189728 
205.109726 188.359772 
200.518600 179.685532 
214.612961 172.109772 
221.812820 171.416855 
229.265686 171.789307 
240.396515 178.343307 
229.863495 183.186859 
222.150696 184.233505 
214.635880 183.614349 
