70 2
94.174538 32.692253 
95.928482 54.793133 
100.239189 76.519951 
105.475250 97.212128 
112.779808 116.158600 
123.406166 133.934952 
136.258820 149.566406 
150.430801 161.965225 
169.283035 165.814941 
188.325729 161.857025 
204.886688 149.558533 
218.538986 133.906693 
230.029266 117.287323 
238.413223 98.214821 
243.611710 78.257378 
247.613144 56.997879 
249.943542 34.850243 
101.643044 10.859851 
112.380585 1.369749 
127.154266 -0.522640 
142.200623 1.633447 
155.686951 7.069707 
185.187195 7.073984 
199.934830 2.102420 
215.084137 1.059343 
229.711609 3.494350 
239.847351 12.775323 
169.737671 22.767353 
169.311142 36.230457 
168.773422 49.848118 
168.346436 64.061493 
153.259155 75.376106 
160.573502 77.896866 
168.603821 80.462250 
177.239380 78.470009 
185.189774 76.810593 
117.122589 28.229130 
126.047592 22.693460 
137.538864 22.751801 
147.605774 29.143379 
137.051620 31.706207 
125.823227 32.400982 
193.586777 29.580193 
204.447388 23.025455 
215.639420 23.950745 
224.638809 29.552830 
216.019424 33.126572 
204.782227 32.446934 
139.321854 107.314056 
149.942810 102.402771 
160.216385 98.511314 
167.912003 100.858803 
177.137863 99.097183 
188.108902 103.106903 
200.030060 107.508293 
188.588455 120.349892 
177.251770 127.496010 
167.247604 129.169617 
158.393448 127.385635 
148.347519 119.909721 
143.851486 108.276489 
159.545090 104.643448 
167.960358 105.563080 
177.791473 105.040787 
196.004654 108.511429 
177.754883 115.332504 
167.628235 117.419472 
159.167953 115.098442 
132.250000 25.500000 
207.125000 24.750000 
