68 2
163.612701 72.027016 
165.524933 88.085045 
168.851807 103.837547 
172.832809 119.016792 
178.915588 133.748444 
188.181458 146.491028 
200.382019 157.804535 
213.453888 166.261948 
227.669815 167.535690 
239.816132 163.318161 
248.961395 153.037979 
256.080444 140.374146 
261.873138 126.504814 
265.296112 112.414520 
267.557465 98.083992 
269.225281 83.233757 
269.323547 68.645477 
175.042816 70.290695 
183.496979 65.468246 
193.226273 63.990067 
203.225708 65.068893 
212.509048 67.947227 
233.338791 66.115646 
241.828690 61.611103 
250.835342 58.875793 
260.165588 59.481831 
266.884033 63.960075 
224.047104 75.700325 
224.751404 86.820702 
225.537445 97.936455 
226.274887 109.256851 
214.089767 113.235168 
219.675720 115.255157 
225.880920 117.026680 
231.691223 115.092896 
236.886932 112.779022 
186.026489 78.483871 
192.417587 75.286346 
200.303574 74.898178 
206.802399 78.622330 
200.310608 81.264572 
192.488266 81.989799 
237.371063 76.779381 
244.347107 72.124847 
251.548447 71.526161 
257.096069 74.024452 
252.495712 78.012238 
245.320740 78.422569 
205.518723 134.126801 
214.271729 131.466385 
221.095856 129.688141 
226.126785 130.895523 
231.461121 129.505890 
238.059952 131.152573 
244.989578 132.464615 
238.857803 140.341965 
232.744446 144.077591 
226.962296 145.239685 
221.094681 144.510696 
213.769485 140.899231 
209.149902 134.046066 
221.029831 132.136490 
226.339340 132.949249 
231.879990 131.908218 
241.720184 132.959167 
232.244446 136.696167 
226.468109 138.294281 
220.840088 137.254990 
