68 2
144.471237 122.767807 
145.088226 134.461929 
146.995300 146.362564 
149.432800 157.766495 
153.316422 168.571747 
160.332321 177.819260 
169.203674 185.349182 
179.101730 190.937744 
190.336945 192.426468 
201.026810 189.999649 
210.761292 184.116531 
218.997208 176.987808 
224.878372 168.101746 
228.048370 157.786209 
230.352158 147.112442 
232.440735 136.098602 
233.990646 124.505585 
153.994705 116.854721 
160.711044 111.837791 
169.017776 110.765610 
177.294281 112.185883 
184.515350 116.006905 
201.316376 116.033585 
208.482422 112.861473 
215.737411 111.759064 
222.684738 113.386810 
227.047913 117.992271 
192.940979 126.157257 
192.688385 133.916458 
192.343155 141.390274 
192.086899 149.224854 
182.334229 153.250793 
186.847794 154.755615 
191.301743 156.168671 
195.701523 155.314194 
199.628830 154.422363 
164.629456 125.361557 
169.570419 123.398651 
175.123657 123.888672 
179.364914 127.396202 
174.544632 128.522034 
168.982605 128.286011 
202.939041 128.798447 
207.927917 125.276772 
213.685501 125.558243 
217.859787 128.004990 
213.803329 130.385727 
208.268723 130.322632 
174.692825 166.290695 
181.000763 164.326141 
186.009094 163.535507 
189.474426 165.113037 
193.693466 164.192841 
198.739075 165.800766 
203.981720 167.564728 
198.691788 172.505569 
193.538879 174.626343 
188.985870 175.075668 
184.793365 174.191803 
180.092575 171.304108 
177.141556 166.552383 
185.708633 167.782776 
189.440598 168.468735 
193.420471 168.309631 
201.233704 168.091629 
193.315140 168.493546 
189.097900 169.085754 
185.426529 168.053970 
