68 2
168.015701 79.130951 
169.094498 89.314606 
171.138397 99.447121 
173.906708 109.226563 
177.816162 118.368248 
182.981415 126.868370 
190.223663 134.023331 
198.975784 139.053284 
209.067047 140.262268 
219.226730 138.348282 
227.402893 132.843872 
234.234268 125.556671 
239.265945 116.916122 
242.406174 107.364471 
244.130432 97.561768 
245.421448 87.717171 
245.974777 77.589394 
174.032578 66.179657 
179.387177 61.990681 
186.534714 61.086807 
193.650742 62.581699 
199.946304 65.383118 
214.870361 64.814865 
221.587662 62.517593 
228.300949 61.393799 
235.236267 62.263515 
240.118622 66.576286 
208.081619 72.353432 
208.233261 77.956497 
208.434570 83.523720 
208.602081 89.382339 
200.579208 95.981262 
204.290024 97.014465 
208.205261 97.768661 
212.069931 97.049713 
215.695557 96.229668 
182.029709 74.139481 
186.439682 70.962532 
192.157578 71.110260 
196.873062 74.883942 
191.851059 76.190948 
186.365479 76.293198 
217.897003 74.794571 
222.546646 71.186607 
227.924805 71.355293 
232.119354 74.247437 
228.382782 76.241165 
223.070877 76.137733 
195.186493 113.171700 
199.458313 107.958649 
203.910873 105.155945 
207.859726 106.128448 
212.173279 105.329887 
216.985718 108.380157 
221.032532 113.026596 
217.012939 118.235352 
212.618027 120.568321 
208.149231 121.173531 
203.911362 120.565323 
199.448975 118.185631 
197.719513 113.001854 
204.000671 109.219727 
207.909943 109.270538 
212.261978 109.400917 
218.693542 112.882355 
212.392471 114.518486 
208.024765 115.147652 
204.058884 114.577965 
