68 2
142.449982 54.286880 
143.016037 74.697403 
146.200272 94.202850 
150.005341 113.361069 
154.933517 131.787857 
162.735870 149.186096 
173.742828 165.088547 
186.024612 178.941101 
204.269577 183.995636 
222.289124 181.901672 
237.988708 170.317093 
252.376160 157.101044 
264.764526 142.235962 
274.113159 124.380371 
280.331116 105.504120 
285.552917 85.358551 
288.812866 64.280663 
146.485916 39.112118 
155.430466 30.903931 
169.368805 31.222891 
182.343643 35.936504 
194.591507 42.464737 
224.606140 44.338955 
239.065491 40.017815 
253.262634 36.837254 
268.018982 38.476101 
278.355743 46.841965 
208.114456 57.465828 
206.823517 69.968323 
205.383926 82.346695 
204.023712 95.405998 
191.127426 103.905899 
197.446609 107.274376 
204.453232 110.174057 
213.218796 108.032219 
221.139038 105.818146 
160.238312 56.020386 
168.581314 50.770588 
179.841568 51.451603 
188.658096 58.918388 
178.915909 61.524597 
167.699768 61.389885 
232.426651 61.296143 
242.768524 55.433002 
253.991486 56.372257 
262.004272 62.037029 
253.924591 66.243011 
242.887100 65.090118 
179.814178 132.185730 
189.915283 130.444611 
198.032410 128.916367 
204.186874 131.481766 
212.632889 129.942902 
222.855545 132.369476 
233.498810 135.343781 
222.998154 146.123199 
212.798279 150.703964 
203.739929 151.382263 
196.316467 149.664612 
188.638412 144.458862 
184.414276 133.818619 
197.774628 135.073471 
204.276123 136.558731 
213.186462 135.673477 
229.251434 136.445221 
213.116531 138.684952 
204.203674 139.793777 
197.515747 137.594543 
