68 2
113.643295 96.706490 
115.476372 113.897064 
118.816437 130.680573 
122.286224 147.072189 
127.061974 163.535675 
134.465576 178.156937 
145.790283 190.250214 
159.690170 198.803787 
176.603333 200.681946 
193.222961 197.641327 
207.578323 188.798416 
219.362061 176.597961 
227.344391 161.547180 
232.242920 145.562668 
235.339661 129.353516 
237.914444 112.652832 
239.278152 96.113014 
118.507500 82.801720 
126.685028 73.417458 
140.089706 71.497787 
153.046814 74.432892 
165.597839 79.173134 
185.537613 79.154129 
197.942917 74.142387 
210.418533 70.962502 
223.369232 71.734489 
232.235168 79.871277 
175.825150 88.793892 
175.660950 99.808044 
175.536987 110.919601 
175.521576 122.342621 
162.287598 132.312424 
168.787994 134.298431 
175.811310 135.523392 
182.961838 133.917450 
189.441940 131.491333 
133.787262 95.350288 
141.342163 91.260849 
150.289185 91.080170 
158.303558 95.113274 
150.175461 97.851006 
141.216248 98.524261 
193.483734 94.599884 
202.656143 90.329346 
211.199524 90.553291 
218.053833 94.046700 
211.440460 97.316536 
202.753586 97.055962 
152.246628 157.613235 
161.552643 154.438431 
169.896790 152.168213 
175.938660 153.861694 
183.168915 151.991821 
191.618515 153.667419 
200.534607 156.341568 
191.530060 163.824997 
182.963730 167.592896 
175.395920 168.474014 
168.790222 167.882965 
160.793381 164.554642 
156.729507 157.796814 
169.704361 157.654861 
175.928802 158.324432 
183.499710 157.365021 
196.660965 156.917526 
183.280670 157.752151 
175.697845 158.569962 
169.382996 157.844254 
