68 2
135.592407 139.307983 
135.986038 153.885284 
137.348022 168.002396 
138.964859 181.689972 
142.514313 194.716995 
148.744827 206.913925 
157.703568 217.440277 
167.628082 226.300186 
180.421356 229.215118 
193.878128 228.066589 
206.054428 221.469055 
217.659149 212.895126 
227.395996 202.042023 
234.407410 189.314499 
237.746307 175.335236 
239.592285 160.739700 
241.091202 145.293243 
140.081985 136.279312 
146.595993 130.459244 
156.612579 130.070511 
166.366760 132.725067 
175.706116 136.733917 
191.787704 137.315826 
202.070801 133.342316 
212.816864 130.840302 
223.460510 131.909729 
230.682693 138.442429 
182.896805 145.263962 
182.051971 155.479507 
181.132141 165.706909 
180.378967 176.023468 
171.036392 178.913498 
175.550278 181.165115 
180.559525 182.921829 
186.382111 181.410828 
191.611893 179.587082 
150.491425 144.708557 
156.637909 141.289749 
163.956436 141.580399 
169.226715 146.204605 
163.191010 147.936768 
155.857269 147.967178 
198.986115 146.867935 
205.766083 142.255356 
213.064240 142.391174 
218.241241 146.025040 
213.014175 149.200134 
205.807083 148.964905 
163.630035 196.692001 
169.587326 193.882706 
175.387726 192.686142 
179.515015 194.310364 
185.093948 193.052170 
192.283249 195.102859 
198.659729 198.038696 
192.137482 204.758301 
184.832092 207.740417 
179.076477 208.118881 
174.199600 207.256577 
168.607803 203.770721 
166.808655 196.825897 
175.295959 196.357803 
179.430725 197.483734 
185.117493 196.758560 
195.373215 198.075500 
185.130646 199.707504 
179.483093 200.228104 
175.060242 199.202209 
