68 2
134.599670 162.916443 
136.227814 177.313446 
138.499237 191.226990 
139.826904 204.947571 
142.418396 218.502213 
149.734772 229.251160 
161.665939 237.176544 
176.667694 241.515106 
194.046097 242.089462 
210.738373 240.811462 
224.485886 235.370712 
235.219070 227.020325 
241.990021 215.467773 
244.739670 201.875900 
246.440216 188.217072 
248.223251 174.820770 
249.243713 161.785950 
139.240829 145.009583 
144.504669 132.184509 
156.854706 125.482697 
171.010773 124.267906 
184.067337 127.846596 
198.927261 126.139877 
211.584656 122.750961 
224.557343 123.579781 
236.456619 129.317291 
243.361359 139.669357 
192.559723 138.657333 
192.932190 145.823700 
193.194839 152.739014 
193.523880 160.406616 
182.004211 175.195694 
187.837082 175.770432 
193.489441 176.619324 
199.264725 175.954407 
204.657288 175.474884 
154.526093 147.247696 
160.908142 141.128845 
169.181046 140.473587 
176.683945 146.759247 
169.663513 148.388916 
161.348587 149.074570 
207.427750 145.705170 
215.114700 138.900650 
223.397537 139.205048 
229.886719 145.135681 
223.913147 147.096054 
215.921478 147.044510 
169.756699 203.765976 
179.210251 196.381577 
187.535568 192.188950 
193.187561 193.528610 
199.192459 191.738937 
208.267883 195.993301 
217.434692 202.889679 
208.532394 204.706436 
200.263977 204.715134 
193.989578 204.836121 
188.036865 205.202347 
179.322937 205.653488 
173.690460 202.599228 
187.767273 199.030334 
193.425720 199.205215 
199.500900 198.253342 
213.735291 201.758499 
199.608078 197.684143 
193.453629 198.122681 
187.826065 198.641876 
