68 2
155.827454 94.871445 
158.039185 107.611954 
161.538437 119.967201 
166.256042 132.170593 
171.774551 143.502350 
179.532898 153.285721 
191.196594 160.253052 
204.058899 164.499802 
217.168594 164.414490 
229.925888 160.387299 
241.765945 153.738373 
251.781525 144.970047 
258.634491 134.495209 
262.734497 122.674164 
264.516846 110.216766 
264.858093 97.261856 
264.261047 84.077164 
160.649506 73.723717 
167.521667 66.938873 
176.681122 63.613079 
187.370407 62.765450 
197.447220 64.946320 
214.556854 62.983200 
223.658554 58.862556 
233.842499 58.058830 
243.378525 59.842361 
251.204758 64.522499 
206.521973 74.919571 
206.700439 80.501923 
206.779114 86.095779 
206.854630 92.155624 
200.431229 105.370728 
204.793152 105.789970 
209.017014 105.848305 
213.632843 104.684662 
217.966827 103.317078 
174.196182 83.971085 
179.863495 79.506569 
187.225403 78.108727 
193.982605 81.228828 
188.041138 84.406586 
180.851868 85.600418 
222.322113 78.428017 
228.785965 73.921783 
235.896622 73.770416 
242.002365 77.292427 
236.741669 80.084106 
229.598145 80.210068 
194.819763 130.221863 
200.648575 122.668457 
206.691620 117.785332 
210.449677 118.196953 
214.473434 117.112389 
222.564117 120.878471 
231.127686 126.661728 
223.901993 132.268906 
216.832199 134.881348 
212.533966 135.912262 
208.357483 135.982056 
201.943497 134.398270 
198.063126 129.152557 
207.431030 123.103096 
211.152832 122.355522 
215.270447 122.399673 
227.786240 126.355309 
215.785446 128.340027 
211.571838 129.262238 
207.816483 129.337585 
