68 2
172.154099 95.677750 
172.094498 109.915771 
173.428680 123.876183 
176.488342 137.496429 
181.012299 150.265900 
187.438828 161.904572 
196.997955 171.760315 
208.228027 178.860291 
222.324753 180.622665 
236.669083 178.447128 
248.764343 171.668686 
259.158966 162.520096 
266.785797 151.502594 
271.747406 139.425766 
274.875977 126.653511 
276.976013 113.484634 
278.548340 100.200279 
179.977615 82.224640 
186.394791 75.529625 
195.406677 73.318367 
204.949829 74.909760 
213.047546 78.779587 
235.082245 79.440704 
244.293564 77.007584 
253.376602 76.514771 
262.020203 79.019760 
267.336639 85.787018 
224.277725 90.784782 
223.880997 96.975426 
223.543671 103.091225 
223.248398 109.655464 
212.785522 120.555405 
217.517822 122.078949 
222.317078 123.195419 
227.675888 122.550323 
232.660477 121.232826 
190.875900 92.185944 
197.009262 88.237167 
204.179626 88.705910 
210.071686 93.600342 
203.518341 94.418053 
196.393829 94.182526 
238.358749 94.795517 
245.025330 90.648788 
251.723938 90.810051 
256.540985 94.929771 
251.636307 96.561279 
244.997665 96.192604 
203.047058 143.600082 
209.903839 136.957092 
216.892624 134.246017 
221.462463 135.560608 
226.747574 134.489288 
234.257599 137.876816 
240.650467 143.839874 
234.190918 148.295273 
227.198776 149.795898 
221.800934 150.396332 
216.611206 150.152481 
209.641495 148.619537 
206.322235 143.117538 
216.441116 139.321075 
221.366409 139.528381 
227.081726 139.268250 
237.872177 143.475342 
227.509628 142.885788 
221.999512 143.529037 
216.905380 143.293488 
