68 2
141.595734 110.488388 
143.381393 124.726563 
145.928040 138.443878 
149.001297 152.152481 
154.543152 164.536926 
163.442230 174.602539 
175.888367 182.140945 
189.954926 188.100540 
204.426758 189.686554 
217.460693 187.037781 
229.400818 180.979050 
239.589783 173.587524 
247.522400 163.446625 
251.808777 150.890259 
254.400452 138.115875 
256.043274 124.500473 
256.899872 111.037621 
153.364639 88.013588 
160.655380 81.128868 
170.514954 78.546104 
181.161621 78.782196 
191.156830 81.215767 
214.822815 80.972603 
224.680695 78.236862 
234.479385 78.396317 
243.375626 81.740692 
249.575256 88.374252 
202.669434 92.897568 
203.107712 99.060333 
203.601105 105.438461 
204.178528 112.250610 
193.828522 124.477203 
198.720169 125.145546 
203.762619 125.577919 
208.685257 125.235718 
213.323227 124.611122 
164.706116 97.034843 
171.435196 91.801506 
180.159515 91.414246 
187.348618 96.713943 
179.961563 99.063110 
171.494492 99.566727 
217.631622 96.741898 
224.720016 90.976486 
233.223175 91.574463 
239.156357 96.743088 
233.462463 99.467804 
225.211609 99.073219 
181.194321 150.629532 
189.303238 141.906418 
198.195694 136.716782 
204.282867 137.087021 
210.702820 136.841949 
218.402222 142.014099 
224.575256 150.317322 
218.157608 156.731979 
210.508652 159.343292 
203.637421 159.838730 
197.268219 159.352707 
188.786118 156.715881 
185.690475 149.597336 
198.134506 142.183945 
204.267899 141.705063 
210.797897 142.483597 
220.084991 149.713303 
210.596100 152.163834 
203.755432 152.616394 
197.655685 152.041473 
