68 2
91.281670 92.013092 
90.962379 110.646965 
92.696968 128.303680 
94.833107 146.199860 
98.684120 164.292374 
105.995567 180.193420 
119.020279 193.322113 
135.041687 203.126846 
152.757706 206.907776 
170.360626 204.845673 
186.256393 196.679001 
199.670029 184.874832 
208.913956 170.166412 
214.660538 153.228607 
218.379684 136.353668 
221.693237 118.876190 
223.180603 101.495728 
103.827057 76.286255 
113.412369 69.414566 
125.466637 68.035797 
137.205231 71.063148 
147.725372 76.217705 
170.497940 76.221977 
182.506104 72.651855 
194.491730 71.700653 
205.979126 74.094429 
213.507980 81.200562 
159.218216 92.165337 
158.475952 103.218292 
157.583984 114.186661 
156.707016 125.474030 
143.482666 133.427521 
149.356720 136.757629 
155.727219 139.356094 
162.241791 137.678421 
167.945419 135.183975 
117.686798 92.806984 
125.563423 89.084869 
134.603485 89.752945 
141.947861 95.567772 
133.790588 97.345261 
124.839325 96.829536 
174.644791 97.207672 
183.007263 91.962959 
191.770233 92.588875 
198.494736 97.295921 
191.924622 100.275856 
183.225815 99.841705 
129.974731 160.498856 
139.492859 154.065399 
148.105774 151.859879 
153.609055 153.891144 
160.076370 152.894943 
169.340591 156.628265 
178.238510 163.010910 
169.221375 171.281967 
159.906830 174.935501 
152.957794 175.522552 
146.578552 174.408142 
138.197891 169.739960 
133.933502 160.686432 
147.526932 157.040405 
153.463409 157.820587 
160.402039 157.738632 
174.273926 162.896347 
160.276367 165.445068 
153.229675 166.040985 
147.174744 165.066757 
