68 2
137.883331 100.102951 
139.467392 112.989197 
141.827393 125.922569 
144.790604 138.896347 
149.193420 151.148804 
156.379578 161.974426 
165.950623 170.967667 
176.892822 177.347687 
189.479645 178.663498 
201.463196 176.019424 
211.373917 168.540588 
219.213516 159.023300 
224.732834 147.923798 
227.941269 135.553162 
229.931335 123.388687 
231.068146 110.899040 
231.186279 98.645790 
147.087677 92.709892 
152.735168 85.648964 
162.104172 82.602104 
171.992920 82.962860 
181.180649 86.219566 
198.050308 85.022842 
206.677094 82.058525 
215.397736 82.005516 
223.366272 85.212769 
227.536530 92.102501 
189.562775 95.525620 
189.975082 103.895493 
190.365829 112.104721 
190.877075 120.619682 
180.785110 126.760635 
185.460236 127.676811 
190.407211 128.554031 
194.777023 127.864395 
198.766525 127.001465 
158.308533 98.221916 
163.293442 94.704521 
169.906601 94.623619 
175.810623 98.570038 
170.086746 99.982635 
163.512787 100.351196 
200.838440 97.859940 
206.286316 93.547455 
212.425156 93.622101 
216.925919 97.044586 
212.768036 99.131248 
206.732697 99.183945 
171.936951 143.384094 
177.903122 139.837219 
184.419922 137.804993 
189.739197 138.536072 
195.815323 138.080597 
201.769806 140.482834 
206.998383 143.629013 
201.717468 150.620377 
195.760223 154.125137 
189.270645 154.957306 
183.467224 154.123993 
177.207413 150.369232 
175.024841 143.353256 
184.660416 141.056900 
189.656662 141.266632 
195.763092 141.213959 
203.834457 144.004089 
195.517288 147.870392 
189.277405 148.797165 
184.155121 147.732635 
