68 2
98.103111 86.784195 
99.200882 111.583191 
102.013153 135.449646 
106.243729 160.786697 
113.230377 185.088196 
125.995323 206.793732 
145.408768 223.950165 
167.940918 234.927597 
193.580734 237.403534 
220.042419 233.320831 
244.220596 222.423035 
263.685913 205.588303 
276.926971 183.345795 
284.629730 158.275116 
288.796021 134.503662 
290.345703 109.972435 
290.478638 86.515663 
114.241295 58.360126 
124.517807 42.874603 
141.549011 35.380844 
160.825562 36.504169 
178.375748 42.606190 
211.844574 41.809074 
229.492218 35.890812 
248.081436 35.722855 
265.235077 42.375313 
276.259949 56.248405 
196.524902 62.190689 
196.204773 75.982117 
195.934311 89.439423 
195.628128 103.739632 
176.894379 123.535019 
185.958389 126.499825 
195.465454 128.824646 
205.226837 126.651459 
214.230225 124.104889 
135.007385 77.164909 
146.712631 72.490936 
158.385635 71.180595 
170.744293 73.770409 
158.600403 74.741196 
147.278610 75.885719 
222.939545 72.548485 
235.706818 70.419884 
247.201660 71.362083 
257.276001 75.373863 
246.314041 74.676094 
235.099045 73.646904 
154.625916 165.321945 
169.459946 153.403046 
185.246277 147.214859 
195.412659 148.420441 
206.144302 146.667831 
222.634247 152.847382 
236.975891 163.340042 
223.199936 177.826584 
208.189377 184.831818 
196.536011 186.739456 
185.331299 185.698608 
169.540863 179.316269 
160.508942 164.928741 
185.311920 155.883957 
195.462372 156.074661 
206.772507 155.434372 
230.846436 163.432144 
207.420242 171.092941 
195.957947 172.948059 
185.272278 172.678329 
