68 2
175.133286 70.901276 
176.598495 86.766701 
179.403473 102.554230 
183.189346 117.721764 
189.427673 131.886230 
198.730652 143.858475 
210.615417 153.809952 
223.139465 161.444153 
237.107803 162.393188 
249.700623 158.652161 
259.374146 148.870026 
267.780548 137.585510 
274.658813 124.634125 
277.875549 110.841446 
279.682495 96.768951 
280.945587 81.908981 
281.149200 67.790680 
186.573547 67.569748 
194.403137 61.796963 
204.142853 59.565056 
214.549042 60.503487 
224.068024 63.333740 
243.920761 61.117981 
252.994034 56.533760 
262.797211 54.183884 
272.563202 55.820938 
278.434906 62.307487 
234.856384 72.416016 
235.359589 82.259674 
235.813858 92.164398 
236.340149 102.356232 
224.158096 109.071907 
230.055450 110.576736 
236.272156 112.128860 
242.178055 110.508064 
247.596115 108.860260 
197.744263 75.710640 
204.165176 72.909966 
211.931046 72.335449 
218.438248 75.628693 
211.950317 78.016663 
204.213486 78.764435 
248.471085 74.344688 
255.817200 70.014091 
263.108032 69.768013 
268.688049 72.238770 
263.924896 75.663475 
256.496002 76.026505 
215.500275 129.137939 
224.858826 126.987900 
232.161621 125.165489 
236.790710 126.699150 
241.776016 125.061172 
248.842117 126.427734 
256.754120 127.262802 
249.531952 133.993958 
242.809601 136.920441 
237.342590 137.679153 
232.087509 137.097321 
224.489502 134.237198 
219.302689 129.078690 
232.349289 128.218811 
236.891739 129.018326 
242.077881 127.924232 
253.116150 127.892365 
242.144669 129.973602 
236.855606 131.026550 
232.131027 130.309921 
