68 2
183.997604 71.612389 
184.654434 87.705048 
186.526871 103.694489 
189.440170 118.855171 
194.865967 133.392502 
203.548843 145.937531 
214.738480 157.204880 
226.695618 166.163696 
240.428040 167.883408 
252.651825 164.979233 
262.081268 156.148026 
269.964783 144.523621 
276.639557 131.881775 
281.219513 118.524033 
284.502747 104.677605 
287.036865 90.065567 
288.025208 75.651535 
195.587708 71.429329 
203.862976 66.710739 
213.507904 65.739250 
223.319366 67.402863 
232.159149 70.660812 
252.653290 69.910988 
261.637390 66.007889 
270.919586 64.073753 
280.071655 65.324440 
286.109802 70.378677 
243.052490 79.776154 
243.088135 91.026733 
243.263748 102.285378 
243.336533 113.625885 
230.573669 115.697906 
236.316086 118.020210 
242.279358 120.283340 
248.220383 118.721313 
253.498108 116.831108 
205.705917 80.030075 
212.221619 77.228012 
220.237015 77.311340 
226.469604 81.422501 
219.817627 83.774757 
211.812302 84.004501 
256.008209 81.503052 
263.281067 77.166542 
270.524231 77.062073 
275.908478 79.977562 
271.099579 83.632484 
263.867126 83.710533 
220.930161 135.012650 
229.253342 132.576920 
236.470734 131.277481 
241.549881 132.641510 
247.282959 131.622864 
253.895203 133.546768 
260.397827 135.516342 
253.975891 142.810516 
247.606552 146.279312 
241.502472 146.978867 
235.769470 146.014465 
228.635468 141.964218 
224.443375 134.949631 
236.514999 134.574524 
241.691330 135.535049 
247.400253 134.871597 
256.934326 135.835815 
247.464325 138.188934 
241.561386 139.338593 
236.200119 138.132050 
