68 2
138.763672 114.368217 
138.884460 134.768860 
140.809723 154.912369 
142.212372 175.572433 
147.452209 195.143494 
157.715225 211.872772 
171.816467 226.291580 
187.962860 238.987000 
207.635803 242.367126 
225.434326 239.488251 
240.037674 228.008118 
252.529922 213.171799 
262.667816 196.987350 
269.171082 178.052750 
273.218811 159.590530 
276.548370 140.094574 
278.311859 121.106972 
148.712860 105.087242 
158.465820 92.607376 
174.289734 88.813080 
190.658371 91.622566 
205.616257 98.396461 
224.054657 99.511177 
238.787216 94.577850 
254.042023 93.314987 
268.021271 98.332405 
274.787231 110.388496 
215.057358 116.606216 
214.793884 129.450623 
214.670258 142.211609 
214.285416 155.521301 
196.088837 164.724518 
204.424011 167.866425 
212.790527 170.825089 
220.702713 168.841614 
227.736496 166.522980 
164.641464 115.267860 
173.695786 108.949875 
185.105453 110.225105 
193.243958 119.483116 
183.751312 121.974640 
172.239197 121.275581 
232.185135 121.288208 
241.923889 112.555191 
253.057343 112.899117 
260.395386 120.122856 
253.596573 124.992325 
242.629776 124.529350 
180.231384 193.293274 
192.731583 190.916626 
203.685806 189.196594 
209.786209 191.890030 
216.320313 189.802414 
226.232574 192.961563 
237.165421 197.076248 
226.576660 204.021667 
217.145416 205.855286 
209.930481 206.204010 
202.558426 205.403503 
191.901108 202.318253 
184.287933 194.554626 
202.858185 196.199738 
209.688553 197.246613 
216.393127 196.543808 
232.928787 197.748917 
216.763947 196.850800 
209.786911 197.455338 
202.914001 196.360168 
