68 2
154.411057 69.091560 
154.342361 82.568764 
155.806549 96.477364 
158.280640 109.863686 
163.812790 122.409698 
172.180588 133.350677 
181.578842 142.516251 
192.564423 150.046173 
205.982468 150.956650 
218.579819 147.740067 
228.261444 138.398163 
236.234894 127.428970 
242.673019 116.244888 
246.878357 103.232231 
248.139267 89.736298 
248.499832 76.202888 
248.064453 63.214493 
159.715607 56.665031 
166.013672 50.477798 
175.376038 48.541138 
185.209412 49.862976 
193.750168 53.948071 
210.784317 52.969727 
218.838318 48.104694 
227.804199 45.652824 
236.522568 47.343845 
241.814697 53.725822 
202.562881 63.127548 
202.962387 72.842606 
203.529526 82.570709 
203.985107 92.526764 
191.356415 95.994438 
197.319977 98.987900 
203.919662 101.259186 
210.370178 98.204971 
215.883926 95.068909 
171.214996 64.680351 
176.521927 61.987419 
183.044830 62.322319 
188.327835 65.770500 
182.721817 67.191559 
176.266266 67.162140 
215.571671 64.730347 
221.172913 60.808735 
227.175842 60.511318 
232.075851 62.971001 
227.828934 65.584572 
221.876251 65.919884 
183.802628 115.636894 
192.189865 113.084930 
199.745178 111.784645 
204.745392 113.109566 
209.990417 111.506088 
216.526108 112.232193 
223.506561 113.459900 
216.643036 118.117889 
210.054077 120.389023 
204.302963 121.097031 
198.961395 120.898125 
191.524902 119.260658 
187.392990 115.646645 
199.656845 115.457726 
204.783432 116.081856 
209.958771 114.987167 
220.136414 113.852821 
209.661774 114.480225 
204.164841 115.423248 
199.162918 115.248901 
