68 2
156.987854 100.152946 
158.447052 114.963760 
161.270142 129.229080 
165.311005 142.803864 
170.768021 155.487778 
178.758591 166.944107 
189.892670 176.503876 
202.326477 182.995422 
216.584625 184.428482 
230.528839 181.869827 
241.875351 174.033020 
251.101837 163.992325 
257.974823 152.169907 
262.212585 139.124817 
264.475952 125.887466 
266.137695 111.993149 
266.572876 98.105034 
164.994781 81.838867 
172.242142 75.257286 
182.241196 73.522758 
192.235809 75.142181 
201.332916 79.159599 
224.319138 77.981789 
233.452255 75.139290 
242.723846 73.959854 
251.537415 75.864655 
257.530243 81.582047 
214.059875 90.243568 
214.474930 98.041801 
214.965469 105.830566 
215.396774 113.899521 
203.919083 122.988228 
209.347778 124.674423 
214.979370 125.830475 
220.548004 124.709976 
225.401550 123.234703 
176.622833 93.270515 
182.474319 88.927361 
190.415100 88.821289 
197.653885 93.131233 
190.440735 95.564102 
182.561630 96.201851 
227.287415 93.052582 
233.877121 88.340759 
241.361954 88.807350 
247.356873 92.758652 
242.016769 95.540314 
234.398819 95.408791 
194.957932 146.465637 
201.593750 139.715271 
207.947189 135.931427 
214.326279 137.136734 
220.978775 136.169617 
228.233704 140.350830 
234.746719 146.069870 
228.140930 150.835861 
221.115662 153.252853 
214.202713 153.929642 
207.508240 153.185608 
201.244019 150.665070 
198.493134 145.807861 
207.751038 141.303299 
214.381393 141.266159 
221.384766 141.602493 
231.645615 145.753677 
221.228043 145.456787 
214.191956 146.499405 
207.612122 145.668289 
