68 2
112.781708 67.439117 
114.462860 79.873970 
116.730942 91.784027 
119.233856 103.722870 
123.964928 114.013290 
131.199081 122.302284 
140.078445 129.103363 
149.687851 134.589645 
161.242126 135.749557 
172.578079 133.360962 
181.909271 126.500458 
189.209290 118.692535 
194.411392 109.434998 
197.273712 99.093292 
198.937210 87.796356 
200.186661 76.971130 
201.038696 65.817345 
120.841522 53.669041 
125.388641 46.852104 
132.900711 43.470219 
140.992920 44.235538 
148.600052 46.893047 
170.684799 47.276642 
177.977753 45.419521 
184.822205 45.284828 
191.073654 48.061062 
194.782898 53.695797 
160.292999 57.213135 
160.787659 64.021179 
161.175735 70.580986 
161.652618 77.522141 
151.985901 85.874725 
156.455353 86.743843 
161.162903 87.482925 
165.366043 86.676788 
169.320297 85.941711 
130.168579 61.623196 
135.548828 58.645706 
141.640854 58.463371 
147.120743 61.465549 
141.543304 62.741245 
135.623734 63.036724 
171.305634 61.946228 
177.540710 59.375862 
183.370712 59.795235 
187.872635 62.736320 
183.165955 64.027466 
177.433441 63.409039 
142.516495 104.307358 
149.135391 98.780907 
155.868607 96.203819 
160.961380 96.908020 
166.116638 96.028801 
171.908676 98.869064 
176.396759 104.150620 
171.950409 110.922554 
166.392883 114.081680 
160.894592 115.138214 
155.417419 114.673218 
148.601349 111.781364 
145.295853 104.369492 
155.822433 100.890114 
160.964874 100.661095 
166.404358 100.562477 
174.127899 104.223083 
166.457214 107.405975 
160.833405 108.588905 
155.550552 108.007019 
