68 2
92.715691 42.594597 
95.532516 65.106522 
100.501190 86.735420 
106.137207 107.900452 
114.224274 126.869659 
124.712456 143.853790 
137.384003 158.200500 
152.113525 169.085159 
171.881027 172.286270 
190.214951 168.869263 
205.786774 157.465546 
220.045471 142.522873 
231.020920 125.722778 
238.179871 106.471581 
242.951828 86.696587 
246.272644 65.471458 
248.373505 44.334484 
100.304855 24.182459 
110.424416 12.184479 
126.581139 9.588100 
143.643890 13.029083 
158.485947 20.076788 
182.909760 20.744509 
198.475403 14.160106 
214.488846 11.031130 
230.023544 13.831635 
240.591583 24.857233 
170.093201 34.153313 
170.125168 47.319576 
170.141571 60.426689 
170.156204 74.169205 
154.056808 87.091919 
161.849442 89.732964 
170.348465 92.196571 
178.936462 90.043365 
186.935883 87.728966 
116.533463 39.543896 
125.047157 33.955929 
136.734863 34.203125 
147.215836 40.751743 
136.580399 43.566696 
124.744278 44.179646 
194.182190 40.838562 
204.442612 34.260403 
215.824036 34.689514 
224.745193 39.807858 
216.641815 43.985729 
205.050888 43.605145 
142.865585 121.486137 
154.416992 115.301529 
164.059616 112.054382 
170.631561 115.171211 
178.145187 112.907639 
188.258102 116.233368 
198.669693 121.058418 
188.747864 129.551010 
178.728333 133.993835 
170.524094 134.478882 
163.127869 133.708221 
153.549774 130.297150 
148.031937 121.627846 
163.859390 119.021378 
170.758728 121.002113 
178.356415 119.800186 
193.958679 121.672241 
178.456268 122.302597 
170.576813 123.238495 
163.773819 121.972832 
