68 2
105.568542 129.203064 
105.666145 141.728577 
106.600479 154.817352 
109.069977 167.949890 
114.018646 180.230347 
120.469742 191.092300 
128.753006 200.174805 
138.564774 207.124298 
150.955978 208.735901 
163.494736 206.232529 
173.442551 198.784653 
181.601257 189.221375 
188.025757 177.877258 
193.039825 165.899078 
195.998367 153.765533 
197.256775 141.067841 
197.867081 128.777603 
111.787132 114.058380 
117.309067 108.435127 
125.451225 106.705132 
133.980957 107.809189 
141.919373 110.734413 
159.122726 111.498146 
167.064041 108.246071 
175.626633 107.049263 
183.846436 108.463974 
189.107666 114.265167 
150.669174 120.910019 
150.382690 129.384247 
150.300720 137.927902 
150.114929 146.618484 
139.257446 150.743805 
144.195099 153.664017 
149.684143 155.444260 
155.933365 153.647980 
161.407501 151.250061 
121.181488 122.665070 
126.272720 119.560875 
132.541229 119.438629 
137.569199 122.966187 
132.125305 124.965347 
126.063301 125.081818 
163.452332 123.140106 
169.742599 119.714897 
175.810608 120.098915 
180.315247 123.158783 
175.781433 125.547852 
169.808243 125.229355 
131.739304 173.128098 
139.173676 170.194901 
145.722595 168.095856 
150.112549 168.948975 
154.965469 168.093018 
161.151260 169.997437 
167.629944 173.044800 
160.978531 175.811676 
154.951996 177.142822 
149.828552 177.519638 
144.917542 177.099670 
138.628830 175.472717 
134.475677 173.023834 
145.245712 171.310364 
150.083008 171.504608 
155.154434 171.319199 
164.623642 172.748581 
155.204605 171.557510 
149.985519 172.220520 
145.145020 171.768982 
