68 2
143.314392 114.601944 
145.081604 130.183701 
148.933136 145.321564 
152.848358 160.141632 
159.195663 172.935410 
169.029739 183.411972 
182.062332 190.651199 
196.619415 196.237961 
211.471436 196.862305 
225.427322 192.825989 
237.373016 185.227280 
247.968811 176.452881 
255.495148 165.055023 
259.101257 151.528046 
261.071411 137.240356 
262.284393 122.755768 
262.477081 107.963425 
153.524597 93.165558 
161.851486 85.923790 
172.465637 83.282661 
183.693146 83.438530 
194.192764 85.740509 
216.153580 83.870270 
226.767197 80.676605 
236.985977 80.248505 
246.511307 82.576660 
253.387909 88.519348 
205.235107 96.596085 
205.675415 103.608391 
206.207382 110.758926 
206.829422 118.231705 
196.582047 131.671646 
201.866165 131.752670 
207.083740 132.211746 
212.217560 131.458145 
217.187256 131.028107 
165.479980 101.533722 
172.490906 95.901276 
181.573624 95.537491 
189.199463 101.260117 
181.543427 103.644394 
172.725494 104.266083 
221.066147 100.086731 
228.033722 93.080353 
237.156311 93.049026 
244.063690 98.081573 
237.953674 101.361275 
229.165009 101.714897 
182.622498 156.989685 
191.882355 148.812439 
201.117523 143.805771 
207.792801 144.315292 
214.868973 143.341675 
223.562317 147.761795 
231.620667 154.664856 
224.303223 161.728271 
216.243881 165.169189 
208.518875 166.444794 
201.220032 166.120697 
191.721771 163.283188 
186.314102 156.386658 
201.086563 149.349548 
208.084015 148.627014 
215.643143 148.785339 
227.841629 154.740646 
216.044678 157.822937 
208.211487 159.224182 
201.072922 158.827881 
