68 2
148.527161 104.033272 
149.085999 115.959526 
150.902206 127.190025 
153.475418 138.344452 
157.295059 148.817978 
162.856995 158.708923 
170.820129 166.936096 
179.711288 173.961807 
190.514740 175.964111 
201.103729 174.221756 
210.686386 168.352600 
218.865295 160.181442 
224.972305 150.553635 
229.154022 139.678101 
231.646667 128.310547 
233.665802 116.361694 
235.002472 104.013237 
154.222260 94.539223 
159.625061 89.731949 
167.449051 88.994461 
175.149384 90.604607 
182.091339 93.463539 
197.829514 92.605293 
205.501816 89.787262 
213.286545 88.716660 
220.827744 89.940025 
226.035995 94.805038 
190.037781 101.001816 
190.108444 107.770302 
190.096191 114.394028 
190.061096 121.403862 
182.304520 127.678329 
186.193649 129.016724 
190.208725 130.200302 
194.760620 129.079895 
198.935974 127.724205 
162.095032 103.615051 
166.575851 100.681244 
172.256073 100.518837 
177.309143 103.581482 
172.337967 104.906509 
166.809982 105.220955 
203.017822 103.562790 
208.258759 100.425140 
213.605865 100.618095 
218.007813 103.277107 
213.910507 105.010124 
208.508652 104.839676 
175.321365 144.587845 
181.147827 141.166138 
186.397888 139.436142 
190.391907 140.570480 
195.199219 139.545898 
201.196487 141.518417 
206.627426 144.993835 
201.121613 150.660110 
195.070038 152.917999 
190.122253 153.505997 
185.697937 152.930710 
180.637131 150.562943 
177.825867 144.566666 
186.325943 142.727829 
190.370972 143.079834 
195.352356 142.749741 
204.108566 144.930573 
195.049805 147.533676 
190.090027 148.208984 
185.932281 147.417801 
