70 2
146.017273 -2.249594 
145.635330 18.881268 
148.677917 40.259075 
153.683334 60.340210 
160.325806 80.313271 
170.156128 99.547188 
182.966492 117.296227 
197.376694 132.846436 
217.079178 138.347351 
236.863449 137.077972 
256.578583 126.884239 
275.030304 112.460777 
291.545746 94.954025 
304.580719 74.073273 
312.552887 50.785339 
317.276733 26.169312 
319.230408 0.780465 
153.284637 -8.750789 
165.813370 -12.543697 
179.832458 -9.160122 
193.532654 -4.029403 
206.743759 1.358203 
228.055389 1.919479 
244.489151 -3.420234 
261.237488 -6.793479 
278.409058 -6.567950 
294.370758 -1.430231 
217.005646 10.751774 
215.608170 25.072258 
213.916107 39.422958 
212.329773 54.267769 
198.332169 61.046516 
205.963745 66.035042 
215.171844 69.297745 
225.069580 66.000008 
234.584579 62.863628 
168.469894 5.537158 
178.314285 2.403518 
189.912354 3.461391 
199.294632 10.046077 
188.560974 11.944861 
177.151215 11.262664 
244.305237 12.264359 
254.648758 6.334394 
266.254059 6.964989 
276.466919 10.875209 
267.118103 15.413879 
255.553406 15.157063 
190.280762 86.018936 
201.314087 85.213280 
210.808334 84.339020 
217.254700 87.941628 
225.161636 85.290359 
237.319550 86.792229 
251.430450 87.854485 
238.312088 99.635345 
225.847382 103.787392 
217.047668 104.032486 
209.364197 102.621056 
200.247269 98.039398 
194.854294 88.209213 
209.977356 89.459282 
217.318451 91.634781 
225.333084 90.400116 
246.419128 88.767418 
225.448029 93.031807 
217.017654 93.711838 
209.509979 92.104233 
1.000000 1.000000 
263.500000 8.125000 
