68 2
126.187225 149.759338 
127.595985 168.818298 
130.323624 187.858444 
134.973236 205.949524 
143.789734 223.075485 
156.279144 237.273224 
170.772278 249.346786 
185.811554 258.794403 
202.992996 259.703339 
218.403305 256.847351 
230.713654 246.100769 
241.875595 232.804794 
251.507385 217.815750 
257.738098 200.924515 
260.919678 183.509033 
262.648071 164.990997 
263.143066 146.658524 
141.762360 145.798782 
151.720795 139.309998 
164.505188 138.797394 
177.377548 140.790817 
189.581818 144.780762 
212.429138 142.783768 
224.282166 136.942932 
235.879639 133.137421 
248.376648 132.807129 
257.662048 139.365112 
200.700867 154.757965 
201.081619 168.768906 
201.469299 182.987900 
201.554306 197.321304 
183.558655 201.033386 
191.982239 204.218475 
200.949158 207.142090 
209.805573 204.168564 
217.372894 200.919144 
153.379730 158.751892 
162.297638 155.473740 
172.345810 154.849731 
180.216949 158.727112 
172.045624 161.693802 
161.845642 162.565842 
219.570999 156.757339 
227.998322 151.577057 
237.399231 150.816833 
245.073898 153.268890 
238.769913 157.585968 
229.430939 158.553528 
175.508728 221.046814 
184.266251 218.625244 
192.796463 217.651733 
199.552338 219.955902 
206.524139 218.078506 
216.287506 219.121368 
226.076172 219.749161 
216.770416 227.425430 
207.435547 230.766006 
200.061081 231.198303 
193.008072 230.438263 
184.462143 227.175476 
180.366287 220.769073 
192.982590 223.331375 
199.518478 225.075974 
206.329361 223.586243 
220.585358 220.467499 
206.587708 221.114807 
199.718094 221.742401 
193.084839 220.712646 
