68 2
137.933670 106.730034 
140.475891 121.891968 
144.785461 136.956680 
149.593903 151.350525 
155.998856 164.619812 
166.536880 175.596588 
179.766891 184.083923 
194.179459 190.151917 
209.645340 190.272034 
223.956207 185.777405 
235.590439 176.491760 
245.069763 164.838303 
251.874130 151.968491 
254.259979 137.643631 
254.952637 122.836876 
255.489258 108.739380 
254.577698 95.014595 
147.012192 93.145645 
152.718231 83.962494 
162.370621 78.481796 
173.408783 77.930557 
183.960388 80.498726 
210.863861 77.134369 
220.806686 72.471931 
230.967041 71.151459 
240.597092 74.712250 
247.070480 81.858620 
198.827454 93.565605 
199.921005 103.251503 
201.145477 112.519363 
202.341370 122.172714 
191.615112 133.124725 
197.466309 133.477478 
203.312195 133.828995 
208.768753 132.254395 
213.915710 130.808640 
158.889221 101.546379 
165.448257 96.248749 
174.328018 95.248955 
182.754120 99.926720 
175.005295 102.406929 
166.100159 103.704758 
214.684509 96.768837 
222.362564 90.640991 
230.750168 90.119965 
237.500793 93.946968 
231.823944 96.967117 
223.461273 97.625160 
178.761353 152.163712 
188.977936 147.061096 
198.370148 143.808243 
204.419540 144.642273 
210.757019 142.477829 
221.020935 143.464554 
230.941101 145.020508 
222.106400 153.040604 
213.000977 157.403427 
206.057037 158.972992 
199.828003 159.343643 
189.896362 157.169510 
182.778091 152.090042 
199.332855 150.601761 
205.197510 150.395859 
211.764908 148.912659 
226.742737 146.237564 
211.722076 149.618835 
205.083664 151.086075 
199.317444 151.508789 
