68 2
104.589813 107.471329 
105.336884 129.620163 
108.716469 150.940140 
112.469383 173.089630 
117.651474 194.102844 
128.503036 212.493332 
147.017059 225.778549 
169.450592 233.916367 
194.975189 235.788895 
220.570206 232.787323 
242.727402 224.678253 
260.649536 212.440674 
272.104187 194.009796 
278.529175 172.775711 
281.672028 151.975723 
284.270172 130.686127 
285.203644 109.789108 
119.375893 77.625412 
129.027283 62.751125 
145.471191 55.354321 
163.635574 56.703449 
180.846878 63.206596 
210.265411 61.553642 
227.383865 56.709999 
244.785019 56.350708 
261.119873 62.064255 
271.461792 74.947159 
197.044830 82.460236 
196.459412 94.276756 
195.779755 105.796120 
195.132141 117.994698 
177.572372 137.225220 
185.975647 139.866577 
194.761078 142.001099 
204.076736 140.354736 
212.571991 138.326233 
139.368210 94.047523 
150.061218 87.588898 
162.018585 86.959465 
173.957657 93.424675 
162.222336 96.217430 
150.286606 96.825600 
218.715179 93.035622 
230.601379 87.058243 
242.538605 87.713120 
252.158371 93.976776 
242.708679 96.255432 
230.807434 95.829231 
156.907776 175.883835 
171.272171 164.632004 
184.970200 158.881882 
194.145813 160.686813 
203.506836 158.840149 
218.069504 165.523590 
231.354111 175.469742 
218.370544 186.994980 
204.908875 191.823761 
194.591614 193.152466 
184.616669 192.208267 
170.677170 186.879822 
162.346222 175.456558 
184.984192 166.704163 
193.942444 166.555603 
203.725174 166.653336 
225.740417 175.582260 
204.234970 180.516388 
194.238220 181.764236 
184.855530 181.494659 
