68 2
125.369301 111.422211 
125.549385 128.871017 
127.670807 146.128815 
131.078506 162.371765 
137.113754 177.694809 
145.807343 191.491531 
157.116348 203.299500 
170.636673 212.270737 
186.446548 214.994507 
201.031067 212.067657 
213.172226 202.824646 
223.433975 190.996567 
231.499542 177.097397 
237.274963 162.403519 
241.563293 147.168045 
244.902023 131.358383 
246.560974 114.353813 
134.607742 98.683807 
143.259842 90.919624 
155.145905 89.388824 
167.105515 92.184334 
177.552322 97.660873 
204.404495 98.021675 
215.427765 93.925507 
226.421143 92.687828 
236.935760 94.946564 
243.355225 102.485664 
191.704102 111.404549 
191.538132 119.231133 
191.396301 127.125473 
191.365082 135.368637 
178.405701 146.386780 
184.238342 147.779083 
189.918518 148.806091 
195.194626 148.525879 
200.326385 147.831635 
148.137207 110.809555 
155.413162 107.037857 
163.870605 107.786728 
171.528870 113.260117 
163.409943 114.128693 
154.921814 113.813934 
207.343536 114.947548 
215.807709 110.141502 
223.938095 110.461441 
229.941055 114.639648 
223.917450 117.315033 
215.797394 116.786621 
165.080307 172.187195 
173.650085 166.049500 
182.784988 163.073914 
188.385391 164.878387 
194.474197 163.658371 
202.103683 167.613098 
208.438782 174.143784 
201.477295 181.352051 
194.075394 184.991043 
187.400177 185.770157 
181.007584 184.964111 
172.552658 180.632263 
168.763123 171.957306 
182.365631 169.052872 
188.234344 169.507782 
194.467896 169.148270 
204.943436 173.867615 
194.275467 175.887329 
187.881729 177.080078 
181.788834 176.137650 
