68 2
138.911942 108.088249 
139.464432 124.629517 
141.192032 141.545242 
145.139984 157.284256 
151.593353 172.502701 
161.290894 186.150864 
173.221832 197.961914 
185.909943 207.668732 
200.681427 210.780212 
215.319122 207.901016 
228.351913 199.366028 
239.906250 188.197372 
249.526123 174.558945 
257.006958 160.352509 
261.466675 145.404099 
264.425903 129.991394 
266.154510 113.761116 
153.108566 99.376099 
161.688049 92.097908 
173.266327 90.116341 
185.737335 91.751740 
196.585281 95.993530 
212.983475 96.190758 
224.268829 93.117149 
235.871277 92.346420 
247.255615 95.278122 
254.437256 102.937286 
203.458862 110.586922 
202.430634 121.123032 
201.565979 131.654144 
200.747681 142.341980 
187.947220 145.815948 
193.918594 148.567917 
200.817154 150.699005 
208.086349 148.951279 
214.726715 146.604538 
166.055206 111.349022 
172.765930 109.209137 
179.747314 109.196640 
186.317871 111.760826 
179.744873 113.327950 
172.676498 113.667305 
220.373276 112.598206 
227.964874 110.551498 
234.537430 111.419830 
240.447647 113.468788 
234.234314 115.267662 
227.421173 114.820229 
181.014816 163.408966 
188.522507 160.891785 
195.889572 158.827927 
201.297302 159.731689 
208.151993 159.294327 
216.142517 161.948944 
224.114120 165.717056 
215.614960 175.220078 
207.560196 180.064362 
200.462753 180.791718 
194.134308 179.360611 
187.393616 173.466202 
185.506287 163.768356 
195.480148 162.068909 
201.167404 162.506500 
207.991013 162.565536 
219.210907 165.575912 
208.016754 171.706360 
200.975311 172.673996 
194.902328 170.833878 
