68 2
114.307671 78.330040 
112.732216 93.972694 
112.303383 109.915466 
113.063423 125.339882 
116.421669 140.094818 
122.683891 153.408264 
133.686737 165.406006 
147.624237 174.457199 
163.956833 177.942398 
180.848312 177.253845 
196.733765 172.245422 
211.952408 165.259827 
225.024612 154.454117 
234.027756 140.209518 
238.515305 124.424042 
241.217468 107.696571 
243.578232 90.811829 
124.279594 55.491180 
131.532043 47.962723 
141.379272 44.993641 
152.001541 45.540054 
161.484970 49.014854 
188.468643 49.467354 
200.508392 46.794781 
212.423828 47.266060 
223.984680 51.908039 
231.689346 60.563389 
172.781448 64.667320 
171.365051 74.120956 
169.839996 83.468689 
168.188553 92.995132 
156.978943 100.810638 
162.289398 102.397545 
167.518723 104.037811 
174.444077 103.693649 
181.230576 103.304588 
134.365707 68.839691 
141.236542 63.739204 
150.057892 63.979160 
156.804688 70.092773 
149.366028 70.688179 
140.976563 70.567543 
193.252014 70.660019 
201.199814 65.039093 
209.992386 65.451492 
216.451813 71.193108 
210.051346 73.013344 
201.771484 72.257599 
143.332199 125.192001 
147.810120 115.260117 
157.428146 111.091766 
165.208374 112.168930 
174.234329 112.633728 
185.002930 118.759903 
193.430542 129.261993 
183.858093 138.673035 
173.048126 142.591797 
164.384506 142.955139 
156.627747 141.648666 
147.879013 136.041809 
149.139664 124.684433 
158.144714 118.809288 
165.328445 119.404877 
174.118271 119.838837 
187.675751 127.528618 
173.706070 132.332901 
164.976791 132.949402 
157.615295 131.016953 
