68 2
111.158676 142.895752 
111.982628 155.506714 
114.252060 168.191315 
117.801117 180.463623 
122.460831 191.568741 
129.540955 201.700745 
139.983749 208.521622 
152.502274 213.082977 
165.639984 213.159637 
178.880447 209.986801 
190.716431 203.728683 
201.078964 196.190842 
208.127411 186.270584 
212.573090 174.804504 
215.119247 163.472733 
216.140930 151.521622 
216.263947 139.848450 
119.899551 122.758316 
126.404091 116.329742 
135.373215 113.666412 
145.001999 114.753624 
153.844513 118.503944 
168.990829 118.316841 
177.712753 114.216766 
186.808563 112.493690 
195.771637 113.656212 
202.693756 118.853363 
161.080673 129.016281 
160.672577 133.573471 
160.369812 138.183807 
160.172028 143.322327 
153.980423 156.376114 
157.584839 156.477509 
161.180878 156.733948 
165.218323 156.206009 
168.936935 155.370972 
130.676331 134.865784 
135.728592 130.461105 
142.289383 129.789368 
148.300140 133.306549 
142.801208 135.481155 
136.242981 136.189209 
175.095047 131.531311 
180.545319 127.555817 
186.762115 127.647217 
191.914490 131.389969 
187.383850 133.628281 
181.171448 133.488403 
145.867615 181.862518 
151.371078 172.372467 
157.840195 167.328995 
161.704361 168.062531 
166.226746 167.001205 
174.231262 171.576279 
181.731445 179.612366 
174.985062 184.606400 
167.626251 186.079697 
162.780701 186.357788 
158.674316 186.660294 
152.171005 185.801376 
149.036133 180.714371 
158.578796 174.271378 
162.366623 173.683029 
167.210754 173.752380 
178.436340 179.160583 
167.131165 178.565994 
162.199524 178.748352 
158.549179 179.188278 
