68 2
109.442444 135.537537 
110.859352 149.046707 
113.732918 161.788818 
117.506050 174.443604 
121.929497 186.707367 
128.708755 197.408722 
138.099686 206.055603 
149.120117 211.922775 
161.628235 213.238708 
173.398819 211.389236 
183.367416 204.997055 
191.455521 196.644196 
196.389069 185.510284 
200.047394 173.464462 
203.188339 161.933701 
205.744415 149.631104 
206.697159 137.013062 
118.259102 123.059242 
124.787148 115.102890 
134.962509 111.771553 
145.825500 112.355316 
155.409668 116.106201 
167.151901 115.823036 
176.660248 112.877411 
186.630798 112.733238 
195.919846 115.998329 
201.058899 123.463501 
161.462418 128.299072 
161.766495 137.372955 
162.095047 146.118591 
162.431824 155.158035 
152.789001 163.352371 
157.190933 164.400223 
161.699051 165.326721 
165.736710 164.659485 
169.471649 163.667603 
129.172989 130.203613 
134.981308 126.746254 
141.716507 126.939667 
147.295624 131.351425 
141.641663 132.527695 
134.797684 132.551498 
173.607758 131.458572 
179.527374 127.041153 
185.918213 127.059990 
190.952698 130.394333 
186.301666 132.470734 
180.021637 132.558792 
146.995300 185.232895 
152.491516 179.523743 
158.453629 176.030777 
161.968750 176.957077 
165.572250 176.256256 
171.130585 179.765167 
175.928040 184.572388 
171.246201 190.373779 
165.871689 193.504257 
161.985931 193.999069 
158.012726 193.394684 
152.432602 190.556412 
150.121841 184.672897 
158.729355 180.005554 
161.844940 179.974960 
165.291183 180.036346 
173.145767 184.297806 
165.341095 187.078491 
161.856293 187.577393 
158.604736 186.996887 
