68 2
146.813187 101.903351 
147.689972 115.188881 
149.170868 128.010345 
151.521484 140.853775 
156.685242 152.140320 
164.334412 161.808121 
174.876022 169.265778 
186.568237 174.411194 
199.185989 175.090240 
211.102356 172.278503 
221.302734 165.469528 
229.944931 157.536728 
236.207825 147.883820 
239.762939 136.018631 
241.589844 124.695000 
242.747879 112.585381 
243.464569 100.443832 
157.029877 87.312485 
163.008286 81.258270 
171.442215 78.090073 
180.677673 78.182701 
188.846909 81.095123 
209.043045 80.140839 
216.860458 77.631081 
224.859314 77.952042 
232.216171 81.206390 
236.485352 87.243225 
199.445313 93.675850 
199.559128 100.063637 
199.738754 106.267242 
199.863327 112.806511 
189.778809 120.532402 
194.482742 121.652008 
199.199158 122.337540 
203.743103 121.822296 
207.671310 121.009995 
168.347122 96.558914 
173.076752 93.562531 
178.771164 93.376747 
183.883240 96.582191 
178.839386 98.105652 
173.074844 98.318024 
210.745789 96.014526 
215.610138 92.733734 
221.291061 93.201866 
225.531235 96.105865 
221.374069 97.840790 
215.830109 97.657310 
182.994324 143.077301 
187.946457 136.923462 
193.762421 134.150772 
198.241882 135.281311 
203.046204 134.410446 
208.558533 137.326477 
213.291580 142.925995 
208.830215 147.068604 
203.509659 148.343369 
198.513260 148.679855 
193.742294 148.318771 
188.061005 146.924133 
186.469849 141.934570 
194.128799 138.475906 
198.479248 138.762909 
202.983337 138.685410 
209.952728 142.161880 
203.144470 142.417130 
198.527786 142.883118 
194.070435 142.360092 
