68 2
111.260521 59.624981 
110.844841 74.126068 
112.093102 88.695404 
114.263519 103.131729 
118.587372 116.782928 
124.241959 129.518738 
131.544464 140.795624 
141.514328 149.450699 
155.598282 151.527969 
169.940750 149.682968 
182.866394 142.879593 
192.824127 132.108963 
200.840698 119.469513 
206.383148 105.095718 
209.516739 90.206406 
211.649307 74.663422 
212.731522 59.420898 
114.593925 44.490250 
120.150726 38.112190 
128.851990 35.865185 
138.313950 36.780899 
147.130264 39.929314 
166.149078 39.895733 
175.642059 35.751675 
186.001373 34.511154 
196.003845 36.689991 
203.157516 43.289639 
156.653839 49.844620 
156.177155 60.135307 
155.615326 70.553589 
154.922943 81.262543 
144.967392 87.438065 
149.833588 90.241028 
155.292862 91.975479 
161.655579 90.067047 
167.421280 87.655380 
125.184868 52.235195 
130.975433 48.109222 
138.593475 48.170967 
144.364685 53.318623 
137.878967 55.341530 
130.466003 55.437241 
171.573364 53.332954 
178.571915 47.893040 
186.095276 47.662216 
191.666321 51.806740 
186.771561 55.332886 
179.334061 55.320076 
136.653732 110.495430 
143.685577 107.640175 
150.772293 105.998634 
155.661682 107.577324 
161.335144 106.512024 
169.008362 108.262505 
177.564514 110.496582 
169.062073 113.755974 
161.244934 115.062782 
155.376083 115.124619 
150.081589 114.584000 
143.268494 113.148537 
140.291672 110.170013 
150.558258 109.298767 
155.574600 110.059174 
161.231613 109.575493 
173.673279 110.185547 
161.143372 109.250175 
155.464050 109.421417 
150.361328 108.919090 
