68 2
137.633911 79.413849 
138.939896 95.411667 
141.517105 111.241943 
144.534348 126.195694 
149.162003 140.692566 
156.890167 153.775604 
167.211563 164.887894 
178.863052 174.232788 
194.095688 176.735718 
208.768982 174.716827 
220.883972 166.207199 
231.682587 155.802490 
239.954865 142.942566 
245.652725 128.316376 
249.135361 112.985451 
251.999329 97.100410 
252.901642 80.921463 
145.785416 73.944244 
153.149857 64.199554 
165.101425 60.866280 
177.638626 62.873795 
188.877670 67.453178 
208.086655 65.879784 
219.178406 61.776958 
230.667175 60.928940 
241.136749 64.843224 
247.056717 73.684006 
197.813156 78.764709 
197.460037 88.498711 
197.164581 98.241631 
196.811554 108.382469 
183.601501 114.728355 
189.818253 117.234619 
196.316833 119.261070 
203.214371 117.415947 
209.452698 115.547272 
158.758926 81.207481 
165.305389 77.289856 
173.696472 77.005066 
181.022400 81.590500 
173.740967 84.025673 
165.389145 84.535294 
212.834473 81.528130 
220.737747 77.078690 
228.585770 77.349640 
234.194031 81.356903 
228.943420 84.457466 
220.975372 84.256485 
175.061218 139.252090 
183.911789 135.413788 
190.709015 133.024887 
195.322144 134.888870 
201.349213 133.468094 
208.545349 136.668030 
216.252701 140.244797 
208.780457 145.455154 
201.724060 146.896591 
195.404907 147.235535 
190.131714 146.547012 
183.387878 144.287170 
178.902130 139.215973 
190.692688 137.698303 
195.446808 138.309402 
201.444122 137.874527 
212.947601 140.265656 
201.475174 139.486679 
195.473495 140.077209 
190.880936 139.153992 
