68 2
130.859802 88.407799 
130.324799 103.284920 
131.013428 118.179825 
132.767792 132.784103 
137.011368 146.278259 
143.893539 158.214340 
153.944305 168.285767 
165.255325 176.468338 
178.199173 178.650986 
190.833466 176.945129 
202.512314 170.243988 
213.743607 162.383591 
222.542953 151.956894 
228.451553 139.198303 
231.771652 125.687653 
234.008331 111.464668 
235.593292 96.718597 
137.360291 84.802956 
144.948578 78.645065 
156.012527 78.304962 
166.859085 81.408325 
176.390930 86.831108 
189.786316 86.823265 
200.167297 82.291626 
211.318542 80.061272 
222.439102 82.120766 
229.133026 89.601837 
182.844696 93.067154 
182.057892 103.474091 
181.241837 113.807655 
180.586334 124.483871 
169.527283 127.770874 
174.389496 130.065659 
179.688293 131.917267 
185.509476 130.600098 
190.659515 128.814575 
148.282745 93.264053 
154.247665 90.049995 
161.588318 90.309258 
167.843033 94.575775 
161.257599 96.061455 
153.836609 96.111382 
196.747101 95.783295 
203.778320 91.775597 
211.074356 92.284950 
216.410034 95.725128 
211.069275 98.221474 
203.853241 97.841408 
161.700256 146.147858 
167.782349 143.083145 
174.015671 141.809494 
177.898224 143.621811 
182.695572 142.301819 
189.358063 144.650330 
195.805283 147.807693 
189.064117 155.301926 
182.078140 158.002380 
176.925583 158.226791 
172.529297 157.432480 
166.769394 154.081238 
165.143463 146.180069 
174.051926 145.078094 
177.856613 146.049042 
182.488953 145.411957 
192.312363 147.773972 
182.306992 150.305237 
177.485535 150.779968 
173.564590 149.787354 
