68 2
148.526031 71.219643 
149.105164 84.814972 
151.123703 98.747589 
154.292557 112.318619 
160.068008 124.776939 
168.148987 135.932220 
177.409073 145.491959 
188.340302 153.448914 
201.191833 154.193207 
213.448059 150.975510 
223.437225 141.876801 
231.823837 131.205994 
238.612793 119.031128 
242.662186 105.492645 
244.109924 91.501770 
244.857452 77.616127 
244.708115 63.817287 
153.933914 61.181107 
159.383347 54.582546 
168.178864 52.433884 
177.636841 53.578049 
186.253799 57.005974 
205.135117 56.476372 
213.241318 51.301693 
222.296494 48.378628 
231.489182 49.763840 
237.297882 56.354416 
196.427597 68.039444 
197.221817 78.538681 
198.134796 89.056847 
198.977234 99.584526 
187.676819 103.471489 
193.254791 105.358742 
199.306427 106.694916 
205.097733 104.120941 
210.155350 101.637352 
164.456436 68.601463 
169.899826 65.538605 
176.700821 65.648621 
182.690369 69.279831 
176.563126 70.933701 
169.814545 71.216560 
209.766541 68.267647 
215.789703 63.647163 
222.097488 63.230694 
227.493118 65.657608 
222.919754 68.622345 
216.518921 69.125961 
178.883148 119.074547 
187.643204 117.671196 
195.214584 116.393829 
200.373291 117.227570 
205.827316 115.659668 
212.312943 115.566689 
219.018478 115.301392 
212.268250 120.549347 
205.928925 123.103966 
200.135544 124.140419 
194.764114 124.088654 
187.304520 122.819298 
182.102432 119.218315 
195.268036 119.399811 
200.664139 120.001816 
205.981186 118.640747 
216.002747 115.859894 
205.459564 117.593369 
199.793106 118.784790 
194.567352 118.763809 
