68 2
132.352798 78.937202 
133.411377 94.532982 
135.786942 109.813301 
138.970093 124.356308 
143.699432 138.880646 
151.423874 151.437363 
161.916748 162.218567 
174.153183 171.233673 
189.288345 173.212540 
203.677780 170.427170 
215.585526 161.525208 
226.141296 151.360001 
233.686249 139.550156 
238.862686 125.390411 
241.700790 110.860504 
244.056702 96.246628 
244.960205 81.119598 
140.851395 71.957687 
147.980606 62.445698 
159.479080 58.630600 
171.837372 60.274231 
182.761139 64.755341 
201.362381 63.267952 
212.031204 59.243340 
222.991287 58.627975 
233.011719 63.073471 
238.402802 72.315857 
191.673523 76.767982 
191.221588 85.448433 
190.941467 94.040527 
190.612335 103.166679 
178.478470 110.986847 
184.278397 113.158424 
190.090576 114.792305 
196.279755 113.310219 
201.947128 111.773758 
153.556183 79.420929 
160.234116 75.518448 
168.190506 75.201767 
175.257172 79.884262 
168.286163 81.966980 
160.200287 82.284584 
205.980118 79.652367 
213.677643 75.216049 
221.116882 75.677368 
226.574814 79.585365 
221.383316 82.258484 
213.795761 82.002373 
169.834061 136.648178 
178.165833 131.154572 
185.839752 128.103073 
190.353012 129.636826 
195.633652 128.556442 
203.072052 132.313293 
209.890320 137.455887 
202.968353 144.211334 
195.780472 146.081528 
189.968155 146.429962 
184.838654 146.008148 
177.396057 143.631210 
172.982727 136.438568 
185.864105 132.605148 
190.463562 132.929169 
195.887070 132.814865 
207.126526 137.327316 
195.462036 139.414734 
189.868500 139.930954 
185.135986 139.247528 
