68 2
120.122833 106.685455 
121.280273 126.873329 
123.767982 146.844086 
127.356514 165.975067 
133.599487 183.931610 
143.266815 200.656143 
157.070175 213.917343 
173.022583 223.642166 
192.208221 226.510056 
211.455185 223.203308 
227.481232 212.352783 
240.648987 198.828400 
250.676163 183.054123 
256.665955 165.958939 
260.389801 148.352036 
264.022095 130.534149 
265.752289 112.275818 
129.476135 90.386993 
140.245850 79.150925 
155.777145 76.241508 
171.500732 79.327271 
186.221024 85.297050 
209.914810 86.432159 
223.487091 81.298325 
237.104874 78.809067 
250.763977 81.413185 
259.369324 91.672554 
198.293274 95.638023 
197.978409 105.642921 
197.646622 115.564117 
197.311874 126.381592 
180.333130 138.988815 
188.151154 141.300842 
196.249481 143.144287 
204.506561 141.783264 
211.511169 139.607101 
146.472916 99.887680 
154.818420 95.183502 
164.505402 95.201759 
173.173431 100.350136 
164.190247 101.280830 
154.627380 101.611618 
218.176834 101.566185 
226.948059 96.387665 
236.578888 97.128654 
244.212158 101.931046 
237.063065 103.529129 
227.635147 102.896172 
167.237274 174.469864 
178.316055 166.399139 
188.909973 162.722061 
195.656830 165.131088 
203.214417 163.305771 
213.037766 167.627029 
222.405457 175.198212 
212.446106 185.694702 
202.391342 189.500671 
194.037079 190.360550 
186.556229 189.424591 
176.679871 185.120255 
172.718628 174.009583 
188.923233 169.410904 
195.478943 170.509140 
202.900574 169.891510 
217.263412 175.202545 
202.425217 177.298355 
194.562729 178.178711 
187.767029 177.370071 
