68 2
127.702515 69.686691 
129.340866 86.467300 
132.075409 102.737358 
136.349792 118.419640 
142.060699 133.881454 
150.865982 147.844696 
164.627197 158.333252 
180.334518 165.654663 
198.650879 167.231308 
216.769348 163.849411 
232.126251 155.909790 
244.012634 144.080780 
251.843567 129.458862 
256.423859 113.711555 
258.244751 98.050087 
259.351563 82.452423 
259.334167 66.643997 
134.875916 52.305191 
141.922668 40.651192 
154.152237 35.711948 
167.504456 36.094784 
179.198181 40.837646 
205.243896 39.768513 
217.487091 35.422085 
230.505585 35.251854 
242.457870 40.060539 
249.068436 50.412510 
194.491623 51.862488 
194.947296 60.380756 
195.427673 68.659027 
195.868973 77.435722 
182.776199 90.348213 
189.027115 91.869659 
195.596252 93.123604 
202.206619 91.882057 
208.272705 90.458557 
150.619095 57.545425 
157.263748 52.071934 
165.864838 51.764118 
174.596542 57.279072 
166.291550 58.839146 
157.528961 59.593296 
211.967010 56.999825 
220.401825 51.149429 
228.652451 51.550705 
235.202667 56.509216 
229.006485 58.570110 
220.532318 58.319397 
172.862411 120.495132 
181.045593 112.034592 
188.827652 107.685806 
194.777481 109.224731 
201.564682 107.466705 
211.215256 112.056763 
219.941803 118.730576 
211.369812 124.195206 
202.846725 126.822891 
195.937317 127.800377 
189.351501 127.600868 
181.536697 125.330215 
176.873627 119.677895 
189.162292 114.316841 
195.221924 114.436417 
201.956604 113.995445 
215.878738 118.283989 
202.391357 117.692657 
195.654083 118.826241 
189.449951 118.522614 
