68 2
130.386063 64.559235 
131.959259 87.612595 
136.403915 111.178841 
142.186829 133.717865 
149.409378 155.386292 
159.119431 175.638489 
170.945999 193.214661 
186.284546 205.976486 
206.511047 209.003418 
226.954483 204.971878 
244.268311 192.426559 
260.715271 177.293808 
274.964508 159.801086 
285.199280 139.560394 
291.505676 117.197319 
295.041290 93.537079 
296.919067 69.297478 
131.574066 46.180504 
141.166290 34.061234 
157.896057 33.230968 
173.933167 38.228676 
189.088806 45.563614 
219.489258 46.007923 
237.135666 40.287361 
254.553497 35.283253 
272.759338 36.779140 
284.520630 48.078884 
202.487488 61.925049 
201.609818 76.358429 
200.422455 90.509125 
199.383240 105.247757 
185.036407 117.468750 
192.471786 120.970932 
200.776840 123.620850 
210.703918 120.887589 
220.118759 118.102623 
147.738754 63.045025 
156.875351 57.077148 
169.880219 57.299900 
180.843918 65.163155 
169.698059 68.857086 
156.690247 69.382172 
232.130966 65.435371 
243.510803 58.336723 
256.557495 59.030056 
266.032410 64.910088 
257.102478 70.234543 
244.094208 69.623222 
173.744568 153.488892 
184.672424 148.256439 
194.630798 145.184998 
202.065033 148.576065 
210.905685 145.713882 
222.018036 148.989288 
233.853516 154.052643 
222.918839 164.746277 
211.703049 169.940674 
201.751068 171.002747 
193.148712 169.652573 
183.722137 165.392731 
179.036591 154.527939 
194.259583 153.707764 
202.312851 155.611038 
211.819489 154.171585 
229.273254 155.041550 
211.651047 155.606125 
201.961243 157.280670 
193.789703 155.149841 
