68 2
132.275818 52.260925 
132.979614 75.494942 
135.689316 99.379112 
139.852280 122.429474 
146.168396 144.186722 
155.175110 165.164063 
167.226929 183.473740 
181.692200 198.116852 
203.078384 202.371857 
224.867599 199.084946 
243.320389 186.216782 
261.038635 170.713272 
276.208496 153.116760 
287.811737 132.680115 
295.536835 110.292702 
300.334808 86.000328 
303.926697 61.153336 
134.180176 35.968227 
144.122803 23.498528 
160.789078 21.971989 
177.538208 27.317350 
193.248672 35.512386 
222.625565 37.101112 
240.899063 31.287998 
258.763000 27.334116 
277.148315 30.064074 
288.841461 42.335266 
206.987610 51.927387 
205.210022 65.445778 
203.350067 78.703529 
201.582687 92.763214 
185.033661 105.898262 
192.913361 109.811111 
201.936859 112.858315 
212.409683 110.444489 
222.052597 107.447144 
150.549561 52.761852 
160.087158 46.338310 
173.157547 47.039677 
183.788818 55.205853 
172.320007 58.563374 
159.647232 58.804790 
235.407852 57.157486 
246.768692 50.391506 
259.973816 51.701233 
269.824188 58.301697 
260.341827 62.979038 
247.078430 61.865616 
173.325989 144.667648 
184.282410 138.107941 
194.708359 134.584534 
202.366104 137.990128 
211.766525 135.378586 
223.555481 139.736664 
235.090958 147.013641 
223.928146 159.678543 
211.756241 165.480240 
200.968567 166.574173 
192.021301 164.895615 
182.154587 158.769684 
178.864639 146.059494 
194.124619 143.195633 
202.381378 144.623306 
212.508286 143.543396 
229.984787 147.720291 
212.411697 150.388809 
201.906921 152.379303 
193.425949 149.714951 
