68 2
150.503769 70.664841 
150.249374 84.254570 
151.642899 98.342560 
154.175613 111.766876 
159.303833 124.585175 
167.253143 136.258850 
176.194656 146.827072 
186.920135 154.807266 
200.765549 155.717102 
214.076035 152.746429 
224.354477 143.608673 
232.631073 132.330017 
239.225967 119.850250 
243.504044 105.920975 
244.892685 91.999832 
245.101624 78.092529 
244.540985 64.822090 
155.381775 59.501690 
161.171814 52.756592 
170.640686 50.726559 
180.883392 52.307861 
189.560532 56.811779 
205.646774 56.332329 
214.022751 50.632515 
223.545776 47.868824 
233.009201 49.620213 
238.456238 56.868683 
197.900940 64.725739 
198.300293 75.240608 
198.849426 85.662315 
199.371765 96.346695 
186.308853 99.580513 
192.519730 102.720551 
199.563004 105.051826 
206.315567 101.701492 
212.201385 98.355133 
166.630478 67.034554 
172.029846 64.645897 
178.292114 64.737457 
184.237228 67.741608 
178.262665 68.829216 
171.948425 68.909927 
211.684372 66.865700 
218.288376 63.527412 
224.068420 63.228168 
228.915100 65.417122 
224.405884 67.462738 
218.490372 67.615021 
177.081161 117.785210 
186.859467 116.179077 
195.053268 115.740082 
200.380249 117.217232 
206.109497 115.294487 
213.418243 114.892754 
221.249115 115.391289 
213.618347 120.637505 
206.256805 122.821655 
200.180695 123.528008 
194.538422 123.373428 
186.424927 121.978218 
180.817963 117.903984 
194.855011 118.507256 
200.371994 119.293228 
205.869614 117.751778 
217.931564 115.690742 
205.833450 117.389999 
200.063965 118.347694 
194.669891 118.163818 
