68 2
143.993301 67.357124 
144.060974 81.014938 
145.423691 95.074318 
148.217834 108.955124 
153.078888 121.956512 
159.918243 133.589844 
168.331909 144.030426 
178.760895 151.640366 
192.358429 152.909195 
205.425262 150.096130 
215.608810 141.478775 
223.971603 131.105331 
230.831085 119.389687 
236.086044 106.668976 
238.714874 93.507118 
239.921143 79.373848 
240.708008 65.621819 
149.863388 52.713516 
155.216797 46.550209 
163.744446 44.327057 
172.941849 45.354359 
181.270157 48.892776 
202.174011 47.800838 
210.037598 42.878277 
218.921310 40.533272 
227.469513 42.568130 
232.835556 49.236534 
191.309296 58.191860 
191.248062 68.203453 
191.209625 78.315582 
191.077408 88.444679 
179.760559 91.822235 
185.091583 94.814491 
191.163147 97.086761 
197.848495 94.420204 
203.539307 91.526413 
160.074860 61.863682 
165.077927 59.392612 
171.633362 58.756516 
177.103577 61.139603 
171.571884 63.379116 
165.280823 63.943474 
206.344040 60.327873 
212.382568 57.363297 
218.697418 57.439888 
223.443695 59.945129 
218.828278 62.377827 
212.602203 62.295822 
173.156754 113.993912 
179.552811 109.722000 
185.887070 107.688766 
191.223389 108.867897 
196.936096 107.452545 
203.701675 108.983330 
210.410110 112.698608 
204.073364 117.558296 
197.639526 119.432335 
191.541809 120.068359 
185.808624 119.830322 
179.457550 118.335968 
176.943573 113.488739 
185.949524 112.443527 
191.554779 112.949539 
196.917862 112.222076 
206.491730 112.428482 
197.055115 112.677444 
191.327301 113.381798 
185.856705 113.037102 
