68 2
151.277664 71.155777 
152.695572 81.954201 
155.057297 92.430115 
157.585556 102.767265 
161.614578 111.858345 
167.561707 120.138641 
175.503891 126.695694 
184.175446 131.687088 
193.986176 132.979950 
203.296585 130.917328 
211.251526 125.338814 
218.152313 118.025055 
223.000748 109.135284 
225.700577 99.396149 
227.294998 89.564278 
228.833008 79.201172 
229.731857 68.798431 
157.447662 66.988228 
163.009964 63.081829 
169.996750 62.414204 
176.865540 63.710835 
183.281830 65.824577 
196.283737 65.294167 
202.920151 62.739677 
209.661636 61.282192 
216.420868 62.089249 
221.815933 65.633873 
190.838547 72.024094 
191.298920 78.576363 
191.720276 85.038910 
192.183792 91.863625 
184.167175 96.727158 
188.020416 98.216843 
192.120926 99.512970 
196.034653 98.067741 
199.550415 96.282501 
165.511368 74.128960 
169.797165 71.626381 
175.281845 71.529053 
179.611176 74.752838 
175.126556 76.065338 
169.707169 76.316757 
201.400574 74.128105 
205.874100 70.666840 
210.940887 70.483276 
215.185974 72.750519 
211.664520 75.010483 
206.616028 75.280243 
177.931992 110.087196 
183.707031 107.620087 
188.624939 106.425758 
192.314468 107.565643 
196.428772 106.255402 
201.147568 107.397270 
206.042618 109.274193 
201.504242 112.559418 
196.912613 114.006485 
192.592606 114.590485 
188.552719 114.342003 
183.549438 113.075790 
180.048035 110.117134 
188.484451 109.608437 
192.317535 110.055367 
196.731430 109.294159 
203.819855 109.460747 
196.781082 109.341721 
192.454300 110.135597 
188.499054 109.716370 
