68 2
133.408798 132.601593 
134.095779 149.682922 
136.619293 166.484787 
139.648026 182.751404 
145.436981 197.623428 
154.964874 210.192017 
166.247345 221.362000 
178.936951 230.843445 
194.322983 233.798996 
208.990585 231.213928 
221.365158 222.201538 
232.787140 211.385590 
242.125916 198.611984 
247.918289 183.993454 
251.038895 168.387512 
254.151047 153.068298 
255.608566 137.122406 
144.357040 115.477867 
151.394562 108.121536 
161.782303 104.122330 
172.667191 104.849266 
182.395660 108.616470 
214.058731 109.414757 
224.289459 106.549622 
234.455536 106.474915 
243.402725 110.615891 
249.196777 117.950958 
197.519775 126.976044 
197.353226 137.257736 
197.196823 147.289047 
196.948486 157.433273 
185.935135 167.214142 
191.159149 168.533310 
196.252289 169.821655 
201.514511 168.871094 
206.512634 167.819473 
154.999786 129.822556 
162.419128 124.765640 
172.297531 125.136070 
180.490067 131.396439 
171.928146 133.458328 
162.272705 133.678009 
213.567215 132.695038 
222.264191 126.870621 
231.648331 127.217758 
237.955872 132.555923 
231.419464 135.802597 
222.367203 135.304276 
169.547501 190.322861 
178.777115 183.305939 
188.745712 179.488953 
196.467010 180.264603 
204.466934 180.590973 
213.093964 185.093506 
219.972351 191.724335 
212.445053 201.641815 
203.387451 206.227707 
195.072327 207.226379 
186.773834 205.875977 
177.354889 200.678864 
174.114288 190.159790 
188.389893 186.083771 
196.251160 185.797882 
204.594040 187.117599 
216.332779 191.400208 
204.018143 197.354889 
195.498886 198.342712 
187.531509 196.908279 
