68 2
154.483383 99.613327 
155.331787 112.016388 
157.040024 124.674942 
159.833191 137.221420 
164.875626 148.654404 
173.033508 158.717926 
183.617737 166.262863 
194.676285 171.876328 
206.766006 173.099472 
218.746094 170.651505 
229.623398 164.346802 
238.781662 156.354919 
245.060242 146.160324 
249.585876 134.734055 
252.083878 122.679794 
253.262268 110.225128 
253.982452 97.715401 
163.661682 78.149696 
170.163742 72.636200 
179.005692 70.238388 
188.154343 71.445663 
195.973557 74.902382 
218.053818 74.941566 
225.938904 71.501198 
234.559647 71.196259 
242.640930 74.190948 
247.147278 80.838326 
206.788986 91.658714 
206.665039 98.697678 
206.617142 105.576950 
206.473206 112.438660 
197.005112 119.825226 
201.604919 120.551582 
206.052063 121.282822 
210.300354 120.851410 
214.644424 120.607964 
173.916931 92.470810 
179.100647 89.060112 
185.505295 89.519218 
190.843246 93.678772 
185.076492 95.439667 
178.858002 95.292274 
219.375076 94.079002 
224.477905 90.145401 
230.554825 90.605927 
235.302216 93.877518 
230.628067 96.022820 
224.754196 95.987495 
189.314743 139.317444 
194.705109 133.671188 
200.846252 130.871521 
205.603043 132.022766 
211.272873 131.322327 
217.831406 135.107483 
223.458130 140.543335 
218.049240 146.616135 
211.792862 149.905914 
205.557098 150.822098 
199.889236 149.566681 
194.057327 145.510925 
191.837738 139.320618 
200.399689 134.674469 
205.550461 135.002747 
211.649384 135.099091 
220.844513 140.558975 
211.962952 143.890045 
205.691666 144.992416 
200.214172 143.652390 
