68 2
120.812988 129.865891 
123.094810 152.103745 
127.172241 174.259216 
132.512634 195.148499 
140.155228 214.652176 
149.941742 232.561447 
162.263611 247.976700 
177.254211 260.308411 
196.736191 264.537872 
216.091446 261.727020 
232.700470 250.084534 
248.296906 235.604492 
262.107635 219.947968 
272.382996 201.212814 
278.981384 180.774582 
284.077271 159.594818 
287.489166 137.508102 
128.855637 107.826576 
137.652405 94.709587 
153.134735 91.218414 
169.107529 94.659088 
184.016296 100.871223 
219.703613 103.162216 
235.854172 98.342072 
251.372070 94.913605 
267.045776 97.776901 
276.661926 109.078873 
201.481354 121.223740 
200.452469 134.469894 
199.417831 147.497986 
198.429199 161.213318 
182.076172 172.903320 
189.746277 176.149078 
198.223282 178.660721 
207.280823 176.116882 
215.612366 173.232025 
144.788055 124.388466 
153.917648 118.310440 
166.033142 117.916924 
176.395477 124.496254 
165.947647 127.878448 
153.964401 128.813629 
227.281570 125.340050 
237.980499 119.773399 
249.759003 120.641235 
258.452148 126.345947 
249.804413 129.926270 
238.381454 129.013443 
169.618790 210.805237 
180.667908 205.009003 
191.268494 201.149567 
198.837463 203.652283 
207.433426 201.567642 
217.820328 205.137207 
227.318741 210.232010 
217.518478 220.928406 
207.065842 226.776337 
197.801636 228.094696 
189.563904 227.340271 
179.457062 223.242157 
174.996124 211.765381 
190.894516 209.891846 
198.744812 210.804306 
207.806732 209.737625 
222.599319 210.703537 
207.514175 212.541214 
198.259232 214.089813 
190.327469 212.744446 
