68 2
106.029381 61.142159 
107.897598 79.280258 
110.780403 97.376282 
116.144814 113.713280 
124.498749 128.962433 
135.723022 142.602142 
148.169693 154.568710 
161.042007 164.086853 
175.963074 167.029663 
190.484344 163.534958 
203.712296 153.524734 
216.275070 141.904892 
227.258545 129.057343 
235.632751 114.111610 
240.098114 97.639641 
243.129883 80.236298 
245.097580 62.122410 
118.784996 49.835213 
127.168510 41.729717 
138.824982 39.474411 
151.691574 39.916298 
162.974869 44.216793 
184.793945 43.275143 
197.016663 38.932026 
209.976608 38.334763 
222.629578 41.059414 
230.988419 48.453754 
173.894104 60.953850 
173.057434 74.230003 
172.118439 87.244484 
171.167969 100.455116 
158.102509 100.400406 
164.294174 104.554527 
172.289551 107.042969 
180.199280 104.509758 
187.135574 101.240807 
133.612534 63.441284 
140.568863 60.877903 
148.378265 60.826431 
155.981781 63.004604 
148.506042 65.048004 
140.755951 65.696609 
192.486832 63.117641 
200.299377 60.585491 
208.021942 61.330288 
214.958817 63.542316 
208.041260 65.424278 
200.150909 65.279564 
152.010727 119.527657 
158.803696 115.917320 
166.417801 114.118622 
173.779526 114.914711 
181.839188 114.683243 
190.753571 117.130844 
198.652527 120.127480 
190.938828 132.755096 
182.439117 140.172806 
174.002502 141.568741 
165.874329 139.953629 
158.125565 132.580063 
155.982437 119.849213 
166.271271 116.885933 
174.062683 117.707642 
182.294037 117.429726 
194.012604 120.596817 
182.570602 131.905945 
173.943298 133.680008 
165.566650 131.415421 
