68 2
92.166252 137.512741 
93.192558 157.576035 
95.442101 176.849533 
97.503113 196.820206 
102.587883 215.279160 
112.941818 231.347336 
126.734512 244.754532 
142.510651 256.403748 
162.165726 259.411530 
181.332031 255.328781 
196.901855 242.388916 
209.526184 227.507050 
219.148361 211.176331 
224.069885 192.312973 
226.277649 173.618530 
228.714493 154.240417 
230.253418 134.757095 
97.009308 127.594086 
104.710831 114.316078 
120.181549 108.721451 
136.754715 110.047791 
152.589417 114.680946 
169.961334 113.738007 
186.267532 109.544205 
202.182983 108.325516 
217.143143 113.363907 
225.649734 124.846504 
162.080078 128.516418 
162.054352 140.268219 
161.889816 151.856125 
161.657639 164.232605 
147.245682 176.352142 
154.424271 178.405350 
161.907837 180.295685 
169.626694 178.620178 
176.811554 176.995209 
114.774139 133.065567 
123.171417 127.535675 
133.903610 127.202477 
142.274948 133.652832 
133.799637 136.561752 
123.243546 137.117538 
180.816528 133.485046 
190.586700 126.485283 
201.053436 127.114799 
209.133499 132.461487 
201.422394 136.406067 
191.038391 136.155838 
133.861816 208.908936 
145.122498 203.682846 
155.166214 200.213577 
161.423203 202.678284 
169.008911 200.265274 
179.875870 204.383347 
190.634979 210.043045 
180.114426 218.651855 
169.653778 221.743835 
161.427200 222.469254 
154.120300 221.628601 
144.306198 218.062469 
138.869873 209.457352 
155.130997 208.498260 
161.493591 209.254745 
168.968689 208.492859 
185.696899 210.245178 
169.200989 209.679245 
161.456421 210.706741 
155.020569 209.646149 
