68 2
137.054565 62.957012 
138.833740 83.083130 
141.921082 101.746933 
145.334778 119.796173 
150.525024 137.314316 
157.747620 153.977081 
168.748734 167.915482 
182.112595 179.073029 
200.192444 183.340591 
218.946121 180.655075 
234.383545 170.281235 
247.455627 157.585434 
257.983032 142.665482 
265.818481 125.804741 
270.883026 108.437775 
274.563751 90.296280 
277.555664 71.533783 
144.330627 45.008686 
152.071838 34.583290 
164.819824 32.276958 
178.304260 35.633183 
190.972824 40.911865 
220.386505 43.195797 
233.976425 39.632130 
247.332977 37.099094 
260.870667 38.983852 
269.553101 48.100060 
204.516663 58.008408 
203.719467 68.293549 
202.822067 78.527870 
202.092010 89.079147 
188.037704 99.923988 
194.410767 102.615280 
201.435898 104.949371 
209.281464 102.911308 
216.495270 100.526642 
158.416489 60.437454 
166.634094 55.854469 
176.734894 55.754288 
185.547180 60.668755 
176.203064 63.432175 
166.551361 63.883442 
226.388794 61.932903 
235.846741 58.138992 
245.853622 58.913193 
253.268723 63.579391 
245.551682 66.407440 
235.889511 65.342758 
174.590866 132.010345 
183.174881 123.580009 
192.619003 119.965836 
200.115219 121.608994 
209.143326 120.548180 
219.534485 124.767052 
228.305603 133.648026 
219.278244 145.310364 
208.911438 150.378433 
198.788940 151.351151 
190.057709 149.999832 
181.282700 144.394394 
179.117996 132.372803 
192.141922 126.638809 
200.277695 126.902954 
210.071960 126.963219 
223.911972 133.977127 
209.421234 138.879837 
199.194748 140.476135 
190.751938 138.713135 
