68 2
118.697540 64.284241 
120.403412 77.897690 
123.409332 90.915543 
126.914536 103.597618 
132.015701 115.283653 
139.354507 125.562500 
148.807098 134.389297 
159.679077 141.678696 
171.984268 143.460709 
184.051437 140.597290 
194.038147 132.842957 
202.828796 123.649048 
210.004044 112.630867 
214.629959 99.806664 
217.102737 86.686508 
218.088974 73.195778 
218.128845 59.394180 
125.715523 56.585293 
131.803772 50.922546 
140.375549 49.718262 
149.000473 50.504333 
157.315872 52.248379 
172.557068 49.665497 
181.372559 46.814156 
190.020004 45.169128 
198.690643 45.076935 
205.193008 49.768169 
165.739624 60.438477 
166.290466 68.883911 
166.734314 77.313087 
167.230743 85.978424 
158.085983 91.897301 
162.708450 93.436005 
167.734344 94.466576 
172.802979 92.921616 
177.283875 91.008972 
135.869614 63.801582 
141.040146 60.232956 
147.626129 59.716301 
153.059387 63.233913 
147.826355 65.222931 
141.342361 65.848373 
179.233948 61.340122 
184.508560 56.820137 
191.143600 56.542370 
196.554031 59.533230 
191.992020 62.550556 
185.570541 62.809074 
154.657822 113.528969 
159.121231 107.833092 
163.587585 104.539124 
167.521835 105.387703 
172.408386 104.269394 
178.057587 107.169136 
183.538544 111.973343 
178.541412 115.898331 
173.561844 118.368927 
168.654526 119.361168 
164.338379 118.852188 
159.877960 116.718887 
158.336349 112.678070 
164.108627 108.722610 
167.961319 108.758003 
173.001907 108.349525 
179.957001 111.644318 
173.174072 110.634247 
168.333450 111.891785 
164.313660 111.169884 
