68 2
176.797684 72.544815 
177.531021 82.081062 
179.026062 92.000816 
181.050262 101.365265 
184.476898 110.283829 
189.564804 118.303131 
196.538635 125.051704 
205.040833 130.161438 
214.904953 131.644104 
224.548721 129.986313 
232.773010 124.584808 
239.433533 117.125420 
244.445450 108.784111 
247.579590 99.767311 
249.334747 90.259369 
250.457382 80.728828 
250.894150 71.330582 
183.168213 61.025322 
188.335007 57.822563 
195.000183 58.019802 
201.468399 59.538681 
207.154541 62.492371 
220.863480 62.411865 
226.816833 59.697510 
233.062637 58.214371 
239.308563 58.488796 
243.699081 61.789474 
214.326935 69.790039 
214.526306 75.366898 
214.814911 80.888252 
215.075546 86.669960 
207.619522 92.172737 
211.044861 93.445282 
214.718567 94.374199 
218.423752 93.516380 
221.850555 92.385422 
190.584061 69.819633 
194.585037 67.489143 
199.452774 67.630585 
203.389435 70.531807 
199.282303 71.944160 
194.472824 72.072891 
224.544052 70.789871 
228.568253 68.008667 
233.152893 68.106895 
236.699493 70.408989 
233.438965 72.392700 
228.899628 72.251984 
201.686951 107.144081 
207.108322 104.494057 
211.320221 102.815987 
214.424011 103.873993 
218.144867 102.776337 
222.597229 104.763153 
226.889633 107.161598 
222.725235 110.511787 
218.505035 111.826546 
214.633362 112.446930 
210.916183 111.902420 
206.767746 110.387321 
203.724915 107.359245 
211.074905 106.999748 
214.492874 107.233856 
218.357132 106.894188 
224.695374 107.339005 
218.363297 106.317238 
214.523834 107.096077 
211.045486 106.425415 
