68 2
115.778404 117.519257 
117.059708 136.693741 
120.207237 155.578140 
124.700226 173.956085 
131.872849 190.644424 
141.950165 205.028488 
154.563538 217.003357 
169.204636 226.267090 
186.499130 228.148300 
202.462097 224.713669 
215.279678 214.823669 
225.883621 201.596588 
233.463974 186.454041 
238.482849 170.506622 
242.504257 153.977325 
245.748886 137.283615 
247.395645 119.859512 
126.040009 105.744514 
135.240997 98.017006 
147.624573 96.656525 
160.369446 99.231560 
171.944519 104.340355 
201.664642 104.584503 
213.477264 100.190239 
225.282516 98.635056 
236.711639 100.168449 
243.921600 107.657021 
188.118607 118.757744 
188.315277 127.989464 
188.586060 137.188675 
188.967636 146.784576 
175.054077 157.844299 
181.363464 159.327484 
187.701248 160.438751 
193.594589 159.498779 
199.203842 158.243515 
141.313156 119.764000 
149.321411 116.223724 
158.399414 116.403900 
166.722076 120.813690 
158.301788 122.483955 
149.179840 122.735283 
205.809753 121.905533 
214.984421 117.975494 
223.423935 118.222710 
229.908508 121.636230 
223.485779 124.342461 
214.863922 123.768082 
160.854080 185.071777 
170.479187 178.656448 
180.556366 175.552444 
186.572372 177.440384 
193.458374 175.755356 
201.959900 179.187332 
209.626678 185.140854 
202.281845 193.338181 
194.073151 196.950134 
186.630508 197.985382 
179.844055 197.467178 
169.858826 193.645508 
164.572708 184.744949 
180.341995 180.966843 
186.509216 181.592789 
193.787048 180.807922 
206.194687 185.205139 
194.055588 187.892960 
186.770615 188.974808 
180.287918 188.240952 
