68 2
118.119522 137.119659 
117.579033 151.958344 
118.682114 167.171310 
121.120956 182.074585 
125.907120 196.331284 
132.099579 209.659912 
141.078400 221.454666 
152.263153 230.422150 
166.383682 232.660095 
179.583588 229.944061 
190.128525 220.818710 
198.615997 208.971695 
205.456299 195.571335 
210.299698 181.372086 
213.541290 167.851044 
215.690201 154.038956 
216.557419 140.329025 
126.478546 128.725632 
134.002197 123.651001 
143.672409 123.092079 
153.522369 125.198730 
162.555145 128.958527 
181.340744 129.480194 
189.759338 125.443344 
198.598083 123.268219 
207.464874 123.840492 
213.067993 129.913177 
172.358109 138.078308 
172.229477 149.522095 
172.213928 161.129089 
172.170380 172.888809 
159.105408 174.805115 
164.536331 178.445068 
170.554123 181.001114 
176.821106 178.470596 
181.947922 174.907486 
137.595551 136.870331 
143.990707 133.477661 
151.627899 133.872314 
157.559814 138.929092 
150.985825 140.800980 
143.364105 140.683228 
184.249237 139.639191 
191.159241 134.551651 
198.144043 134.309189 
203.012772 137.889053 
198.711151 141.716385 
191.630234 141.736511 
148.159698 196.599442 
157.084290 195.114853 
164.671829 194.220383 
169.398224 195.604813 
174.645294 194.611572 
180.504974 195.455872 
186.649933 196.402710 
180.413788 199.520813 
174.279358 201.405853 
168.714462 201.852844 
163.536575 201.353149 
156.276398 199.857681 
151.291992 196.587265 
164.286407 196.763123 
169.263000 197.532288 
174.445068 196.901993 
183.536621 196.690323 
174.486435 195.739655 
169.119705 196.461456 
164.211075 195.822769 
