68 2
150.783539 74.187752 
152.572052 85.219009 
155.458282 95.467133 
158.645340 105.530937 
162.871292 114.804306 
168.927460 123.361786 
177.026978 130.319565 
185.815186 135.294586 
195.491394 135.936325 
204.504822 133.335220 
212.204239 127.332970 
218.714661 120.137779 
223.383621 111.497314 
225.855286 101.703407 
227.234024 91.527588 
228.548309 80.971481 
229.398270 70.174644 
155.574036 69.907074 
160.891434 65.298668 
168.291626 63.993855 
175.725128 64.995667 
182.506683 67.310463 
194.501770 66.397514 
201.397324 63.224190 
208.883987 61.783535 
216.303970 62.701797 
221.979675 66.636612 
189.524353 72.990364 
190.103714 79.774185 
190.682022 86.569046 
191.275558 93.704140 
183.121994 98.308784 
187.147247 99.887024 
191.432053 101.214630 
195.537735 99.404709 
199.172653 97.316376 
163.792267 75.657333 
168.040482 72.775627 
173.657211 72.549454 
178.494370 75.934196 
173.696289 77.410912 
168.111938 77.865211 
199.884811 74.891296 
204.744446 70.936020 
210.222595 70.687096 
214.816238 72.943115 
211.040939 75.466164 
205.590744 75.907837 
177.220520 111.717667 
182.686646 108.970657 
188.064651 107.673546 
191.675446 108.665230 
195.803802 107.306160 
201.366425 108.270775 
206.997589 110.086075 
202.313583 116.093697 
197.113312 118.647667 
192.606400 119.441811 
188.416260 119.268349 
182.770203 117.259926 
179.432541 111.891006 
188.062180 110.358093 
191.741943 110.671814 
196.068604 109.820396 
204.725403 110.581573 
196.517258 114.158531 
192.136490 115.049225 
188.238693 114.706757 
