68 2
134.280853 109.712646 
134.898972 125.378433 
136.508194 141.743591 
140.517517 156.819809 
147.502380 171.154709 
157.506271 183.669250 
169.115036 194.779892 
180.895584 204.903839 
194.750992 208.053299 
208.699142 205.351746 
221.327332 197.046982 
233.699631 187.048096 
244.932190 174.351517 
253.678146 159.892365 
258.731873 144.239014 
261.482666 127.712311 
262.986176 110.121391 
146.335358 101.294106 
154.744171 94.720917 
165.869583 93.264191 
177.512863 94.788094 
187.566559 98.935654 
205.384750 97.354980 
216.277313 93.993927 
227.726212 93.266426 
239.182312 96.095299 
247.114563 102.783318 
195.421082 113.206268 
194.587845 124.028931 
193.804382 134.650101 
193.128799 145.413300 
181.122818 146.844162 
186.781189 149.883270 
193.545929 152.027863 
200.880371 150.128586 
207.439621 147.627197 
159.458862 113.736191 
165.996689 111.851151 
173.022202 111.811394 
179.043182 114.188995 
172.709900 115.608437 
165.767197 115.906548 
212.916519 114.050034 
220.018936 111.866165 
226.756775 112.488930 
232.677383 114.282852 
226.437073 116.151627 
219.725388 115.934464 
175.917236 163.784058 
181.253983 159.791611 
187.886078 157.455780 
194.540344 158.412643 
202.547791 157.908539 
210.290558 160.884262 
217.017136 165.551727 
210.125885 176.119446 
202.242035 182.026855 
193.888977 183.142883 
186.567383 181.656555 
180.245087 175.022079 
180.596024 164.118408 
187.835007 160.773041 
194.442001 161.302597 
202.559509 161.269989 
212.188034 165.373123 
202.685867 173.565643 
194.301376 174.942337 
187.216370 172.885544 
