68 2
158.373672 123.355484 
159.830994 137.240738 
161.797714 150.722870 
164.516769 163.620911 
169.451569 175.216965 
177.667450 184.397736 
188.969864 191.113220 
200.855713 195.887131 
213.560471 196.791885 
226.127686 194.555359 
238.682312 189.214569 
251.340714 183.657013 
261.933380 175.054382 
268.625427 163.285248 
272.209290 149.665848 
274.933563 135.561401 
276.896881 120.949127 
166.978317 99.345566 
173.345291 92.665077 
182.060226 89.231728 
192.169434 88.418404 
201.311813 90.574081 
224.756607 89.078545 
234.501816 86.067017 
244.979874 86.353851 
254.475281 89.907585 
261.769897 96.587715 
212.239883 102.402687 
211.628113 108.409111 
210.969788 114.373009 
210.277344 120.716553 
201.894501 131.866699 
206.248627 133.060837 
210.693665 133.915344 
216.117615 133.137558 
221.321564 132.220871 
177.367340 108.979225 
183.786697 104.005951 
191.659775 103.188576 
198.253922 107.502426 
191.667664 109.277481 
184.119934 110.129601 
229.452225 106.349350 
236.864532 101.322327 
244.985107 101.745102 
251.028000 106.260323 
244.896103 108.226997 
237.032501 107.847809 
190.232117 156.110916 
196.775574 148.182709 
204.957153 143.369064 
210.827896 143.882858 
217.464157 143.330322 
226.292770 148.119644 
235.029785 155.764389 
226.445740 161.518646 
217.857635 163.823151 
211.190292 164.486847 
204.947571 164.312500 
196.720230 162.337555 
194.313156 155.412704 
205.155060 148.795197 
211.114075 148.545959 
217.842056 148.587311 
230.880478 155.151566 
217.973450 156.999557 
211.036133 157.580917 
205.031723 157.621017 
