68 2
115.125786 68.738121 
116.492104 80.595245 
118.269760 92.424461 
120.315269 104.232002 
124.014824 115.142059 
130.586258 124.294121 
139.359940 131.845367 
149.373962 137.942627 
161.129684 139.167099 
172.860245 137.018356 
182.638245 130.346741 
190.897751 122.931412 
196.538025 113.663925 
199.480453 102.804329 
201.363495 91.568161 
203.011353 80.713486 
204.026169 69.414322 
122.425156 59.151714 
127.276123 52.501316 
135.196350 49.307873 
143.583282 50.540356 
151.251999 53.686905 
172.507950 54.759007 
180.180405 52.563774 
187.507462 52.333427 
194.045853 55.290867 
197.993744 60.653618 
162.251114 64.711914 
162.266434 71.972870 
162.265320 79.019966 
162.262939 86.391594 
152.403732 93.420021 
156.960922 94.547791 
161.694656 95.722809 
166.043564 94.738304 
170.230331 94.043251 
131.568924 67.315521 
137.056549 64.446869 
143.297913 64.518265 
148.562744 67.995010 
142.897156 69.099884 
136.788269 69.156166 
174.057571 68.974579 
180.059982 66.075165 
186.012207 66.492516 
190.345184 69.394318 
185.849503 70.922890 
179.983688 70.410614 
143.730713 110.042923 
150.707458 105.623772 
157.522354 103.631203 
161.980743 104.569183 
166.601746 103.658531 
172.647293 105.978790 
178.105164 110.031006 
172.796677 115.886406 
166.941223 118.442223 
161.971375 119.412231 
157.014511 119.155693 
150.198792 116.667793 
146.866669 110.113869 
157.663086 107.595306 
161.923019 107.833649 
166.515274 107.437439 
175.064133 110.076141 
166.648087 112.779068 
161.905334 113.671654 
157.419846 113.170090 
