68 2
137.130310 102.024933 
139.367111 118.669327 
143.858948 135.407486 
149.408524 150.675079 
156.683090 165.357941 
167.541138 177.944519 
180.370911 188.338577 
193.928604 195.504745 
208.467148 195.736816 
221.700745 191.101700 
232.552902 180.945740 
241.732361 169.123001 
249.097092 155.655411 
252.753098 141.045242 
254.202209 125.338654 
255.580292 109.610443 
255.578293 94.130508 
146.789978 91.626900 
153.624359 83.430809 
164.017151 79.333084 
175.252228 80.179489 
185.782043 83.758751 
211.960663 81.293015 
222.129211 76.172615 
232.457947 74.308563 
242.721466 77.463493 
249.512344 84.380936 
199.840042 97.578217 
200.554092 107.850845 
201.395996 118.009262 
202.100967 128.399399 
191.958527 138.626556 
197.417847 139.146133 
202.891174 139.739075 
208.082428 138.563126 
213.016022 137.577255 
158.864136 102.058403 
165.945908 97.251129 
175.237183 96.962692 
183.316925 102.604683 
175.388855 104.937164 
166.085480 105.509186 
215.506332 100.580650 
223.170227 93.718285 
231.738098 93.071022 
238.570251 97.096275 
233.124786 101.086388 
224.470688 101.772614 
181.028870 158.671143 
189.874893 153.470734 
197.885437 150.026672 
203.419998 151.164780 
209.299133 149.246643 
218.452118 151.938065 
227.107849 155.440765 
219.409683 163.329605 
211.311539 168.411804 
204.823700 169.921494 
198.726013 169.533447 
190.657181 165.827301 
184.903839 158.595840 
198.537247 155.930191 
203.772873 156.131622 
209.946838 154.982422 
223.239899 155.989197 
210.350311 159.537292 
204.234970 161.084503 
198.835754 160.566284 
