68 2
112.008636 136.107498 
113.349388 150.018799 
116.099327 163.002502 
119.537315 175.992996 
123.713570 188.613464 
130.326599 199.820694 
139.429794 209.172424 
150.468689 215.555313 
162.719376 217.289169 
174.641235 215.218857 
185.070190 208.460754 
193.448807 199.950348 
198.666641 188.404892 
202.751526 176.447983 
206.405777 164.980423 
209.281799 152.677353 
210.575943 140.175949 
120.582314 124.306915 
127.597626 117.000580 
137.822952 114.085800 
148.575409 114.984161 
158.122787 119.018692 
169.852081 118.898300 
179.470078 116.155113 
189.568268 116.023994 
198.843201 119.442665 
204.331085 126.866753 
163.882080 130.936432 
163.935165 140.443329 
163.941788 149.589035 
164.057938 159.003174 
154.605682 166.998581 
158.908951 167.994308 
163.173904 168.904175 
167.127548 168.464478 
170.815979 167.585190 
131.304016 132.203796 
137.245377 128.710312 
144.072449 129.049835 
149.530334 133.867493 
143.691269 134.825516 
136.754608 134.691879 
176.402420 134.394409 
182.463440 129.891663 
188.932739 130.115540 
193.791443 133.776550 
189.086990 135.732010 
182.807816 135.633118 
148.560104 189.139923 
153.738663 183.522888 
159.305145 179.817337 
163.266357 180.740112 
167.372665 180.014130 
172.426697 183.960449 
176.771301 189.289246 
172.196472 194.704758 
167.247299 197.836975 
162.875916 198.630859 
158.361511 197.680023 
153.457733 194.426651 
151.669373 188.516571 
159.402130 184.281189 
163.155701 184.352966 
167.186996 184.400986 
173.972397 188.792892 
167.005905 190.929916 
162.900070 191.874084 
159.031006 190.744446 
