68 2
160.297287 83.812958 
160.988449 96.230560 
162.909500 109.308823 
165.521835 121.599258 
170.111313 132.990295 
177.921265 142.895004 
187.489777 150.867996 
198.078827 156.442642 
209.334381 157.969131 
219.631165 155.103210 
227.989532 147.552368 
235.043839 138.496521 
241.176865 128.418640 
244.929092 117.760811 
246.908829 106.773499 
247.818298 95.558868 
247.657013 84.493073 
170.810364 72.133652 
177.098541 68.395256 
184.696152 68.922340 
191.705505 70.891068 
197.849152 74.385101 
217.635223 74.096161 
224.168350 71.706169 
230.523468 70.373184 
236.728836 70.072952 
241.247009 73.779266 
208.585190 87.037323 
209.134232 95.083466 
209.698349 102.924744 
210.297791 110.873726 
200.039017 116.228180 
204.626038 117.786308 
209.225830 119.061806 
213.699753 117.775108 
217.692795 116.280220 
179.014191 86.130829 
184.091415 83.653152 
190.283997 84.238564 
195.473938 87.893105 
189.962708 89.558846 
183.727615 89.469810 
219.239822 88.025177 
224.229477 84.687180 
229.710999 84.725113 
233.727463 86.928017 
230.125946 89.548637 
224.634796 89.772964 
190.900574 130.305862 
198.407196 129.296249 
204.082733 127.952621 
208.820633 128.804855 
214.215927 127.639862 
219.190536 128.719070 
224.243118 128.993027 
219.496277 134.027924 
214.521484 136.982773 
208.972397 138.087860 
203.638840 137.495285 
197.864975 134.859207 
193.342346 131.144714 
203.518692 130.866547 
208.747070 130.627594 
214.734467 130.318115 
222.159607 130.005630 
214.875854 131.447403 
209.006821 132.829880 
203.603455 131.993240 
