68 2
104.551788 135.702454 
105.306763 148.640671 
107.507935 161.165573 
110.868828 173.448685 
115.450981 184.823120 
122.211548 195.290375 
131.093597 203.969711 
141.687317 210.285995 
154.081711 211.966370 
165.761932 210.450806 
175.975296 204.054443 
184.538208 195.692932 
190.455215 185.254150 
194.762756 173.583710 
198.194977 161.887619 
200.757370 150.063492 
201.831161 138.271820 
113.420883 118.762054 
119.965363 110.652435 
129.914734 107.176849 
140.653168 107.893974 
149.943008 111.695648 
161.686111 111.608292 
171.257874 108.588348 
181.126770 108.629906 
190.500473 112.355782 
196.094879 119.962807 
156.048508 123.550941 
156.176254 131.763260 
156.205963 139.795074 
156.389969 148.020020 
146.744659 157.220139 
151.059830 157.783447 
155.325928 158.706360 
159.154648 158.243759 
162.896362 157.796448 
123.418091 126.840591 
129.385010 122.970856 
136.237091 123.190346 
142.015396 127.720963 
135.934555 128.827698 
129.117844 128.747955 
167.843246 128.071960 
174.087097 123.661781 
180.620468 124.029434 
185.671448 127.879379 
180.746017 129.573547 
174.433777 129.328796 
135.573044 179.196228 
142.150284 172.235596 
149.805740 168.589844 
154.458481 169.747513 
159.721924 168.855576 
166.691742 173.152145 
171.648331 180.119095 
166.461288 187.689041 
159.866577 191.690857 
154.357712 192.150620 
149.081207 191.582581 
141.836182 187.925369 
138.605408 179.118301 
149.909668 174.992157 
154.405914 174.939667 
159.623245 175.160568 
169.050858 179.969910 
159.619308 182.985962 
154.329269 183.324677 
149.693787 182.889771 
