68 2
130.431244 88.073845 
131.463806 101.675209 
133.151459 115.160362 
134.912201 128.507843 
138.411880 141.129532 
145.144806 151.697433 
155.721786 160.314865 
167.711319 166.484924 
180.826889 168.524078 
193.416245 166.757431 
204.217087 160.568817 
212.984985 152.138550 
218.837128 141.829285 
222.233414 129.725571 
224.516312 117.164345 
226.786346 104.362663 
227.959579 91.701614 
138.965530 67.109795 
144.126511 59.945015 
152.677429 56.793686 
162.493332 57.234314 
170.425629 61.223679 
194.927551 62.248501 
203.163422 59.119045 
211.858185 59.796726 
219.491913 64.368233 
223.513153 71.701790 
182.605682 75.824440 
182.585876 84.532417 
182.522614 93.017746 
182.542969 101.729004 
173.125809 110.047058 
177.498093 111.917725 
181.991150 113.153671 
186.557861 112.241608 
190.680313 110.848763 
150.029526 78.959686 
155.461136 75.443138 
162.176941 75.638397 
167.820953 79.606140 
161.956207 81.339226 
155.274506 81.524399 
195.899170 81.150299 
202.111008 77.820381 
208.584763 78.424370 
212.807251 82.290253 
208.166275 84.068024 
201.940384 83.284920 
164.042419 133.550369 
171.785599 129.434769 
177.879776 127.210121 
182.942841 128.681076 
188.489914 127.678345 
193.892227 130.052963 
198.871643 133.872757 
193.664810 136.449280 
188.030426 137.762817 
182.585052 138.334595 
177.312180 137.620819 
171.482391 136.142319 
167.777924 133.362396 
177.539566 132.605331 
182.760361 132.984436 
188.600937 132.743866 
195.436462 133.369278 
188.371994 131.539413 
182.606750 132.251602 
177.386154 131.412079 
