68 2
113.690186 147.258636 
115.002213 159.923248 
117.710098 172.149139 
120.904213 184.076447 
125.401680 195.340714 
132.941025 205.207199 
144.182312 211.901413 
157.176575 215.514542 
171.733231 215.228851 
185.524689 212.677307 
198.161484 207.439438 
208.412247 199.670547 
215.066666 189.445450 
218.307983 177.643997 
219.424316 165.779724 
219.757095 153.483368 
219.432632 141.237656 
120.842583 133.095551 
126.108559 123.411133 
136.641266 118.795357 
148.420242 119.204765 
159.496445 122.620499 
171.679550 122.940392 
181.714340 118.551567 
192.171600 116.797890 
202.520966 119.244576 
209.405777 126.302948 
165.164734 131.484436 
165.145157 137.162598 
165.152496 142.747498 
165.239258 149.011658 
157.457840 162.682755 
162.102051 162.975616 
166.674179 163.059189 
171.378418 162.167206 
175.922501 161.011536 
132.485611 140.636887 
138.229446 136.326813 
145.383423 135.310608 
152.264297 138.668991 
146.082474 141.155197 
138.715439 142.352219 
179.235260 136.671234 
185.788193 132.333649 
192.762909 132.288849 
198.511993 135.825333 
193.414139 138.302002 
186.351852 138.442902 
150.237213 186.272934 
158.020813 180.988632 
164.544128 177.517273 
168.258270 178.547501 
171.891357 176.901428 
179.307098 179.244354 
188.528229 182.992035 
180.062210 185.258804 
173.177628 185.719574 
168.958069 186.106506 
164.889130 186.519058 
158.313904 186.973022 
153.399780 185.226563 
164.863998 182.631638 
168.775085 182.649994 
172.654129 181.965012 
185.074402 182.437012 
172.330505 180.724472 
168.347076 181.046814 
164.560822 181.429932 
