68 2
166.269913 86.405586 
167.618271 101.714851 
170.313782 117.138458 
173.847290 131.700882 
179.474762 145.653656 
188.930389 157.375000 
201.152496 166.505234 
214.268661 173.660034 
228.537048 174.861221 
241.374939 171.361206 
251.718048 162.165939 
261.122284 151.697647 
267.978699 139.187408 
271.330688 125.091255 
272.888306 110.929649 
274.142944 96.805519 
274.539459 83.007355 
177.105469 76.553009 
184.891571 70.268402 
194.711014 67.519653 
205.575546 67.948174 
215.700882 70.803169 
236.843582 69.672668 
246.246094 65.720184 
256.133484 64.426041 
265.642792 66.029335 
272.012817 72.189606 
226.533798 82.418213 
226.767487 91.510864 
227.075790 100.467262 
227.444962 109.805214 
215.507950 118.206139 
221.129333 119.875313 
227.114594 121.413605 
233.061798 119.980331 
238.493729 118.538910 
189.056610 86.391808 
195.207336 83.035255 
203.093155 82.663452 
209.773712 86.418297 
203.003479 88.697510 
195.298126 89.303986 
241.237930 85.195946 
248.355042 80.679863 
255.615784 80.624580 
261.079803 83.636620 
256.227814 86.722534 
248.912277 86.906883 
204.633133 140.489441 
214.225693 137.085236 
221.961960 134.924316 
227.158524 136.341721 
233.333572 134.961029 
241.031982 137.065475 
248.947098 139.682083 
241.726563 144.836456 
234.628738 147.150009 
228.011337 147.940491 
222.066986 147.338837 
214.108292 144.675858 
208.443298 140.171753 
221.950760 139.385574 
227.254730 139.931763 
233.749588 139.217300 
245.333908 139.902603 
234.122421 139.623978 
227.610840 140.669708 
222.103912 139.820511 
