68 2
134.469818 85.290962 
135.966492 103.651176 
139.217361 121.612167 
142.789444 139.315750 
148.864227 156.690155 
158.755005 171.576080 
171.854782 183.670334 
187.027847 193.302856 
204.285767 195.737122 
221.558380 192.362320 
237.168808 182.786377 
250.391632 169.913101 
260.168945 154.881866 
265.707123 137.778625 
268.426605 120.000175 
270.609741 101.588074 
271.741272 82.712029 
144.009171 75.444786 
153.210449 67.833893 
165.348541 66.623756 
177.865540 69.535782 
189.540970 74.248405 
210.654236 72.278885 
224.029617 67.620796 
236.817459 64.716644 
249.915833 65.605843 
259.600128 71.859581 
201.339172 88.176620 
201.139420 100.922295 
200.876358 113.786850 
200.485703 126.800087 
186.464371 132.589966 
193.295914 135.926132 
201.004318 138.577087 
209.004257 135.498566 
216.066208 132.400620 
159.617828 89.426361 
167.559875 85.451683 
176.949295 85.601860 
184.573334 91.881126 
176.369995 93.998581 
166.931107 93.699783 
219.398438 91.220718 
227.454285 84.682594 
236.639755 84.136810 
244.297501 88.288956 
237.724747 92.534966 
228.572205 92.956352 
175.608902 152.717163 
186.744965 152.364487 
196.621735 151.847870 
201.837479 153.682510 
207.651825 152.016235 
217.966446 152.433594 
230.404617 152.512024 
218.734268 160.620758 
208.605835 164.689468 
202.070496 165.632538 
196.020554 164.824005 
186.111618 160.894150 
179.268127 153.878174 
196.234253 156.315598 
201.977936 157.019257 
208.102707 155.967331 
226.093613 153.882309 
208.108154 157.385254 
201.725281 158.117416 
195.912048 157.428909 
