68 2
116.661102 40.837429 
117.869057 61.313530 
120.616737 81.082367 
124.365562 100.012741 
130.564621 118.360229 
139.120361 135.246292 
149.896378 150.614365 
162.964249 163.158432 
179.669479 167.275375 
196.513641 164.828979 
211.310226 153.107391 
224.662003 139.663803 
236.040176 124.531494 
245.096008 107.588890 
251.433243 90.309830 
256.375732 71.142548 
260.002228 51.457726 
125.150024 28.621653 
136.004715 21.118551 
150.842407 21.827583 
164.844589 26.918104 
178.083115 33.344654 
201.983536 35.842041 
215.873398 31.981075 
229.425049 28.387609 
243.401581 29.083570 
253.000107 37.312763 
189.089508 46.028336 
187.797180 58.980671 
186.563416 72.186470 
185.233765 85.691467 
169.515259 92.229164 
176.524872 95.542152 
184.163956 98.419189 
192.469238 96.761185 
200.186569 94.628731 
139.041229 44.556854 
147.536163 40.195614 
158.307617 40.983372 
166.431030 47.864689 
157.220200 50.059044 
146.676086 49.731113 
209.208328 51.125931 
218.668594 45.311302 
229.098328 46.324642 
236.585022 51.108051 
229.301971 55.253494 
218.974655 54.445599 
157.592560 120.413536 
167.436615 117.498138 
176.099915 115.209229 
182.218063 117.687637 
189.990921 116.354805 
198.407013 119.732109 
207.094162 123.917427 
197.985779 134.054504 
188.710632 138.280182 
180.647766 138.577728 
173.633774 136.951370 
165.448303 131.645157 
162.750397 121.308876 
175.949066 120.017578 
182.215637 121.680679 
190.004211 121.126465 
202.272202 124.454254 
189.538177 126.836182 
181.577560 127.802399 
175.210464 126.016045 
