68 2
124.492828 74.986237 
125.321060 91.391808 
127.378662 107.806068 
130.366638 123.850502 
136.163757 139.218201 
144.993927 152.409851 
156.273987 163.251724 
168.408630 172.407333 
182.866562 174.417618 
196.641174 171.934311 
208.075195 162.565826 
217.877502 151.185730 
225.804001 138.207336 
230.669128 124.161987 
233.964035 109.274529 
237.041428 93.684624 
238.684494 77.404953 
135.649170 74.394363 
144.025192 70.145844 
154.118683 71.067574 
164.059586 73.033630 
173.492218 75.921257 
194.091553 75.220787 
204.387589 72.492416 
214.138458 71.062248 
223.692123 71.020218 
230.153976 76.235893 
184.059006 85.951065 
184.231186 96.617188 
184.339081 107.260918 
184.534988 118.170746 
172.024719 121.838776 
177.837479 124.006851 
183.866547 125.840141 
189.790924 124.363541 
195.243317 122.507080 
148.367126 84.599854 
154.975357 82.563644 
162.191513 82.742188 
167.935791 85.861847 
161.644073 87.551094 
154.455597 87.628212 
198.323868 86.625954 
204.991486 83.362885 
211.986679 83.640129 
217.431290 86.224243 
212.092957 89.136017 
205.123001 88.783867 
164.805801 142.644348 
170.884323 139.112656 
176.980515 137.218231 
182.266205 139.040131 
188.181046 137.527222 
194.283981 139.950394 
199.565247 143.942078 
194.002060 150.246094 
187.932755 153.292664 
181.742783 153.978912 
176.094131 153.262222 
170.119476 149.899612 
168.184387 142.753662 
176.877243 141.200821 
182.275742 141.949921 
188.281906 141.404312 
196.408981 144.023224 
187.912155 144.880096 
181.913239 145.967346 
176.422348 144.916885 
