68 2
126.254829 115.982773 
127.793808 132.326599 
130.621643 149.033585 
134.732193 165.397873 
140.788757 180.710938 
150.865952 193.197372 
164.790009 202.181808 
180.593231 207.835022 
198.505005 207.584824 
215.800476 203.526520 
231.135803 194.973572 
244.850647 184.406219 
255.489777 170.914871 
261.606323 154.645447 
263.392731 137.399445 
263.892029 120.441925 
263.403107 103.600914 
134.206833 90.192764 
141.271347 81.100616 
151.908005 76.672600 
163.962006 75.555702 
175.699768 76.980515 
201.838806 73.976288 
213.377029 69.591362 
225.017578 67.601410 
236.987579 68.855438 
246.644501 75.353355 
189.072525 91.823685 
189.183044 101.891937 
189.284866 111.838608 
189.343811 122.250519 
177.530579 133.869247 
184.311768 134.931503 
191.255020 135.796265 
199.153732 133.504150 
206.691818 131.639954 
148.275589 102.722939 
155.511719 98.063492 
164.179871 96.278358 
172.599854 98.692116 
164.876770 101.968323 
156.482956 103.713097 
210.099777 94.747276 
218.253845 90.342865 
227.072342 90.081474 
234.586807 93.352570 
227.648499 96.101387 
219.050903 96.417068 
168.840042 163.524399 
174.972855 153.361420 
183.905304 147.797287 
191.321411 148.867432 
199.424500 146.723938 
210.863739 150.862732 
221.711029 158.656662 
212.196548 166.792343 
201.807190 170.666336 
193.561218 171.840988 
186.020950 172.030640 
176.492783 169.528168 
173.590393 162.089355 
184.571869 155.205429 
191.999481 154.984802 
200.280426 154.055466 
215.952591 158.590027 
200.892029 159.996033 
192.656067 161.412521 
185.341125 161.774017 
