68 2
168.896362 85.811607 
170.536560 98.776031 
173.967758 111.243767 
178.238052 123.078156 
183.232895 134.332703 
190.332596 144.335815 
199.241562 152.989456 
210.489563 158.932495 
222.240128 159.419312 
232.892059 156.243454 
241.779236 148.497513 
249.422256 139.374969 
255.007141 128.293716 
258.133728 116.985420 
260.149353 105.576706 
261.632446 94.039398 
261.937927 81.909637 
177.290482 73.854645 
183.959518 67.337593 
193.258850 64.955284 
203.208527 66.140556 
212.159836 69.974640 
223.240585 69.837250 
232.100098 65.796402 
241.360413 63.979752 
250.640457 66.108795 
256.741791 72.338196 
217.981094 79.949379 
218.456085 88.196877 
218.962433 96.313278 
219.513962 104.703156 
211.787384 112.931610 
215.828751 113.376770 
219.934235 113.628334 
223.479996 113.002045 
226.847198 112.197525 
187.425201 82.022789 
192.673248 78.228096 
199.828537 78.313194 
205.338486 83.132454 
199.505432 84.918495 
192.537247 85.156006 
230.024246 82.089020 
235.269592 76.773590 
241.880157 76.399002 
246.926834 79.832596 
242.746445 82.948601 
236.423584 83.469017 
207.888306 133.474564 
212.232239 127.532417 
216.979630 123.549332 
220.213577 124.369904 
223.396667 123.593941 
228.019363 127.515488 
232.120224 132.145233 
227.868759 135.886292 
224.081436 138.718781 
220.693680 139.600723 
217.021347 138.993088 
212.535583 136.581207 
211.442657 132.714600 
217.287628 129.128647 
220.369583 129.337677 
223.469711 129.159042 
228.916260 131.660980 
223.410217 130.624939 
220.297791 131.740616 
217.117188 130.927094 
