68 2
126.769562 133.332458 
128.036316 148.610489 
131.011292 163.371048 
134.404358 177.991989 
139.809753 191.799591 
148.599350 204.177704 
160.475952 215.177170 
174.505707 223.383942 
189.474792 225.875565 
203.539215 223.196716 
216.157410 215.011917 
226.739380 204.581665 
234.026550 191.586975 
238.158615 176.646790 
240.556473 161.284012 
243.097519 146.044601 
244.234161 130.376251 
136.505890 112.971275 
143.439926 105.981476 
152.850769 102.099998 
163.310257 102.714890 
172.654846 106.167511 
201.198700 106.118134 
211.211563 102.242615 
221.457718 101.446579 
230.967285 104.811317 
237.384735 112.110222 
187.850815 122.779755 
188.063446 132.490265 
188.244888 141.998795 
188.454514 151.821228 
178.346832 161.923080 
183.426025 163.221451 
188.409500 164.250427 
193.585388 163.323471 
198.572922 162.048309 
147.120590 126.793488 
154.078094 121.436714 
163.678680 121.668526 
171.708435 127.505089 
163.452713 130.191162 
154.173798 130.560699 
203.021866 127.601212 
211.250748 121.224663 
220.380936 121.223839 
226.891342 126.293854 
220.760147 129.974823 
211.924255 129.860733 
165.171097 185.224854 
173.189850 178.299484 
181.888657 174.868179 
188.770248 175.643097 
196.042465 175.127075 
204.655762 178.999100 
211.350052 185.163284 
204.502914 193.060852 
196.143967 197.540848 
188.730591 198.836395 
181.195618 197.661102 
172.846069 193.323898 
169.025970 184.885635 
181.884354 181.368958 
188.967896 181.174286 
196.703827 181.452499 
207.838272 184.965057 
196.383408 189.199158 
188.689789 190.336349 
181.236053 189.086807 
