68 2
148.763565 115.183266 
149.942322 127.207733 
152.272659 138.853516 
154.754684 150.030869 
158.509933 160.440857 
164.170227 170.496155 
172.268982 179.097534 
181.342957 186.529968 
191.912216 188.529083 
202.370941 186.345184 
211.586945 179.722672 
219.552490 171.509872 
225.754227 162.120651 
230.029327 151.486969 
232.610428 140.593109 
234.761795 128.969910 
236.319656 117.081474 
153.968643 111.425446 
160.357117 107.217979 
168.849625 107.009003 
176.919312 109.205322 
184.377411 112.396065 
199.716415 112.390602 
207.374786 109.018509 
215.300018 107.143623 
223.313965 107.598907 
229.219833 111.594864 
192.725235 117.408897 
192.467056 125.734039 
192.236511 133.971756 
191.997589 142.598495 
182.332764 144.517975 
186.732895 146.988770 
191.656128 148.936584 
196.827225 147.206406 
201.450745 145.232529 
163.587814 118.778946 
168.366974 116.306427 
174.364624 116.366158 
179.344055 119.548653 
174.147598 120.638268 
168.178650 120.708893 
205.408875 119.857788 
210.714203 116.923737 
216.231781 117.098427 
220.723724 119.283966 
216.624451 121.293388 
211.058990 121.099281 
176.696976 159.867401 
183.023575 158.072327 
188.676086 157.429047 
192.371552 158.857819 
196.871048 157.600418 
202.601944 158.251617 
208.658142 159.696030 
202.940231 166.719589 
197.074860 169.396423 
192.068176 169.823380 
187.768829 169.379623 
182.315796 166.730713 
179.317490 160.144821 
188.493103 159.667755 
192.447983 160.464630 
196.959290 159.658798 
206.010071 160.195984 
197.062927 164.112122 
192.215927 164.800842 
188.143600 164.068588 
