68 2
135.786011 134.194275 
137.702225 150.928528 
141.298569 167.441467 
145.199219 183.205292 
151.788269 197.367615 
162.276703 209.316360 
174.761276 219.367828 
188.400803 227.784851 
203.902359 229.766052 
218.208511 226.428650 
229.698166 216.770355 
239.840057 205.587357 
247.938232 193.350037 
252.444580 178.616669 
254.707840 162.893005 
256.854858 147.264053 
257.369141 131.399399 
146.742569 118.837456 
153.498596 111.304909 
163.788879 106.882370 
174.474518 107.253616 
184.545837 110.074783 
215.118591 109.038460 
225.354309 105.403839 
235.505020 104.552696 
245.054062 108.155418 
251.516876 115.083115 
200.631027 126.812241 
201.403992 137.446075 
202.144470 147.827530 
202.842468 158.253021 
191.991028 167.873215 
197.412445 168.948486 
202.942154 169.830170 
208.093231 168.319305 
212.986740 166.831818 
157.897385 131.639008 
165.172668 125.949951 
175.295685 125.618073 
183.806442 131.920593 
175.276062 134.498260 
165.479965 135.134872 
216.396591 131.082733 
224.833618 124.403915 
234.109406 124.049088 
240.891785 128.985901 
234.743408 132.853592 
225.572693 132.955093 
177.474594 189.963440 
187.009567 183.653610 
196.047989 179.709045 
203.507233 180.120026 
211.335663 179.351761 
219.546448 182.568787 
227.286407 187.875275 
219.998764 196.805191 
211.855042 201.396545 
204.054871 202.978333 
196.106873 202.382645 
186.979431 198.383011 
182.113464 189.815567 
196.446014 186.115295 
203.805038 185.392517 
211.940430 185.543182 
223.466522 188.063629 
212.038925 192.533127 
203.806839 194.147995 
196.262543 193.488190 
