68 2
130.432068 131.009872 
131.445038 146.607956 
134.346268 162.291885 
137.461243 177.514954 
142.889450 191.345764 
152.728622 202.877930 
165.665054 211.268158 
179.877197 218.057571 
195.439987 219.933655 
209.781219 217.830475 
222.379700 210.519150 
233.494736 201.410233 
241.838104 189.828568 
246.048996 175.712494 
248.228516 160.771362 
250.526093 146.000671 
251.200363 131.226974 
140.606094 113.030838 
147.069519 104.515709 
157.417130 99.525917 
168.593307 99.892052 
178.631058 103.557518 
209.559601 102.932266 
219.559799 99.217560 
229.737961 99.161583 
238.818848 103.447060 
244.649979 111.192947 
194.294861 119.898018 
194.532166 129.283630 
194.863525 138.405899 
195.224121 147.624207 
183.975769 158.823914 
189.454422 160.210526 
194.822083 161.361328 
200.138992 160.246414 
205.126877 159.003845 
152.634766 125.452179 
159.642014 120.192787 
168.751526 119.812271 
177.033997 125.157539 
168.912109 127.469238 
159.869278 128.282181 
210.210449 125.381683 
218.741882 120.104195 
227.507736 120.481377 
233.630890 125.177071 
227.517838 128.050369 
218.859604 127.692558 
169.019394 180.687042 
179.600204 175.543106 
188.550903 172.475479 
195.260712 173.409409 
202.540817 172.584778 
210.947693 175.395447 
219.412170 179.979309 
210.706329 184.866974 
202.290558 186.839188 
195.172424 187.430603 
188.286179 187.050018 
179.550568 185.176666 
173.331116 180.504623 
188.602356 178.738907 
195.335266 178.482529 
202.981033 178.636108 
215.161743 179.968155 
202.719696 179.419861 
195.186417 180.192322 
188.590103 179.961990 
