68 2
139.799530 109.051102 
139.563065 124.790878 
140.084549 140.383698 
142.011658 155.331192 
147.550980 169.090805 
154.842041 181.388214 
163.982498 192.302216 
174.587326 201.184570 
187.292938 203.699570 
200.050095 201.020782 
211.025467 193.014847 
221.779388 184.315186 
230.983505 174.057556 
238.209122 161.460205 
241.990891 147.839508 
244.578308 133.396423 
246.796844 117.835518 
146.438293 106.389824 
154.773926 99.669014 
166.333527 99.619385 
177.440842 102.902222 
187.186188 108.640129 
201.518799 107.716431 
212.570374 103.781586 
223.872574 102.211914 
234.795578 105.056404 
240.664978 113.535316 
193.536270 116.341095 
192.712372 126.807877 
191.902527 137.268906 
191.192871 147.875748 
178.167801 149.599426 
183.996536 152.421051 
190.301025 154.754654 
196.795670 153.234161 
202.516144 151.037231 
157.747253 114.439034 
164.254547 111.707207 
171.650452 112.341156 
178.246017 116.655678 
171.328674 117.670563 
163.749054 117.456367 
207.280807 118.130165 
214.668213 114.291748 
221.813141 115.003090 
227.485794 118.283043 
221.628128 120.481476 
214.496124 119.973961 
168.926086 165.964920 
176.051758 163.363922 
183.639572 162.781891 
188.762634 164.334930 
195.153961 163.394638 
202.832367 165.168106 
209.272766 167.920898 
201.976944 177.983047 
194.099579 182.511047 
187.216568 183.397537 
181.489899 182.213364 
174.367188 177.089722 
171.781525 166.318390 
183.613449 165.222595 
188.888611 166.178558 
195.402893 165.635971 
206.223175 168.235428 
194.751358 176.001846 
187.901917 177.161240 
182.329697 175.678711 
