68 2
110.864838 132.422379 
111.465454 145.731445 
113.654907 158.964478 
116.263794 172.293762 
120.095200 184.960602 
126.810165 196.418716 
135.977066 206.352371 
147.110977 213.595428 
159.733963 215.309692 
171.377365 212.958282 
181.519073 205.977844 
189.815353 197.319199 
195.755188 186.284256 
200.239944 174.315613 
203.961121 162.799896 
206.865524 150.621445 
208.315781 138.116730 
120.146332 123.125031 
127.592194 116.047852 
137.929169 113.599831 
148.619949 114.868355 
157.958557 119.032745 
170.023483 118.935631 
179.423096 116.169487 
189.046997 116.147865 
197.971558 119.576576 
202.911758 126.484467 
163.754578 130.511246 
163.653458 139.927551 
163.515152 149.187714 
163.408234 158.685318 
152.858704 165.929138 
157.327744 167.229630 
161.958771 168.521790 
166.150070 167.782181 
170.097595 166.742111 
130.267136 131.033371 
136.549683 127.532730 
143.454941 128.194336 
148.870880 133.342529 
142.865768 134.042297 
135.771164 133.698868 
175.194885 134.320282 
181.423431 129.559570 
187.956085 129.806122 
193.010315 133.663940 
188.152390 135.506561 
181.647110 135.381424 
142.265900 186.204895 
149.332611 181.728165 
156.494843 178.879349 
160.598007 179.947891 
164.975098 179.211487 
171.051651 182.535217 
176.541229 186.946762 
171.076447 194.349442 
165.030701 198.190338 
160.205109 199.019760 
155.155640 198.108582 
148.513138 194.157608 
145.019043 186.258865 
156.189896 182.370621 
160.452393 182.644394 
164.920624 182.698502 
174.238968 187.186325 
164.959290 191.977890 
160.236191 192.958389 
155.731720 191.924011 
