68 2
96.173485 123.191315 
95.443375 135.639923 
96.090729 147.952072 
97.821930 160.459015 
101.009789 172.679535 
105.426483 184.292282 
112.379951 194.886169 
121.726112 202.599899 
134.255035 205.068527 
147.817490 203.115189 
159.212997 196.066025 
168.139664 187.072083 
175.346924 175.940033 
180.151993 163.328018 
182.806046 150.879745 
184.715683 138.186295 
185.685974 125.207085 
100.386711 108.117294 
105.745117 102.672882 
113.500717 101.242378 
121.513763 102.459038 
128.547821 105.790367 
146.065674 106.267067 
153.917786 102.798424 
162.480225 102.056389 
170.602310 103.963036 
176.019485 109.956123 
136.932556 115.349785 
136.208603 123.831978 
135.614319 132.192566 
134.984909 140.894699 
124.717354 145.420624 
129.442596 148.419266 
134.937439 150.449127 
141.337723 148.755798 
147.004379 146.671356 
108.931068 116.559937 
113.887817 112.660919 
120.525620 113.092110 
125.411621 117.633072 
119.892525 119.360504 
113.570023 119.334442 
149.354660 118.426239 
155.413239 113.938980 
162.303940 114.471542 
167.040802 118.762733 
162.230255 121.085274 
155.633133 120.841270 
117.247772 169.031525 
122.915436 163.510468 
129.632813 161.087158 
134.867859 162.346695 
141.111847 161.252960 
148.663422 164.066467 
154.482559 169.880096 
148.477280 176.871155 
140.949829 180.263382 
134.181076 180.902893 
128.129852 179.702698 
121.824234 175.770782 
119.989960 169.065338 
129.186935 166.167938 
134.850906 166.328552 
141.263809 166.755157 
151.870804 170.195953 
141.049484 172.867966 
134.336212 173.564713 
128.562988 172.455566 
