68 2
117.801186 135.251266 
118.938690 149.055359 
121.705605 162.470505 
125.493988 175.342926 
130.672333 187.160370 
138.228577 197.408234 
149.551804 204.457199 
162.389114 208.361725 
176.814758 208.239990 
191.171570 204.923553 
204.319992 199.010605 
215.478745 191.132645 
222.836731 180.569626 
227.077698 168.235153 
228.954910 155.486450 
229.744415 142.111450 
229.401672 128.830017 
124.692421 118.279694 
130.704803 108.501656 
141.319016 103.658920 
153.434067 104.033051 
165.015549 107.132530 
179.447754 107.402069 
189.960175 103.521683 
200.519226 102.058144 
211.063461 104.890503 
218.243408 112.058006 
171.225128 117.841957 
171.097015 123.004120 
170.874191 128.068146 
170.836975 133.788300 
163.519180 149.367737 
168.019699 149.204315 
172.324875 149.088699 
176.838181 148.590515 
181.374390 147.971298 
136.950577 127.296425 
142.983994 122.715179 
150.519089 121.618546 
157.689453 125.147736 
151.250946 127.615669 
143.511520 128.818649 
186.014648 123.233902 
192.896637 118.569000 
200.371735 118.740807 
206.466003 122.434380 
200.768982 124.888687 
193.379730 124.969032 
154.955063 175.743576 
162.389374 167.677856 
169.488052 162.547104 
173.333542 163.396896 
177.485001 162.283188 
185.971359 166.596115 
194.896423 172.788223 
186.726883 177.660919 
179.101212 179.671066 
174.447342 180.338684 
170.027710 180.490128 
163.038101 179.542633 
158.580765 174.486588 
169.955231 168.637665 
173.830887 168.098114 
178.272110 168.126419 
191.240448 172.210815 
178.401306 172.984360 
173.863953 173.363983 
170.080856 173.708176 
