68 2
146.505798 106.901215 
147.921982 119.054962 
150.300018 130.265503 
153.147644 141.583862 
157.419815 152.259995 
163.149353 162.239807 
171.341949 170.372360 
180.139801 177.214523 
191.263870 178.837128 
201.837753 176.448792 
211.378342 169.584198 
219.286560 161.136398 
224.943939 151.149582 
228.614532 140.154358 
230.726593 129.013809 
232.415558 117.260582 
233.602264 105.000954 
151.466736 99.380981 
156.629333 94.615532 
164.466614 94.050934 
171.992020 95.957275 
178.810318 99.110733 
193.899323 98.485466 
201.668259 95.242874 
209.853516 93.956268 
217.728638 94.959206 
224.058151 99.350616 
187.315399 105.504898 
187.455261 112.907417 
187.592926 120.241402 
187.697357 127.966202 
179.724518 132.200623 
183.689758 134.242935 
187.979248 135.620148 
192.564163 134.198593 
196.933884 132.473877 
158.667480 108.266129 
163.349808 106.407005 
169.238892 106.131523 
174.740067 107.852142 
169.294998 109.218727 
163.556305 109.633797 
200.885620 108.143776 
206.733612 106.750214 
212.502029 107.212196 
217.420898 108.880341 
212.593994 110.501343 
206.734756 109.905327 
173.786285 148.797424 
178.960999 145.612473 
184.551529 144.403793 
188.699951 145.687454 
193.326477 144.587753 
199.842575 146.149307 
205.979355 149.151840 
200.115967 155.830185 
193.776154 158.525238 
188.844345 159.069153 
184.121368 158.417511 
178.572937 155.681091 
176.338287 149.039719 
184.406509 147.803879 
188.982697 148.491119 
193.619385 147.873276 
202.928101 149.240906 
193.474380 152.590134 
188.634933 153.382385 
183.846817 152.560837 
