68 2
115.034370 117.359985 
115.875946 129.234344 
118.141617 140.452881 
121.348457 151.348572 
125.954681 160.869080 
132.282394 168.901718 
141.087234 174.783890 
151.560104 178.820892 
163.919632 179.803802 
175.997787 177.974304 
186.611282 173.373184 
195.199020 166.714066 
201.670441 158.242004 
206.128357 147.814682 
208.654678 136.461884 
210.007996 125.065376 
210.481873 113.348808 
121.422920 98.804344 
126.567627 92.325439 
134.495331 88.986832 
143.375336 88.568848 
151.797913 90.078949 
170.280945 89.759232 
178.727417 88.027069 
187.075882 87.944061 
195.206406 90.630272 
201.349258 95.935585 
160.808517 101.404083 
160.836380 105.829071 
160.814667 110.083923 
160.888672 114.778023 
153.836578 126.555122 
157.846619 126.881332 
161.520844 126.918770 
165.566849 126.679810 
169.543884 126.113472 
132.108765 107.532990 
137.030472 103.859406 
143.181564 103.218605 
148.829102 106.440956 
143.508209 108.057625 
137.453247 108.817459 
174.143860 105.656342 
179.655289 102.015198 
185.747238 102.245995 
190.568298 105.246933 
185.867294 107.083107 
179.940674 106.952408 
145.997833 148.680054 
151.288361 141.195740 
157.340210 136.812561 
162.161682 137.316635 
167.057907 136.782471 
173.389099 140.911194 
178.837097 147.726807 
173.173920 149.748657 
167.183868 150.701889 
162.233398 151.112091 
157.370636 150.845428 
151.764832 150.144394 
149.669891 147.267838 
157.675705 141.798096 
162.361084 141.308777 
167.408264 141.574493 
175.339813 146.751038 
167.168533 145.821671 
162.040634 146.253113 
157.379684 145.898361 
