68 2
142.075745 60.202805 
144.094437 85.108688 
149.100296 109.253830 
154.269043 132.161514 
161.525146 153.930008 
171.334000 174.477539 
184.653061 192.637772 
201.004395 206.809036 
222.321671 210.800720 
242.190811 208.297943 
258.657532 194.858414 
273.091919 178.014893 
284.536407 158.886169 
293.424103 138.069397 
299.980530 116.093781 
304.920715 93.393127 
307.960876 70.432922 
147.495331 46.106182 
158.065125 33.517841 
175.480270 32.050316 
191.989624 37.716972 
208.151550 45.182720 
241.909119 48.159195 
259.084167 42.471596 
275.499786 37.595921 
292.602753 39.540302 
302.669952 51.942722 
224.963348 62.383701 
224.562637 78.258011 
223.956619 94.023315 
223.445374 110.344147 
204.873840 119.562347 
213.459503 123.234756 
222.450684 126.189507 
232.364182 123.892143 
241.329834 120.981949 
164.980011 61.891724 
174.828262 55.730755 
188.242905 56.361576 
199.083923 65.179672 
187.637207 68.439980 
174.261398 68.652473 
250.366272 67.275299 
262.370270 59.837112 
275.382446 60.427238 
284.549988 66.862396 
275.824432 72.318207 
262.988159 71.460609 
190.999283 153.859650 
202.601501 150.436661 
213.120422 148.010818 
221.412674 151.213120 
230.986191 149.044220 
241.402664 151.956802 
250.594177 155.855820 
241.152069 166.770477 
230.832245 172.236008 
220.631439 173.214554 
211.252945 171.408539 
201.332245 166.213409 
195.975189 155.143402 
212.677841 156.779282 
221.609619 158.890396 
231.563995 157.475143 
246.179031 156.654190 
231.312393 157.697815 
221.193497 159.196121 
212.212769 156.921631 
