68 2
186.948563 99.488632 
187.986771 113.411293 
190.475861 127.423477 
193.667770 140.978882 
198.369415 153.508484 
206.190186 164.591614 
216.661987 173.892166 
229.066101 180.664185 
243.000183 182.248016 
256.595734 179.839844 
267.583313 171.878494 
276.583893 161.920624 
283.158905 150.417084 
286.562714 137.759415 
288.666870 125.175331 
290.098022 112.702888 
290.694946 100.356216 
196.524689 87.947372 
203.917786 82.491455 
213.380203 81.367844 
222.747482 83.518654 
231.349533 87.465637 
252.838791 87.908607 
261.300354 85.399330 
269.364624 84.476112 
277.188995 85.584442 
282.570862 90.354301 
242.637726 98.285973 
243.271210 105.870880 
243.964783 113.244095 
244.667557 121.183189 
233.767410 129.749680 
238.474258 131.486420 
243.251114 132.955139 
248.129944 131.638336 
252.263489 129.938782 
208.077209 98.057838 
213.561234 94.223000 
221.022293 94.537560 
227.179733 99.107903 
220.695740 101.038734 
213.289124 101.229324 
254.870361 100.541611 
260.757690 96.463257 
267.935638 97.085434 
272.930115 101.032166 
268.227173 103.463287 
261.162476 102.994972 
222.544098 150.026794 
231.362686 146.666916 
237.961288 144.580002 
242.616486 146.270294 
247.958801 144.668381 
254.207169 147.100769 
260.212280 150.524643 
254.163162 154.743561 
248.026093 156.377136 
242.426865 156.971771 
237.157501 156.652649 
230.525818 155.092346 
225.998123 150.541824 
237.515076 149.663452 
242.516144 150.034943 
248.186203 149.558975 
257.016693 150.676132 
248.143768 149.182434 
242.505997 149.848831 
237.520264 149.487854 
