68 2
148.078308 83.367416 
150.135559 94.943222 
152.879349 106.260231 
155.754898 117.416748 
160.196487 127.600029 
167.258026 135.805527 
176.539047 141.618958 
187.123428 146.005569 
199.381149 146.626053 
211.079300 144.334213 
221.056976 138.047180 
229.082092 131.245087 
234.255615 122.389732 
236.679688 112.005630 
238.079376 101.094749 
239.224884 90.504776 
239.887665 79.489189 
156.430908 66.950348 
160.632385 59.193893 
168.679871 55.354160 
177.403198 55.940170 
185.372498 58.777370 
207.673172 59.160320 
215.269592 56.413342 
222.865799 56.297607 
229.550888 59.717392 
233.689240 65.720924 
197.417725 70.307709 
197.879639 76.790749 
198.322464 83.059357 
198.861572 89.737030 
189.429993 98.802536 
194.137970 99.495132 
198.908142 99.954041 
203.071960 99.226707 
207.134506 98.834251 
166.191635 75.280121 
171.739380 72.046417 
178.144470 71.743973 
183.793900 74.834923 
178.128479 76.408821 
171.857605 76.884102 
209.149063 74.908478 
215.426208 72.010117 
221.577408 72.427422 
226.117737 75.422897 
221.304260 76.855957 
215.215195 76.421120 
180.952118 118.427940 
188.407959 112.582611 
195.339920 109.673981 
200.043625 110.621056 
204.972229 109.125671 
210.952454 111.813164 
215.950516 116.963661 
211.125824 122.167305 
205.355560 124.857788 
200.101898 126.101074 
194.948166 126.034531 
188.105087 124.219254 
184.110657 118.159195 
195.334656 114.582794 
200.031296 114.401665 
204.926941 113.960114 
213.014999 116.817558 
204.955429 118.896065 
199.897217 119.984711 
195.046631 119.913422 
