68 2
130.896652 83.937241 
131.294739 97.734497 
133.088196 111.517502 
136.006729 124.921234 
140.436615 137.491531 
147.331955 149.199783 
157.033691 158.986053 
168.769226 166.395325 
182.509140 168.538956 
196.406921 166.683014 
207.930359 160.156143 
217.239197 150.654953 
224.002487 139.085175 
228.615067 126.915474 
231.878235 113.876724 
233.747345 100.540474 
234.561386 87.270561 
139.782776 69.768044 
146.761200 63.787613 
156.075165 62.379192 
165.674103 63.928913 
173.936234 68.021378 
195.140762 68.755463 
203.917557 66.225555 
212.608505 66.184418 
220.817276 68.502205 
226.259995 74.304436 
184.336609 79.378334 
184.199005 86.523117 
184.168594 93.636154 
184.321289 101.055779 
173.845703 109.803497 
178.863831 111.260834 
183.858353 112.545868 
188.934753 111.618454 
193.787689 110.520546 
150.235123 80.518478 
155.972809 76.957062 
163.052444 77.352409 
169.397873 81.713036 
162.708740 83.261589 
155.620285 83.291893 
197.417511 83.296799 
204.092346 79.526840 
210.796387 80.081596 
216.154144 83.825127 
211.043152 86.011681 
204.216995 85.588852 
165.534195 132.239777 
172.071213 125.570770 
178.196869 122.303101 
182.848328 123.761787 
188.255814 122.750336 
194.761047 126.796524 
200.296051 133.230820 
194.373108 138.946594 
188.160904 141.045776 
182.501617 141.418106 
177.412781 140.747711 
171.759338 138.407684 
169.029175 131.764679 
178.226181 127.586395 
182.869476 128.030945 
188.283554 127.953278 
197.106796 132.656738 
188.099579 132.684296 
182.618591 133.134171 
177.962585 132.394745 
