68 2
124.193085 113.308922 
124.886749 129.435791 
126.590485 145.333923 
130.038040 161.144211 
135.360580 175.880478 
144.716507 188.818176 
157.684891 199.014465 
172.652313 206.044556 
189.895584 206.606781 
206.977036 203.488266 
222.303055 195.394226 
235.904114 185.870834 
246.013641 173.377518 
251.522736 158.235657 
253.704208 142.198730 
255.040100 124.816948 
255.108643 107.916328 
132.672302 90.949722 
138.715515 80.268562 
149.324112 74.496323 
161.863464 72.925011 
173.061142 76.144615 
198.197052 73.144745 
209.987930 68.301773 
222.525864 68.590248 
234.138290 73.689911 
241.785706 83.069336 
184.783722 92.834473 
184.651764 102.880409 
184.418335 112.973297 
183.945419 123.318115 
172.595184 134.401047 
178.737289 134.917084 
184.804504 135.974274 
191.801910 134.470016 
198.752213 133.632568 
144.754959 100.829117 
150.581604 94.597130 
159.296066 93.577255 
167.069321 98.594147 
159.882431 100.708847 
151.538269 101.935143 
206.047363 95.630402 
213.182068 88.981094 
222.154831 89.228355 
229.146408 94.584305 
222.855103 96.688629 
214.239914 96.812637 
163.443146 162.475143 
169.456726 152.105988 
177.546402 147.079041 
184.213806 148.633850 
191.620865 147.179016 
202.491013 152.190948 
212.364853 160.798904 
203.395645 167.768524 
193.474640 170.948349 
185.780487 171.567688 
178.699310 171.271454 
170.241837 168.282654 
167.779755 161.180862 
178.178772 155.798096 
184.881668 156.330139 
192.037827 155.751923 
207.231995 160.203674 
192.273499 159.703918 
185.106308 160.637146 
178.443680 160.246933 
