68 2
82.160759 72.340485 
81.724403 88.429695 
82.478241 105.061775 
83.670532 121.487373 
86.991608 137.703201 
94.016052 152.123978 
103.786903 164.281555 
116.626915 173.508408 
133.480835 175.837967 
151.126358 173.908524 
166.466522 166.335861 
179.656204 156.278793 
190.468155 142.627258 
197.322571 126.413490 
200.984207 109.610657 
204.078293 92.641998 
206.103943 75.382355 
86.903961 53.604351 
94.421303 45.602478 
105.249702 43.355644 
116.787758 44.847187 
126.530289 49.813293 
148.561447 49.847549 
160.615509 44.721104 
173.736008 43.507164 
186.447479 47.111767 
194.509567 56.523983 
136.994110 62.552071 
135.536896 74.073448 
134.245407 85.590172 
132.838654 97.511429 
117.977386 103.189499 
125.164360 106.676682 
133.188736 109.730232 
142.230499 107.070259 
150.383423 104.905487 
96.739540 65.466385 
104.105370 60.104614 
113.915039 60.899414 
121.703125 67.509285 
112.949738 70.043709 
103.357651 69.826180 
154.899963 68.036308 
164.181946 61.595947 
174.268127 62.408333 
181.338013 68.187416 
174.303772 71.834976 
164.379761 71.408333 
107.924126 133.090515 
116.958214 125.562988 
126.663490 122.433105 
132.835800 124.016464 
140.585770 122.706284 
150.839371 126.885773 
160.479248 134.556671 
150.571716 142.841034 
140.340851 145.869171 
132.049545 146.469437 
125.230156 145.609451 
116.032852 142.180161 
112.088936 133.171066 
126.760971 128.155640 
132.778732 128.674454 
140.161728 128.438278 
156.202774 134.584488 
140.249176 137.298706 
132.508163 137.923798 
126.439781 137.069550 
