68 2
172.327667 71.005486 
173.942032 86.828018 
177.112564 102.426613 
180.798630 117.230377 
186.774979 131.323227 
195.786453 143.527435 
207.732086 154.208313 
220.366760 162.573196 
234.063156 163.977829 
246.289932 160.049210 
255.775574 149.705383 
263.786499 137.572144 
270.415253 123.877441 
274.062225 109.988495 
276.050415 95.650772 
277.316864 80.816093 
277.380737 66.441818 
183.315094 66.865494 
191.068787 61.286106 
200.762817 59.155319 
211.074356 60.288906 
220.351456 63.611938 
241.050217 61.550064 
249.209198 56.844463 
258.257996 53.990929 
267.531647 54.351513 
273.855469 59.643955 
231.522781 72.409637 
231.966827 82.819885 
232.401260 93.050209 
232.828888 103.537956 
220.408234 109.123672 
226.448425 110.932602 
232.971512 112.562050 
238.834259 110.719299 
244.271454 108.709198 
194.082108 75.692413 
200.492920 72.892288 
208.273621 72.439674 
214.590714 75.813850 
208.206589 78.342667 
200.536682 78.991982 
245.031921 73.894188 
252.024338 69.673615 
259.304413 69.224792 
264.811188 71.681068 
260.079681 75.357178 
252.865295 75.718491 
212.375595 130.057709 
220.834732 127.240967 
227.747131 125.218124 
232.672638 126.698570 
238.275208 125.235298 
245.156036 127.265907 
252.406876 129.008987 
246.186035 137.560242 
239.848465 142.057877 
233.600769 143.348495 
227.739151 142.469650 
220.236786 138.320496 
215.862976 130.126221 
227.675079 128.329300 
232.828262 129.002487 
238.703934 128.243240 
249.192062 129.616608 
239.118973 133.624496 
233.022888 135.116058 
227.564102 133.976837 
