68 2
127.777969 120.562393 
129.469666 139.103088 
132.706924 157.357346 
137.144165 175.179230 
143.984924 190.982330 
154.136673 205.185196 
166.235428 217.230850 
179.775650 226.464172 
196.742920 228.035889 
213.133911 223.666061 
226.628098 212.917603 
238.161484 199.832687 
246.550018 184.835022 
251.993820 168.617004 
255.505585 152.137283 
257.958649 135.652298 
259.582550 118.523643 
132.875763 112.653046 
141.794617 105.284210 
154.194550 103.915688 
167.009216 106.134109 
178.717987 110.857452 
204.941483 111.495041 
217.184387 106.437096 
229.784180 104.180099 
242.170471 104.885170 
250.827713 111.871460 
193.522186 123.672623 
193.603912 133.059021 
193.797775 142.389633 
193.919342 152.054520 
180.341965 162.281219 
187.050888 163.779114 
193.978867 165.076340 
200.596390 163.630447 
206.889984 162.204987 
148.826645 125.863983 
156.661758 123.254608 
165.056610 123.332817 
173.675034 126.324760 
165.096451 127.679649 
156.465897 128.177048 
211.749939 126.453339 
220.705353 123.212486 
229.009979 123.537109 
236.681503 125.571220 
229.050751 127.979210 
220.620239 127.874107 
166.066010 183.580170 
177.329147 180.033295 
187.734009 178.253052 
193.701675 180.014694 
200.570129 178.455124 
210.815002 180.324097 
220.738159 182.968750 
211.206680 193.386169 
201.136093 197.522522 
193.724289 198.383514 
186.945724 197.997253 
176.324860 194.059967 
169.724640 184.285706 
187.344299 181.998276 
193.690979 182.976501 
200.977509 181.944626 
217.217911 183.917587 
201.181213 189.732956 
193.859100 190.867874 
187.299393 190.417404 
