68 2
76.904404 118.940063 
78.130127 132.028122 
80.195679 144.863174 
82.652931 157.797272 
87.174286 169.576477 
94.416840 179.391861 
104.124489 187.580490 
115.082901 194.132462 
127.537354 195.611633 
139.415314 192.815430 
149.293655 185.544052 
157.505890 177.201477 
163.443054 167.186554 
166.526413 155.547546 
168.528244 143.288513 
169.880981 131.340591 
170.343277 119.116928 
85.872276 106.743004 
91.429672 99.407654 
100.020927 96.055016 
109.228981 97.094650 
117.545616 100.648911 
139.266342 101.496567 
147.027878 98.757843 
154.575378 98.236221 
161.481018 101.413025 
165.736679 107.524254 
128.940369 112.191711 
129.221130 119.407257 
129.532898 126.459267 
129.910431 133.863022 
119.059052 142.766769 
124.060425 143.648804 
129.257156 144.609055 
133.869522 143.577301 
138.295151 142.846359 
96.345772 115.486542 
102.002068 112.680962 
108.464302 112.562653 
113.870468 115.895332 
108.087242 117.099281 
101.817108 117.407280 
141.060486 116.530121 
147.221527 113.779350 
153.289368 114.241058 
157.818222 117.226227 
153.043289 118.592041 
147.136276 118.049667 
109.122643 161.571625 
116.850815 156.527069 
124.252930 153.857224 
129.419159 154.878845 
134.490707 153.750061 
140.604309 156.496124 
145.961426 161.104782 
140.653610 167.622757 
134.721756 170.936905 
129.217224 172.184631 
123.571182 171.758621 
116.125885 168.918335 
112.485016 161.546204 
124.147148 158.607025 
129.331787 158.800232 
134.368698 158.310104 
142.907333 161.067749 
134.397644 164.078918 
129.111252 165.378845 
123.759369 164.747803 
