68 2
151.879089 105.628761 
152.627457 122.079659 
154.727951 138.014755 
158.057037 153.734802 
163.563934 168.462097 
172.567200 181.492325 
184.079834 191.722961 
196.029083 200.645966 
211.125687 203.545593 
225.526199 200.828339 
237.433182 192.096252 
248.393860 181.119415 
256.700195 168.488571 
262.422363 154.309799 
265.793823 139.688614 
268.664001 124.925743 
270.552795 109.615913 
159.325424 96.378662 
167.134064 88.482101 
178.475525 86.689857 
190.226410 89.181549 
200.688995 93.923523 
224.862061 94.279366 
236.374695 90.543030 
248.102844 89.806633 
259.232330 92.329681 
265.471680 100.716370 
213.327286 106.812111 
213.044037 115.043213 
212.759094 123.308022 
212.578232 131.882507 
199.480820 139.953827 
205.522186 141.843353 
211.844971 143.542923 
218.025299 142.099106 
224.010956 140.747009 
172.334900 106.671013 
179.570618 103.705772 
187.526337 104.255707 
195.099426 108.447983 
187.393311 108.962563 
179.360367 108.899765 
229.602753 109.858376 
238.119522 106.056572 
245.768341 106.372276 
252.218506 109.589371 
245.810165 111.265091 
238.115936 110.865982 
185.317062 159.396820 
195.619858 156.011337 
205.237991 154.382721 
211.026489 155.914246 
218.078918 154.741776 
227.481949 156.835449 
237.277039 159.850555 
227.834305 171.016739 
218.511337 174.932343 
210.984497 175.559692 
204.364609 174.878036 
194.671906 170.519394 
188.903259 160.415863 
205.129089 158.165756 
211.086151 158.615219 
218.558304 158.162354 
234.009216 160.779465 
218.607513 167.802185 
211.085388 168.603973 
204.780930 167.971359 
