68 2
166.769882 87.065514 
168.395660 102.587608 
171.271545 117.942558 
174.932343 132.917114 
180.840149 147.229553 
190.200623 159.216034 
202.101868 169.444977 
214.692322 177.805618 
229.153397 179.100281 
241.808411 174.872147 
251.650604 164.635834 
259.861267 152.777893 
266.146210 139.123276 
269.286987 124.606758 
270.894775 110.212601 
272.010529 95.468521 
272.370544 80.817535 
176.379608 82.708832 
182.894012 75.720818 
192.374374 72.585480 
202.983185 73.099396 
212.792404 75.909439 
233.822784 73.566963 
243.231018 69.089661 
253.426544 67.079987 
263.152893 69.208282 
269.164368 75.826912 
224.413879 85.594795 
224.907242 95.256836 
225.388016 104.868942 
225.938553 114.881332 
213.831604 121.715904 
219.627319 123.484550 
225.745804 125.062881 
231.645050 123.425049 
237.154648 121.734039 
187.331375 89.747520 
193.602112 86.579330 
201.335266 86.034927 
208.110489 89.236603 
201.554321 91.633110 
193.824890 92.419907 
238.082733 87.429802 
245.690598 82.815269 
253.027069 82.629135 
258.843323 85.095566 
253.687851 88.550545 
246.251984 88.885719 
204.918503 142.049667 
213.712967 140.197250 
221.283493 138.569717 
225.712677 139.963806 
231.201828 138.640610 
238.821915 140.083023 
247.395645 141.068420 
239.904968 149.765396 
232.815643 153.405380 
226.871643 154.381760 
221.516602 153.661774 
213.650803 149.952820 
208.273376 142.539734 
221.431976 142.373215 
225.934875 143.049591 
231.595490 142.096100 
244.284012 142.041809 
232.094833 145.701736 
226.443008 146.832062 
221.619873 146.188004 
