68 2
154.771851 100.656372 
156.508667 116.317627 
159.699295 131.554138 
164.417007 146.177353 
171.120178 159.954361 
180.054855 172.670288 
191.441635 183.546051 
204.291702 191.157532 
218.523743 192.531876 
231.805939 188.236115 
241.982101 177.893005 
250.563400 166.193665 
257.229004 153.086884 
261.706879 139.405914 
264.501587 125.242325 
266.080933 110.855530 
265.991211 96.245987 
162.929550 85.829536 
170.618683 79.474823 
181.267166 77.816536 
191.814301 79.607803 
201.009033 83.851028 
224.087585 82.610855 
232.784744 78.812790 
241.868713 76.843384 
250.909851 77.442818 
256.868683 83.076385 
214.056717 95.195099 
214.805679 103.968155 
215.615540 112.912529 
216.407700 122.036041 
204.577652 129.311462 
210.025360 131.044296 
215.942581 132.312256 
221.594086 130.792694 
226.492813 128.962936 
175.998428 97.402573 
182.214905 93.351059 
190.152863 93.273476 
197.117447 97.138687 
190.196320 99.666664 
182.425858 100.397545 
226.709824 96.490128 
233.448868 91.587982 
241.062393 91.972008 
247.059082 95.634323 
241.568771 98.857880 
233.923126 98.907455 
196.588074 154.274612 
202.873627 146.904739 
209.671173 142.598633 
215.691467 143.640747 
222.363098 142.502335 
229.125107 146.642731 
234.349991 153.062958 
229.535858 162.211243 
223.307159 167.513901 
216.248123 168.975449 
209.360916 168.184250 
202.467499 163.214905 
199.550980 153.997635 
209.292145 147.554947 
215.761185 147.177933 
222.847855 147.425598 
231.742508 153.168701 
223.397064 158.743271 
216.188477 160.701721 
209.596634 159.376816 
