68 2
110.735062 140.745285 
111.013397 153.357254 
112.994308 166.288727 
115.889229 178.799103 
120.345055 189.918854 
127.449615 199.343185 
137.867233 205.422684 
149.901855 208.563721 
162.671143 208.516037 
175.835037 205.772491 
188.251053 201.056885 
199.085281 194.316956 
206.493393 185.080429 
210.992249 173.930176 
213.574753 162.468262 
214.573410 150.756393 
214.811478 138.897491 
118.334351 120.637711 
124.999359 114.653236 
133.806900 112.218712 
143.285721 113.535797 
151.802444 117.520859 
168.852020 117.155151 
177.315338 113.165108 
186.331161 111.621002 
195.250488 113.352135 
201.827271 118.750992 
159.088333 127.846420 
158.571808 132.095428 
158.118744 136.269669 
157.817764 141.065613 
151.305359 154.394867 
155.126617 154.564911 
158.935608 154.735382 
163.078293 154.321136 
166.993637 153.734299 
128.180710 133.454346 
133.632874 129.481400 
140.105606 128.898392 
146.274429 132.142075 
140.496323 134.124649 
133.869492 134.882065 
173.507019 130.858856 
179.644882 127.136421 
185.970245 127.368492 
191.275818 130.752945 
186.091553 132.764587 
179.750931 132.617737 
142.660004 178.462341 
149.401138 169.962723 
156.149384 164.988831 
159.891495 165.730270 
163.802368 164.838959 
171.662964 169.353943 
179.766891 175.940414 
171.961899 181.066833 
164.586609 182.653168 
160.283310 183.017517 
156.224045 183.252640 
149.546326 182.322891 
145.842697 177.642731 
156.557007 171.852402 
160.353928 171.219666 
164.563538 171.489365 
176.466568 175.855301 
164.214752 175.274734 
159.795227 175.535873 
156.152084 176.067413 
