68 2
126.695450 153.541443 
128.143021 168.896561 
130.238770 183.995667 
131.522522 199.118988 
134.674591 214.412949 
142.233475 227.000992 
154.157944 237.136505 
169.310623 243.900452 
187.675201 244.922684 
205.544952 242.899689 
219.940109 235.688293 
231.175232 225.674500 
238.485519 212.851746 
241.879959 197.780090 
243.889572 182.480438 
245.663879 166.953278 
246.547195 152.420395 
131.349640 137.402786 
137.688171 125.494293 
150.441513 120.269096 
164.671402 119.947182 
178.106201 123.453033 
193.912308 122.103973 
207.307678 118.663399 
220.922073 118.893066 
233.728027 123.503922 
241.276062 133.625076 
186.813950 135.633240 
186.903244 144.349289 
186.937805 152.889160 
186.956451 162.144073 
174.634293 175.466248 
180.882996 176.433136 
187.172180 177.330582 
193.621292 176.641922 
199.654755 175.987228 
147.469666 142.371231 
154.484802 136.776886 
163.215775 136.491913 
170.626709 142.639313 
163.199951 144.571381 
154.426666 144.899628 
202.856506 141.819855 
210.813538 135.053848 
219.443161 135.309677 
226.488876 140.544495 
220.149689 143.246033 
211.730331 143.379456 
162.447815 203.860153 
171.909271 197.221344 
180.406433 193.231583 
186.341965 194.885849 
193.281921 193.011292 
202.766113 197.614075 
211.993149 204.294891 
202.967239 207.307678 
194.393951 208.023712 
187.066406 208.355743 
180.575760 208.179688 
171.971695 207.277817 
166.685806 203.198166 
180.632614 200.394058 
186.500076 200.728333 
193.510742 200.036148 
207.706131 203.497192 
193.648331 199.690598 
186.655090 200.233063 
180.738129 200.149475 
