68 2
123.520073 115.723480 
123.003769 134.795303 
124.729828 153.273087 
127.694473 171.766373 
132.509811 190.030212 
139.247513 206.715179 
149.466812 222.260101 
162.455490 234.699432 
179.189850 239.021759 
195.035263 235.786560 
207.167908 224.743332 
217.156433 209.808762 
224.364685 193.442444 
229.639679 176.094635 
233.391708 159.215561 
237.502411 141.452438 
240.000732 123.978302 
132.837646 102.636909 
140.549469 95.039055 
151.834122 93.473183 
163.261658 95.991844 
173.132294 101.936371 
201.087463 104.301384 
211.428223 99.937256 
222.194992 99.318428 
232.234344 103.406563 
236.801758 112.220284 
185.701233 118.881943 
184.994446 131.157333 
184.150879 143.402115 
183.403839 155.796829 
171.270813 161.885727 
176.823868 164.630936 
182.867706 166.461212 
188.826599 165.440887 
194.203964 163.370926 
145.438080 116.050766 
152.439392 111.723572 
161.113373 112.955414 
167.899963 119.262749 
160.107559 120.783188 
151.569153 120.300621 
201.006393 122.303589 
209.420227 117.313652 
217.784164 117.900337 
223.247711 123.133980 
217.422821 125.934029 
209.207855 125.115005 
161.182159 187.948166 
168.396423 183.460495 
175.613052 181.357651 
182.208527 183.282135 
189.339523 182.622681 
196.254120 186.081970 
201.542786 190.620605 
196.040710 199.761902 
189.135239 205.356613 
181.357086 206.739655 
173.802032 204.538345 
166.990768 198.486053 
165.218185 188.184204 
175.053131 185.952209 
182.142319 187.199417 
189.700684 187.043839 
197.757248 190.468674 
189.303497 195.283813 
181.396317 197.409103 
174.105896 194.521378 
