68 2
110.161705 60.591805 
111.669579 78.208412 
113.927460 96.110298 
118.938652 112.512848 
126.987221 127.956108 
137.638596 141.825424 
149.896530 154.001648 
162.966370 163.461639 
177.613831 166.477493 
192.963684 162.703583 
206.370056 152.173340 
218.490891 139.776154 
228.906570 125.962685 
237.079102 110.705818 
241.613525 94.283134 
243.701141 76.646210 
245.119553 58.426590 
121.985580 48.928013 
129.530701 40.093525 
141.131943 37.446865 
153.766006 38.013592 
165.122742 42.047466 
187.364380 42.188076 
199.329865 38.145626 
211.566727 37.270229 
223.483322 39.547714 
231.374023 46.615211 
176.374969 59.048122 
175.756699 72.014297 
175.130753 84.686035 
174.656494 97.578217 
160.996414 98.396149 
167.693985 102.262405 
175.488693 104.623650 
183.675491 101.947609 
190.704773 98.622269 
136.979935 61.057278 
143.711838 58.653000 
151.140366 58.442924 
158.541855 60.601772 
151.381592 62.583199 
143.964981 63.124676 
194.751251 60.665581 
202.343201 58.670578 
209.571960 59.235081 
215.932098 60.880512 
209.544647 62.853645 
202.256897 62.675617 
155.835266 116.609253 
163.701233 115.171440 
171.425751 114.334999 
177.355148 115.384209 
184.566788 114.522057 
193.216339 115.826645 
201.340881 117.701202 
193.459488 128.971176 
185.284073 135.094543 
177.671997 135.966095 
170.864929 134.701233 
162.990402 128.472763 
160.169632 116.780884 
171.355743 116.733330 
177.470154 117.624237 
184.728500 116.953911 
196.663635 117.966522 
185.262665 127.139053 
177.662384 128.236633 
171.107117 126.632217 
