68 2
143.074402 98.574036 
143.313690 116.739990 
145.356079 135.630859 
149.584290 153.355042 
156.712158 169.597031 
167.064285 183.802231 
178.662949 196.397537 
190.703766 206.347336 
205.852859 210.182175 
221.940079 207.606506 
237.213104 198.532486 
250.085861 187.058182 
260.764862 172.528870 
268.605347 156.767136 
273.164429 140.548279 
276.164978 123.234833 
278.641693 105.229576 
156.367630 87.701279 
165.414444 83.044006 
176.285568 83.321495 
186.958740 85.790878 
197.096161 89.793053 
222.608414 90.709450 
233.673126 88.413765 
244.539627 87.330269 
254.861435 88.988678 
262.800018 95.073418 
206.951263 104.699371 
205.559769 117.702187 
204.162262 130.756851 
203.013062 143.563690 
191.076065 144.768524 
196.976379 148.741272 
204.045288 151.250595 
211.806168 149.108597 
218.767395 146.401443 
168.862732 104.011917 
175.855453 102.674698 
183.089478 103.028534 
189.831161 105.211761 
183.003525 106.796875 
175.640625 106.833687 
226.493713 107.559601 
234.252518 106.528984 
241.293594 107.653618 
247.126083 109.455910 
240.697159 111.329651 
233.680283 110.578232 
183.698517 160.191315 
192.147690 158.952621 
199.465500 159.755005 
205.800125 161.604507 
213.899033 160.804321 
222.550018 161.744980 
230.166992 164.363586 
221.526199 171.507050 
212.350082 174.764374 
204.414520 174.883255 
197.584045 173.333054 
190.828262 168.812286 
187.773575 160.905914 
198.962387 162.610657 
205.671738 164.186386 
213.770477 163.721649 
226.004578 164.250427 
213.313263 167.621078 
205.228638 167.952637 
198.316177 165.911682 
