68 2
112.805817 86.653572 
114.100258 105.919891 
116.955917 124.346031 
120.462440 142.122696 
126.321930 158.856415 
135.107086 174.177383 
146.364639 187.763077 
159.028244 199.009445 
175.609436 201.670639 
191.821152 199.435608 
205.276535 189.039490 
216.741928 175.983200 
226.171814 160.623444 
232.321701 144.270538 
236.325516 126.298859 
239.453339 107.832863 
241.049393 88.803574 
119.555870 89.064308 
127.574936 82.108192 
139.218964 82.111412 
150.626221 84.344971 
161.991531 87.250526 
185.306030 85.892525 
197.816940 82.942467 
209.781174 81.529007 
221.547546 81.968399 
229.871094 88.837318 
173.794479 99.297310 
173.675659 111.743759 
173.484818 124.230675 
173.417755 136.794220 
160.938034 141.750946 
167.089050 143.716293 
173.642685 145.279892 
180.378860 143.989838 
186.608704 142.370728 
134.199249 97.670128 
141.454529 94.219078 
150.357452 94.239464 
157.400955 99.088593 
149.963669 101.476730 
141.017761 101.787010 
190.931473 99.526169 
198.623398 94.322922 
207.523361 94.507179 
214.531738 98.056816 
208.029099 102.200478 
199.265930 102.093109 
155.572815 166.276840 
160.830612 161.727844 
166.800430 159.149307 
172.619446 161.153931 
179.382294 159.334229 
186.435654 162.592651 
192.781845 167.226654 
186.498154 173.305847 
179.748093 176.592224 
172.897964 177.393707 
166.873718 176.622772 
160.758484 173.026443 
159.387802 166.167023 
167.182434 164.451172 
172.854660 165.438416 
179.839310 164.732468 
189.051849 167.123993 
179.640762 166.108734 
172.878632 167.415634 
167.156662 166.235703 
