68 2
175.153259 117.055611 
175.559006 130.370789 
176.973938 143.188858 
178.104675 156.116791 
181.423767 167.856018 
188.062683 178.377045 
196.546631 186.991745 
206.078476 194.193665 
218.422821 196.621964 
230.493576 195.251648 
241.340500 188.247253 
250.440887 179.902008 
257.317566 169.910538 
261.145050 158.621155 
264.008392 146.518097 
266.518616 135.227478 
268.512085 123.119576 
182.467606 109.923584 
188.208801 103.214600 
197.087097 100.956833 
206.477280 102.942230 
214.746536 107.043785 
233.010849 108.661118 
241.655273 106.303864 
249.982605 106.038193 
257.374939 109.487404 
261.830566 116.033310 
223.448761 117.514282 
222.816391 125.686470 
222.255554 133.638229 
221.689362 142.006805 
211.256836 148.413712 
215.868896 150.172058 
220.761307 152.015656 
225.707214 150.856140 
230.084045 150.010468 
191.701141 118.219810 
197.459778 116.175728 
203.826523 116.712242 
208.959793 120.173775 
203.147629 121.043915 
196.728058 120.790932 
235.342148 122.481773 
242.015213 120.034897 
248.220245 120.833199 
252.909393 123.743950 
247.995087 125.272919 
241.765762 124.482925 
200.471680 163.775131 
209.058762 162.334854 
215.980759 161.546814 
220.167343 163.364502 
225.065460 162.287796 
231.387268 163.959412 
238.313782 165.902267 
231.121613 172.276917 
224.716354 174.448044 
219.446472 174.991135 
214.709824 174.468872 
207.839447 171.474426 
203.616241 164.523132 
215.759094 165.929749 
219.894760 166.887024 
224.772354 166.356506 
235.018661 166.357391 
224.666306 168.191925 
219.735992 168.623352 
215.444336 167.968307 
