68 2
100.320602 96.045181 
101.479996 111.413467 
104.809212 126.254555 
109.006401 140.964828 
114.621620 154.817581 
122.844917 167.148849 
133.026672 178.391708 
145.302307 186.754700 
158.811432 188.308716 
171.267181 184.849854 
181.353043 175.774948 
190.405502 165.064316 
197.210510 152.346024 
201.792114 139.132294 
205.309021 125.424477 
208.105499 110.999664 
209.559082 96.384781 
111.423927 84.180702 
119.105453 77.125984 
129.962952 74.464264 
141.380478 75.894585 
151.468155 80.702118 
166.516266 80.721031 
176.828461 76.911522 
187.580582 76.067047 
197.617371 79.086426 
203.747986 86.588478 
158.774109 94.118843 
158.806488 105.112541 
158.919312 115.778214 
159.062622 126.760414 
149.247284 132.679779 
153.657608 134.396896 
158.452515 135.878616 
163.120453 134.549194 
167.236755 133.008804 
122.547974 93.778816 
129.192566 89.693085 
137.413452 90.437836 
143.476227 96.594940 
136.501831 98.085968 
128.518646 97.722984 
171.910995 96.623085 
178.558685 90.653740 
186.209717 90.538170 
192.061005 94.819443 
186.870667 98.122269 
179.497177 98.293709 
141.796204 156.039047 
148.204895 150.555359 
154.614441 147.008179 
158.152908 148.342834 
161.967911 147.366760 
168.038513 151.549500 
173.326202 156.069427 
167.989624 164.397003 
162.463593 168.133453 
158.159760 168.939560 
153.782059 168.100540 
147.938126 164.078827 
145.716980 155.883713 
154.641983 152.188614 
158.119263 152.598541 
161.762299 152.673248 
169.859787 156.141373 
161.921936 159.256897 
158.113007 160.170624 
154.367325 159.080627 
