70 2
86.171394 49.326618 
88.480629 75.810966 
93.459793 102.077171 
99.826469 127.279945 
109.431412 150.313599 
122.477333 171.338867 
140.978409 187.763962 
161.676163 199.130188 
186.498978 202.115021 
210.447891 197.775070 
229.561279 184.608398 
245.388977 166.499084 
256.958374 146.311005 
264.553497 124.382904 
269.419891 101.213081 
273.182556 76.974632 
275.362793 52.625561 
103.290901 16.553070 
116.511444 4.294779 
134.655823 -0.553259 
153.537613 0.549580 
170.479660 6.064408 
205.197601 5.021271 
222.177917 0.355346 
240.168808 0.170390 
255.890320 5.440898 
264.979736 19.079262 
187.548096 26.553411 
187.847214 40.354877 
188.036652 53.914585 
188.361649 68.441795 
166.111710 87.324883 
176.243637 90.803307 
187.171494 93.661980 
198.083817 90.933800 
207.724762 87.304008 
122.859482 39.928993 
133.980209 35.372807 
146.190125 34.035278 
158.465256 36.937683 
146.839783 40.586731 
134.556854 42.266567 
212.406296 36.757702 
225.305038 33.893803 
236.929688 35.347832 
246.613144 39.687004 
236.890198 41.517166 
224.770798 40.289577 
149.576508 133.612839 
163.943649 122.646027 
176.959015 117.702362 
186.382248 120.729019 
196.687119 118.246773 
209.200409 123.255524 
219.866516 132.967606 
209.412842 142.934158 
196.946121 147.619400 
186.344376 148.869141 
176.255371 147.907059 
163.233704 143.944962 
156.532288 132.521210 
176.867218 126.187958 
186.303680 127.401489 
197.127411 126.345612 
213.974197 132.660004 
197.297302 134.330627 
186.464767 136.035995 
176.907654 134.846802 
135.444443 36.777779 
229.000000 35.111111 
