68 2
171.977020 105.483292 
172.138824 113.514099 
173.338913 121.719711 
175.202209 130.456589 
178.148880 138.487244 
183.239624 145.457611 
190.173233 150.436691 
198.790039 153.426254 
209.010620 153.210999 
219.511322 151.392273 
229.689453 148.779037 
238.837997 144.948654 
246.195770 138.813995 
250.129227 129.964508 
252.004227 120.073242 
253.017258 110.824821 
253.657578 101.852112 
174.834198 85.737091 
177.546783 80.635635 
181.945984 77.456383 
187.770691 76.268677 
193.175858 77.462616 
212.222656 75.239075 
219.032913 72.838707 
226.032547 73.112938 
232.405457 76.231705 
237.333496 80.786774 
201.789200 87.635712 
201.072205 91.534439 
200.345947 95.352875 
199.600754 99.462898 
194.950699 109.693024 
198.272522 109.977936 
201.567062 110.333649 
205.808441 109.575020 
209.926559 108.910477 
180.343079 94.872650 
184.250443 91.462219 
189.306595 90.800552 
194.621613 92.662567 
189.867325 94.174751 
184.902100 94.938507 
215.237595 90.909309 
220.160004 88.132721 
225.526779 88.328514 
230.564148 90.727295 
225.897919 91.732635 
220.624664 91.827003 
186.741867 126.022408 
191.493027 118.931854 
197.851410 115.786987 
202.579529 115.993439 
208.378326 114.944077 
217.556747 117.093262 
226.139832 122.468399 
218.699188 129.210144 
210.475067 131.449615 
204.492691 132.106537 
199.544922 132.360901 
192.594421 131.160492 
189.022934 125.766441 
198.493912 119.940224 
203.093323 119.831680 
209.215607 119.086006 
223.641922 122.870796 
210.064850 127.202042 
203.960007 127.700333 
199.156769 128.241867 
