68 2
118.716553 104.566017 
121.259277 131.193237 
126.417221 157.566833 
132.261398 182.056290 
141.092712 205.504318 
153.578064 227.412888 
170.020767 246.630402 
189.070145 259.694397 
210.891647 261.648590 
231.725662 256.854553 
248.147980 241.806717 
262.032349 223.986984 
272.765808 203.663147 
281.333374 181.926193 
286.517090 159.113663 
289.934937 134.523132 
292.160706 109.900482 
124.693863 95.903282 
136.700760 83.181236 
156.564362 82.074471 
175.415405 88.137436 
193.295578 95.496918 
220.984070 96.366524 
239.308624 88.627388 
256.908051 82.128349 
275.609833 82.134201 
287.682648 93.559608 
206.273117 108.420074 
206.412430 125.939507 
206.908646 143.600281 
207.248444 161.897461 
187.250549 171.044052 
196.843170 174.877167 
207.227188 177.915421 
217.992584 174.432190 
227.353210 170.806976 
143.317200 109.717506 
153.881638 103.478607 
167.893021 103.900047 
179.535339 112.640472 
167.323074 115.657730 
153.465973 116.126274 
233.439392 112.123230 
245.512802 103.344818 
259.006134 103.126816 
268.974243 108.807831 
260.376007 114.698402 
246.892151 114.923920 
174.531128 205.334656 
188.081650 201.350723 
199.286484 199.234299 
207.045792 202.374619 
216.403397 199.494324 
228.259827 201.886963 
240.544113 204.529419 
228.656570 216.109314 
217.030518 222.304123 
206.720596 223.381897 
197.544571 221.766510 
186.792664 215.992203 
180.590027 205.673233 
199.269119 205.368210 
207.303650 207.548141 
216.742508 205.389465 
235.124924 205.746277 
216.620117 208.048721 
206.867340 209.693726 
198.491409 207.688400 
