68 2
133.577271 122.812408 
134.154419 136.048889 
136.073273 149.157196 
138.391190 161.930069 
142.886703 174.300369 
149.736862 185.000046 
158.434662 194.052826 
168.528503 200.706299 
181.534027 202.026367 
194.284561 199.319260 
204.351913 191.790604 
211.900284 181.496658 
217.574310 170.047806 
221.026978 157.536804 
222.606720 145.402832 
223.552704 132.954468 
223.486420 120.961967 
138.224609 111.494576 
143.357086 105.248230 
151.251816 102.905701 
159.968460 103.323982 
168.055664 106.090469 
188.600098 104.801369 
195.926865 101.422737 
203.872711 100.027199 
211.542297 101.618004 
216.787735 107.328537 
178.669434 114.808266 
179.039307 124.149277 
179.512955 133.474838 
179.997360 143.018326 
169.269272 147.567596 
174.281586 149.903015 
179.784851 151.377853 
185.592636 148.950378 
190.470642 146.114456 
148.678406 118.142975 
153.739319 114.623817 
160.168030 114.514702 
165.507431 118.342651 
160.089294 120.080597 
153.785339 120.468452 
191.042328 117.767418 
197.013733 113.198563 
203.146027 112.814072 
207.987320 115.915977 
203.997589 118.801605 
197.720276 118.988457 
160.858994 167.012314 
168.314941 164.007126 
175.308350 161.918289 
180.062393 162.803116 
185.692596 161.465256 
192.308746 162.680801 
198.914093 164.738312 
192.710281 168.429092 
186.061951 170.604721 
180.156464 171.297424 
175.042374 170.880432 
168.374771 169.542770 
164.197510 166.715134 
175.345139 165.664261 
180.166656 165.765457 
185.875031 165.072189 
195.603546 164.830658 
185.895782 165.172302 
179.999374 165.960892 
175.115479 165.468964 
