68 2
111.484940 112.562347 
112.387085 124.156601 
114.670410 135.067062 
117.674629 145.664734 
122.302032 155.238052 
128.500000 163.428040 
137.604233 169.354431 
148.469345 172.950607 
160.604004 173.644775 
172.535553 171.944489 
183.045853 167.758728 
191.785156 161.049225 
198.346405 152.655533 
202.692825 142.382797 
204.890549 131.332565 
206.243347 119.897758 
206.825378 108.419075 
117.858780 95.948944 
122.650917 89.310020 
130.596970 85.851608 
139.630508 85.608887 
148.089142 87.230759 
165.960602 86.352829 
174.636536 84.457161 
183.316849 84.255424 
191.537170 86.667892 
197.702347 92.026192 
157.342758 97.410492 
157.350159 102.413780 
157.284363 107.292320 
157.252716 112.484039 
150.356674 123.471588 
154.315063 123.742882 
158.178040 123.696564 
162.380890 123.320068 
166.441223 122.686729 
128.185440 103.915436 
133.036194 100.235374 
139.258347 99.636787 
145.148285 102.841339 
139.667130 104.685020 
133.409592 105.471748 
170.253738 101.739960 
175.979919 98.032280 
182.019806 98.132988 
186.920227 101.086014 
182.206116 103.126884 
176.165924 103.111214 
142.375031 144.283051 
148.446823 138.010193 
154.303406 134.100067 
158.921799 134.601700 
163.604736 133.833420 
169.951401 137.258865 
176.006729 142.724823 
169.732773 144.138748 
163.573730 144.502747 
159.016739 144.729660 
154.437622 144.876038 
148.793549 144.824738 
145.910294 142.917572 
154.582352 139.116272 
159.223343 138.688950 
163.985153 138.810089 
172.566666 141.744095 
163.608521 139.748947 
158.705612 139.789734 
154.203812 139.961670 
