68 2
166.474640 112.512787 
165.948303 125.774834 
166.379608 138.693329 
167.348328 151.524307 
170.529053 163.923431 
176.616135 175.533386 
185.491928 185.903625 
195.116623 194.593689 
206.602219 197.557556 
217.871216 196.048080 
227.594070 189.528854 
236.258606 181.808670 
243.651672 172.987823 
249.036377 162.317459 
252.773865 150.901291 
256.760315 138.935684 
260.197327 126.607208 
176.309204 104.863998 
183.598618 99.938873 
192.745758 100.022301 
201.445984 102.804893 
209.220001 107.069626 
227.574890 109.061432 
236.522003 107.486771 
245.135803 107.987640 
252.761230 110.854752 
256.745209 117.336182 
217.511154 117.989365 
216.857239 125.709198 
216.238174 133.405746 
215.607834 141.445938 
204.253891 145.447449 
208.995926 147.567001 
213.664291 149.491043 
218.377167 148.809723 
222.813507 147.808701 
185.072021 115.014854 
190.645233 112.821419 
197.240860 113.572426 
202.471161 117.989517 
196.611572 118.915337 
190.046188 118.315186 
229.012039 121.710396 
235.527344 119.113007 
241.541916 120.189209 
246.039825 123.603287 
241.257462 125.478027 
235.102188 124.411812 
190.926651 161.000076 
198.978302 159.164291 
206.525284 158.605850 
210.899689 160.651611 
216.089218 160.134384 
221.835144 162.748047 
226.969620 166.216965 
220.509033 172.423950 
214.040878 174.651367 
208.529831 174.577240 
203.412476 173.377396 
196.778320 169.782623 
193.777786 161.585693 
205.695007 162.242126 
210.447113 163.466446 
215.950714 163.578339 
224.235382 166.108215 
214.973160 168.333664 
209.275879 168.397324 
204.472794 167.015625 
