68 2
134.510757 97.664055 
135.328827 117.266861 
137.562592 136.463455 
142.044128 154.350159 
148.650269 171.224411 
158.841583 186.945938 
171.596848 201.473709 
185.575226 213.085419 
202.367386 217.667099 
219.414291 215.088364 
235.408020 205.148270 
249.125671 192.899231 
259.942261 176.544189 
267.746246 159.584564 
272.945313 142.401306 
276.805725 124.198692 
279.645813 104.914841 
149.224426 86.500420 
159.466354 81.698792 
171.368500 81.538521 
183.876038 83.785248 
195.460358 88.706757 
219.957458 89.428680 
231.921875 85.884621 
244.085449 84.302475 
256.033051 86.259392 
264.798462 92.886108 
205.867432 104.035118 
204.513992 117.902344 
203.159851 131.677963 
201.913330 145.528305 
188.810623 146.899109 
194.990479 151.144882 
202.415451 153.988037 
210.645493 151.602097 
218.046844 148.480347 
163.444504 104.083282 
171.164017 102.274117 
179.352356 102.404984 
186.930618 105.180183 
179.359772 107.295319 
171.142029 107.449348 
225.700760 107.206703 
233.841248 105.482109 
241.879456 106.355339 
248.914093 108.522537 
241.792542 111.015617 
233.727295 110.438568 
180.673157 165.315811 
189.096008 163.301071 
196.753464 162.815857 
203.062286 164.833633 
210.618820 164.210144 
219.953140 166.247375 
228.902664 169.922806 
219.577454 181.086487 
209.802414 184.904205 
201.998169 184.763229 
194.921387 183.071213 
187.294418 177.094467 
185.020844 166.103348 
196.627151 166.436417 
203.059814 167.756119 
210.591248 167.739502 
224.334900 170.017517 
210.074631 176.439178 
202.432205 176.435242 
195.546921 174.347260 
