68 2
171.263336 118.942299 
172.287445 131.486786 
174.042603 143.653595 
176.317581 156.290955 
180.431442 167.912292 
186.885010 178.317566 
195.262024 187.688690 
205.109894 195.757889 
217.129395 197.719238 
228.531311 195.636230 
238.516876 188.201553 
247.421066 180.266449 
254.988831 170.845642 
260.085815 159.917786 
263.264923 147.771759 
265.683685 135.813965 
267.955444 123.283340 
177.298874 108.598175 
183.063232 101.792770 
192.016083 99.419510 
201.327652 101.086555 
209.682327 104.928703 
229.019455 105.864777 
238.053986 103.551140 
246.852814 102.902382 
255.026825 106.220978 
260.316864 112.835640 
218.673431 116.429848 
218.227524 124.453720 
217.720016 132.269867 
217.258621 140.433670 
207.392593 147.171173 
211.963760 148.578659 
216.764465 149.973801 
221.752792 148.926346 
226.624405 148.130112 
186.823868 117.976860 
192.851639 115.157013 
199.857727 115.258125 
205.529221 119.110626 
199.502930 120.364418 
192.574081 120.403320 
231.925110 120.664375 
238.630539 117.594833 
245.315323 118.281250 
250.278381 121.550575 
245.166077 123.280655 
238.552109 122.581459 
198.843491 164.163879 
205.470535 160.412231 
212.420776 158.615814 
217.025757 159.813248 
222.048035 159.092712 
228.875275 161.813095 
235.029648 165.851868 
228.638748 173.832703 
221.753586 177.814133 
216.317551 178.759995 
211.188828 178.074997 
204.313187 174.138870 
201.897766 164.837952 
212.252121 162.752899 
216.904037 163.205414 
222.159454 162.980774 
231.827850 166.079727 
221.911835 171.200668 
216.474060 172.084778 
211.530762 171.201569 
