68 2
96.211815 95.497383 
96.124634 114.704712 
98.057045 133.148743 
100.257721 151.554932 
104.743942 169.852356 
113.283913 186.324707 
126.756454 200.267609 
143.888626 210.670044 
163.149948 214.251831 
182.715469 211.474792 
199.730652 202.134613 
213.400970 189.595673 
223.225983 173.977005 
228.714737 156.200470 
232.302277 137.916809 
235.320282 119.738251 
237.313309 101.721764 
108.746841 76.411896 
118.317749 67.826363 
131.015381 64.459038 
144.031326 67.010811 
155.478439 72.026520 
181.544785 72.103355 
193.928329 68.966125 
206.164337 68.071167 
217.525757 71.485504 
225.390808 78.967499 
169.377747 90.094704 
168.716660 101.364059 
168.052826 112.404579 
167.355270 124.004059 
153.887726 134.437286 
160.158768 137.353149 
166.607895 139.614883 
173.159378 137.925797 
179.123535 135.470673 
124.481483 92.810745 
132.966080 88.215332 
142.722809 88.723694 
150.570724 95.403854 
141.983643 97.580101 
132.351196 97.034027 
185.927551 96.533997 
194.630310 90.584892 
204.037750 91.041374 
211.107101 96.486794 
204.058762 99.764252 
194.776169 99.257706 
136.179108 161.964020 
147.796860 155.556595 
158.712234 152.962967 
165.499176 154.947372 
173.034973 153.504120 
183.972305 157.220337 
194.334869 163.278961 
184.005264 172.999573 
173.242615 177.269501 
165.098480 178.345352 
157.514893 177.540085 
146.672440 172.680771 
140.856796 162.256012 
158.400558 159.761795 
165.332367 160.387360 
173.103638 160.069046 
189.815399 163.441116 
173.057251 167.641922 
164.990082 168.591995 
157.878601 167.835114 
