68 2
139.499268 105.876602 
142.043991 125.818359 
145.836151 145.311340 
151.203827 163.569427 
159.326126 181.181915 
170.645401 197.364319 
181.992477 213.332520 
195.049347 226.809860 
211.992294 228.910538 
228.830048 223.709717 
242.285156 209.630310 
254.298401 194.459625 
265.049255 178.281296 
272.374634 161.281845 
275.709808 142.722229 
278.405365 124.202774 
280.593170 103.946846 
142.656036 103.692169 
151.655212 95.713638 
165.309753 96.242828 
178.458450 101.066216 
189.497696 108.247032 
221.899231 107.056503 
234.770584 100.941750 
247.875809 97.928474 
261.136536 98.221497 
270.955688 104.420601 
205.679764 119.655777 
205.150085 135.497833 
204.569244 151.234299 
204.349091 167.238800 
188.306824 164.024155 
195.762543 168.459885 
204.888229 172.547516 
214.598038 167.865005 
222.904510 164.154953 
157.244827 115.408852 
166.376831 112.821358 
176.672791 113.848129 
185.254807 119.481323 
175.700592 120.393585 
165.341293 120.042145 
226.448395 119.755699 
236.891190 114.053696 
247.243164 113.795654 
255.772354 116.590630 
247.732239 121.009918 
237.338196 121.046074 
174.492325 172.968658 
185.935486 174.880432 
197.618637 176.242950 
205.469131 178.053711 
216.043579 175.735199 
229.142715 173.792740 
242.359543 171.867874 
230.721405 194.094711 
217.741531 204.513901 
206.468933 206.568985 
197.348846 205.591705 
185.010513 195.934158 
178.180267 175.429794 
197.844727 180.133926 
205.724213 181.417969 
216.003159 179.159531 
237.965439 174.522888 
216.619446 194.613586 
206.271317 196.911102 
197.740906 195.369720 
