68 2
149.981293 96.307404 
150.573853 108.220215 
151.923904 120.002724 
154.215637 132.120575 
158.787506 143.032303 
166.517792 152.471970 
176.845413 159.397949 
187.754257 164.165085 
199.543625 165.137131 
211.477768 162.770004 
222.238861 157.389832 
231.536453 150.436295 
238.034149 141.046967 
242.031601 129.482849 
244.180283 117.809113 
245.341095 105.805176 
245.825409 93.527046 
157.885391 74.573471 
163.192490 68.204842 
171.517639 65.554359 
180.269073 66.707108 
187.766937 70.393616 
208.932327 70.573608 
216.921219 66.993423 
225.613861 66.469559 
233.816650 69.714279 
238.471512 76.868286 
198.404999 87.317688 
198.338379 93.835220 
198.310516 100.232086 
198.261444 106.610870 
189.064224 113.566994 
193.622742 114.322891 
197.905624 114.911346 
202.188644 114.499619 
206.497452 114.053940 
167.642273 87.778328 
172.505020 84.138527 
178.838181 84.708038 
184.064819 89.127838 
178.507660 91.232208 
172.379181 91.105240 
210.614441 89.480782 
215.636505 85.398972 
221.809387 85.766281 
226.327408 89.383377 
221.949646 91.838158 
215.956696 91.788277 
181.654709 132.350433 
186.197250 126.671844 
192.095215 123.690742 
197.395523 124.515045 
203.461761 124.238037 
210.244370 127.870972 
215.799637 133.195526 
210.479172 140.037003 
203.898987 143.452393 
197.280289 143.972809 
191.431503 142.836929 
185.726669 138.654221 
184.139862 132.328964 
191.877380 127.596031 
197.344727 127.623497 
203.745773 128.065582 
213.339050 133.296783 
204.121750 137.455353 
197.495178 138.158981 
191.757187 136.791962 
