68 2
115.799225 69.957977 
116.867012 81.972847 
118.686661 93.726898 
120.805405 105.668137 
124.612274 116.675255 
131.353943 126.348480 
140.272446 134.868088 
150.412323 141.865158 
162.299515 143.836319 
173.852737 141.327805 
183.706131 133.929276 
191.998154 125.629799 
197.986496 115.618340 
201.164795 104.567352 
202.922501 92.818336 
204.374939 81.614906 
205.316956 70.041878 
122.938873 59.222115 
127.675377 52.503204 
135.284210 49.264175 
143.528824 50.163662 
151.130997 53.126221 
173.816132 53.846146 
181.300522 51.578739 
188.696350 51.341892 
195.444458 54.556591 
199.423706 60.341057 
163.014023 64.586044 
163.213058 71.585869 
163.415955 78.440277 
163.622498 85.671387 
153.989929 93.183441 
158.447479 94.051369 
163.056305 95.067986 
167.331879 94.198738 
171.438477 93.602158 
132.399063 67.499893 
137.667038 64.687836 
143.748215 64.710358 
149.139236 67.955353 
143.555527 68.926147 
137.675110 69.045013 
174.936508 68.540100 
181.075073 65.768059 
186.889679 66.104721 
191.379517 68.973511 
186.630341 70.282906 
180.967148 69.693367 
143.791504 110.410797 
150.442047 106.170357 
157.522827 104.209953 
162.836472 105.133255 
168.369415 104.181557 
174.731613 106.581978 
180.304993 109.997177 
174.671326 118.296143 
168.514130 122.453316 
162.523148 123.907661 
156.731873 123.105804 
149.718079 119.061264 
146.848999 110.752144 
157.591660 108.705223 
162.777771 108.987152 
168.370056 108.440712 
177.352036 110.499588 
168.437943 115.736588 
162.518707 117.265396 
157.065491 116.284721 
