68 2
168.115540 95.953949 
170.260086 109.321289 
173.774490 122.170303 
178.214035 134.941895 
183.586288 146.873734 
191.388077 156.887726 
202.684387 163.957520 
216.176117 167.830841 
230.328430 167.228455 
243.341492 163.157501 
255.489914 156.654404 
265.432709 148.105820 
272.150635 137.417908 
275.857635 124.843712 
277.279999 111.908005 
277.084625 98.307274 
275.919067 85.133194 
172.926727 76.258392 
178.643631 69.749992 
187.012039 66.324455 
196.603546 65.453629 
205.756348 67.269791 
226.502563 65.001907 
235.190399 61.150837 
244.575470 60.191849 
253.627411 61.568558 
261.536133 66.318924 
216.289978 77.033234 
216.456696 83.033524 
216.523117 88.873428 
216.635773 95.093277 
210.699905 108.556267 
215.096603 109.090134 
219.581223 109.036957 
224.314896 107.777748 
228.715759 106.144089 
184.993912 86.573730 
190.379791 82.135376 
197.399338 80.684959 
204.014832 83.628860 
198.394135 86.753929 
191.269669 88.192070 
232.988739 80.613365 
239.360535 76.227730 
246.397141 75.895920 
252.308762 79.251106 
247.154846 82.034813 
240.096130 82.225121 
205.778015 133.205276 
211.920502 126.775528 
217.740311 122.406654 
221.204269 123.056610 
224.697021 121.872696 
232.288681 124.777763 
240.829269 129.096161 
233.570984 133.421692 
226.774521 134.511032 
222.981339 135.024170 
219.210648 135.306747 
213.071716 135.201782 
209.298401 131.953781 
218.410675 128.256851 
221.865662 127.752335 
225.485443 127.732147 
236.965790 128.975937 
225.536194 128.295288 
221.856400 128.596603 
218.445755 128.842651 
