68 2
139.944244 114.637367 
141.297409 126.718628 
143.520020 138.130203 
146.154633 149.678680 
150.388321 160.461853 
157.384689 169.764709 
165.942841 177.828156 
175.551575 183.981262 
186.627121 185.841690 
196.894104 183.104019 
205.904922 176.593521 
213.407913 168.888489 
219.131836 159.434952 
222.606873 149.017426 
225.048401 138.457367 
226.657593 127.464195 
227.917511 115.952095 
147.025864 106.453056 
153.855881 101.712982 
162.445618 101.216141 
170.708923 103.386856 
177.967697 107.115730 
194.265686 107.337036 
201.195190 104.280930 
208.481903 102.643707 
215.573944 104.041702 
220.867279 108.186508 
187.216278 116.487846 
187.374054 124.165146 
187.486633 131.616760 
187.563980 139.068909 
178.233643 143.558990 
182.377777 144.733109 
186.492188 145.704300 
190.373734 145.389969 
193.983170 144.679123 
157.564026 114.798950 
162.724792 112.074577 
169.045029 112.781601 
173.522049 117.510864 
168.477921 118.491646 
162.159363 118.040733 
197.557938 118.732819 
201.828018 114.477310 
207.799561 114.501678 
212.127350 117.813148 
208.240662 120.183510 
202.556076 120.200562 
171.141357 158.509705 
176.058533 154.846924 
181.338882 153.281998 
185.184006 154.439850 
189.078476 153.637268 
193.953201 155.986801 
198.098465 159.564911 
193.811844 165.787292 
189.075714 168.249069 
185.045837 168.958298 
180.697998 168.157547 
175.556946 165.208191 
174.008743 158.527618 
181.168625 157.270477 
185.193069 157.846527 
188.908264 157.756287 
195.501907 159.736145 
188.960373 162.132843 
185.015259 162.834503 
180.824875 162.131317 
