68 2
154.154816 73.131447 
154.540436 86.670502 
156.324753 100.570694 
159.277237 113.894478 
164.736786 126.490074 
172.627548 137.586227 
181.974091 147.407227 
193.190781 154.977280 
206.500809 155.689026 
219.150192 152.689590 
228.662567 143.579208 
236.529236 132.787277 
242.993301 121.070854 
247.065048 107.909706 
248.588760 94.343674 
249.319901 80.800903 
249.099792 67.862396 
160.820511 61.711502 
167.084946 55.573185 
176.227234 53.626926 
185.900742 55.098709 
194.501617 58.841263 
210.528992 58.679367 
218.879715 53.501308 
228.076141 50.593006 
237.516052 51.530930 
243.725769 57.709106 
203.602844 68.386879 
204.145645 79.033554 
204.844666 89.614021 
205.337479 100.296700 
193.559998 103.486145 
199.177399 105.892838 
205.219681 107.524803 
211.116623 105.224983 
216.222198 102.518608 
171.388596 69.994141 
176.953094 66.804398 
183.968307 66.620163 
190.087479 70.235886 
183.902100 72.298622 
176.999451 72.656403 
216.283997 69.323326 
222.696381 65.033295 
229.118713 64.551437 
234.267853 67.076096 
229.763458 70.293770 
223.352615 70.598198 
185.078262 121.986954 
193.376648 119.358208 
200.734680 117.731483 
205.579269 118.838295 
210.505005 117.326172 
216.670639 117.932465 
223.331772 118.823784 
216.943146 122.762085 
210.926620 124.971962 
205.593536 125.678619 
200.548843 125.764076 
193.312607 124.852730 
188.437759 121.779037 
200.640167 121.185898 
205.842087 121.965034 
210.755661 120.863373 
220.255066 119.105797 
210.550720 119.351112 
205.276367 120.121880 
200.255249 120.173149 
