68 2
90.750229 95.384346 
90.916435 108.556168 
91.962029 121.877357 
94.292007 135.018143 
99.401314 147.488419 
106.517540 157.793411 
115.657440 165.906799 
126.210556 171.510925 
139.531540 172.281082 
152.349136 169.928986 
162.911514 162.902740 
170.913452 153.946121 
176.985733 142.920990 
180.928986 130.838211 
183.004150 118.475739 
184.506317 106.110153 
185.464691 93.777710 
97.185265 79.697441 
102.003014 71.937386 
110.976753 68.572571 
120.352715 69.187386 
128.928406 72.311981 
145.473816 72.958611 
153.973572 69.162140 
163.114410 67.841530 
171.854187 70.567963 
176.819031 77.907913 
137.731216 82.110001 
137.714783 90.598969 
137.767685 99.013542 
137.756332 107.733810 
127.018349 114.263100 
132.138092 116.447769 
137.658142 117.674355 
143.660431 116.019501 
148.985229 113.924286 
107.647446 85.896523 
112.721786 82.391319 
118.956543 82.190056 
124.410172 85.555717 
119.082329 87.627022 
112.858879 88.176895 
150.475769 85.473625 
156.642822 81.718636 
162.801514 82.057060 
167.319870 85.052231 
162.959518 87.423492 
156.841690 87.308784 
120.017838 135.864075 
127.959564 131.917084 
134.308304 129.692017 
138.432877 130.528748 
143.247070 129.244629 
149.557434 130.674606 
155.708282 134.138367 
149.860077 136.838364 
143.870758 137.669800 
138.852203 137.851913 
134.329910 138.109695 
127.993530 138.238556 
123.297447 135.234329 
134.461502 133.007507 
138.606842 133.318253 
143.311737 132.550354 
152.564987 133.676758 
143.663696 132.659958 
138.738968 132.843964 
134.542480 133.226120 
