68 2
137.710083 92.381622 
139.328949 105.657631 
142.227158 118.445313 
145.216293 130.694977 
150.268524 142.141571 
157.210754 152.674683 
166.484924 161.972321 
175.983215 169.685776 
187.397354 171.487091 
198.391953 168.896545 
207.921082 160.891083 
216.095642 151.196960 
222.362000 140.165482 
226.384384 128.407913 
228.546600 116.460258 
230.997391 104.130127 
232.645050 91.406303 
143.756607 88.072395 
150.518326 83.073410 
159.230621 82.812546 
167.647583 84.949272 
175.406219 88.309402 
193.370346 87.652824 
201.841644 84.536682 
210.529480 83.164810 
219.295471 84.305992 
225.611984 89.218849 
185.403061 95.565506 
185.679001 104.482384 
186.031082 113.368408 
186.348511 122.544830 
176.073730 124.445763 
180.659241 126.664673 
185.673401 128.399979 
191.088074 126.666977 
195.837692 124.504356 
153.656494 95.703041 
158.685898 92.730537 
165.516251 92.837936 
171.055130 96.869980 
165.309219 98.349380 
158.512146 98.513229 
198.643997 96.856461 
204.584549 92.919701 
210.872986 93.033768 
215.710052 95.796387 
211.326340 98.609131 
205.002640 98.457298 
168.879944 140.159515 
174.809784 137.638977 
180.669266 136.574570 
185.100128 138.065170 
190.681107 136.631622 
196.734787 137.994659 
202.418289 140.440781 
196.893051 145.930893 
190.847977 148.911545 
185.181824 149.579269 
180.220367 149.073792 
174.443649 146.263046 
171.841461 140.201660 
180.607574 140.668304 
185.210678 141.367935 
190.804230 140.702301 
199.113983 140.704910 
190.776611 142.163651 
185.191910 142.963120 
180.588898 142.312973 
