68 2
117.923409 74.754532 
119.355522 87.167076 
121.275551 99.042862 
123.423355 111.318024 
127.287025 122.810944 
133.900101 132.652374 
142.695724 141.386749 
152.756409 148.929871 
164.872009 150.700104 
176.566254 148.382919 
186.979172 140.756042 
196.082047 132.258087 
202.673508 122.141563 
206.179550 110.713394 
208.281555 98.873207 
210.223465 87.151108 
211.393524 75.197540 
124.312500 67.106895 
129.555847 59.606243 
138.288818 56.460667 
147.696396 57.905762 
156.151505 61.551453 
176.070984 62.198040 
184.511795 59.173935 
192.957169 58.802002 
200.444229 62.044357 
205.234924 67.988617 
165.788879 72.245468 
165.712540 80.100647 
165.636429 87.844460 
165.575790 95.918076 
155.413681 102.318504 
160.151276 103.767738 
165.075623 105.216957 
170.043472 104.133041 
174.672897 103.154449 
133.829926 74.218597 
139.685089 71.119400 
146.559937 71.144699 
152.196716 74.953827 
146.121399 76.316994 
139.405823 76.473724 
178.676575 75.689720 
185.100372 72.308441 
191.690704 72.675797 
196.420914 75.824249 
191.599197 77.710175 
185.160324 77.242523 
146.807999 119.388588 
153.690323 115.129257 
160.553116 113.203941 
165.337341 114.451332 
170.593994 113.490906 
177.352798 116.034760 
183.457336 119.811440 
177.274460 126.531891 
170.758621 129.483582 
164.986679 130.392639 
159.653122 129.925964 
152.838165 127.074272 
150.195694 119.412384 
160.619385 116.930748 
165.325150 117.470734 
170.640976 117.083969 
180.055771 119.877144 
170.455963 123.057091 
164.945007 123.903107 
160.038696 123.169189 
