68 2
136.061371 116.848175 
138.306442 133.984070 
142.392929 150.364838 
146.500824 166.554321 
153.244446 181.021652 
163.464188 193.496216 
177.048462 203.185364 
192.430786 210.547363 
208.485168 211.913834 
223.588104 207.247375 
236.411270 198.157166 
247.235870 187.909103 
254.843262 174.611984 
259.017334 159.809647 
261.683167 144.432465 
263.958374 128.564789 
264.872681 112.114685 
147.606415 94.233444 
156.723785 86.767715 
168.643143 84.873421 
180.830399 85.720436 
192.129379 88.906662 
216.211151 87.141151 
227.281677 83.845078 
238.273849 83.312561 
248.769257 85.577660 
256.503998 91.506073 
203.761261 99.525406 
204.037994 107.109482 
204.464294 114.900185 
205.023605 123.097939 
193.658020 136.940857 
199.381134 137.313751 
205.156036 137.709000 
210.644211 136.934967 
216.035278 136.270081 
160.837708 105.093002 
168.364716 98.608887 
178.354553 98.630547 
186.530334 105.108345 
178.215958 107.697838 
168.460373 108.358131 
219.105042 104.280380 
227.093643 96.551140 
237.291916 96.880516 
244.580353 102.887108 
237.849152 106.507652 
228.146072 106.607437 
180.567642 166.040787 
188.855698 156.685486 
198.418167 150.914078 
206.199249 151.450226 
214.106766 150.514664 
222.572845 156.224060 
229.136414 164.837219 
222.878830 176.180298 
214.919205 182.315811 
205.958847 184.541016 
197.163406 183.529495 
187.467606 177.685013 
183.517868 165.733200 
197.621719 156.937820 
206.375168 155.840012 
215.236954 156.565521 
225.924515 164.959076 
215.157623 173.621521 
205.732437 176.343994 
196.619019 174.825317 
