68 2
97.135010 45.337105 
98.995041 68.680267 
103.434883 90.729897 
108.849457 111.881134 
117.167686 132.292297 
128.275894 150.679108 
141.423309 166.559738 
155.865723 178.281677 
173.531387 180.796097 
190.235474 175.853821 
204.873596 163.199158 
218.402557 148.446335 
229.420959 131.605896 
238.659775 112.933258 
244.706894 93.477921 
248.763428 72.006592 
250.825439 49.987755 
102.309433 31.245125 
113.416420 21.732458 
129.997223 21.737837 
145.596848 26.836416 
160.412552 33.105804 
187.170258 34.098862 
202.820709 28.758522 
217.776398 23.933292 
233.694122 23.856306 
244.612854 33.046207 
172.607910 46.867966 
172.187561 62.018635 
171.902832 77.373940 
171.432053 92.730469 
154.942230 100.513947 
163.019470 102.947479 
171.539261 104.868752 
180.144257 102.749695 
188.152832 100.590675 
118.953300 47.136433 
128.142395 42.233845 
139.700836 42.715805 
148.958466 49.819206 
138.705826 52.002213 
127.314941 51.949989 
196.736801 50.516689 
206.821426 43.425720 
218.388107 43.574844 
227.340515 48.428398 
219.255447 53.119110 
207.859802 52.984791 
143.369446 130.448837 
152.146103 124.022446 
161.861328 120.491592 
169.325195 123.076118 
177.926941 121.033272 
187.515030 124.951385 
195.391663 130.793793 
187.271561 141.980377 
177.996872 149.138000 
168.795227 150.432144 
160.306000 148.709503 
151.052536 141.884125 
148.886017 130.161316 
161.903976 127.398964 
169.601486 129.176636 
178.076340 127.772949 
189.926331 131.079422 
177.792908 135.482224 
168.901199 137.520004 
161.204315 135.509552 
