68 2
179.288376 116.410805 
179.440491 131.019653 
181.170975 145.130249 
183.640137 159.302307 
188.119171 172.134796 
195.143097 183.483429 
205.069427 192.655487 
216.704620 199.843674 
230.298996 202.104660 
243.087616 200.647354 
254.995773 194.233368 
265.433960 185.441452 
272.620911 174.082108 
277.487244 161.035095 
281.474396 147.788391 
284.886841 134.603226 
286.482452 121.091827 
187.394226 102.809776 
195.127106 93.343048 
207.240799 89.602112 
219.668732 91.765327 
230.407547 97.531403 
243.949890 97.872177 
255.051834 94.438438 
266.355011 94.343750 
276.655273 99.055267 
282.145599 107.972443 
237.200516 110.075729 
236.796951 119.939819 
236.323349 129.656128 
235.867188 139.730331 
223.169403 147.113251 
228.666962 148.947311 
234.172638 150.738953 
239.510117 149.725403 
244.299133 148.688644 
199.931335 110.778305 
206.422089 106.873138 
214.258728 107.356728 
220.567337 113.005707 
213.808105 114.247734 
205.902649 114.017197 
249.543289 115.017715 
257.055817 110.189468 
264.617737 110.971680 
270.061188 115.295532 
264.666870 117.614540 
257.258881 117.112144 
210.711746 167.601761 
220.799255 165.236603 
228.742676 163.527817 
232.651260 165.209793 
237.307938 164.193192 
244.243225 167.050842 
251.392761 169.989670 
243.953644 174.514160 
237.270294 176.703720 
232.360291 177.072586 
227.598251 176.381409 
220.234146 173.781601 
214.172256 168.349792 
228.321045 168.929138 
232.383850 169.552643 
236.934753 169.418518 
248.215851 170.265594 
237.230331 169.325684 
232.635117 169.614120 
228.566544 169.130188 
