68 2
152.087067 70.854256 
152.298309 83.340302 
153.642914 96.634521 
156.318893 109.968124 
160.973404 122.905846 
167.675476 134.767136 
176.477463 145.072433 
187.387527 152.953583 
201.128235 153.948914 
214.518723 151.260406 
225.214767 142.836807 
234.038223 132.414719 
240.466003 120.280571 
245.034042 107.384659 
247.071045 93.863640 
247.802597 80.271370 
248.242737 67.264091 
156.864471 55.358631 
162.579483 48.824760 
171.531219 46.530891 
181.056976 47.773209 
189.922180 51.286514 
207.575012 50.957565 
215.725693 46.015198 
225.246902 43.624958 
234.655029 45.466076 
240.818787 52.367046 
198.528214 60.493931 
198.677185 70.148720 
198.917557 79.810089 
199.090881 89.577301 
186.993011 93.417290 
192.697693 96.065071 
199.133011 97.840515 
205.791946 95.420189 
211.715408 92.776787 
166.557678 62.925999 
171.731125 59.390877 
178.650391 59.181622 
184.217361 62.702927 
178.392670 64.881561 
171.784088 65.336441 
213.498810 62.050484 
220.008423 58.337692 
226.445877 58.511929 
231.129181 61.727966 
226.448792 64.192116 
220.081238 64.057922 
181.171310 116.532440 
188.080582 111.531044 
194.670486 109.086685 
200.188705 110.085098 
205.961426 108.862640 
212.855911 110.851715 
219.372940 114.669624 
212.919891 118.215904 
206.127411 120.182655 
199.965027 120.960411 
194.252029 120.543053 
187.869431 119.152588 
184.955002 115.860748 
194.496887 113.060493 
200.318039 113.447006 
205.912720 112.876976 
215.801453 114.252167 
205.912994 114.059235 
199.823944 115.126205 
194.133438 114.494225 
