68 2
120.945938 78.483574 
121.347572 97.315269 
123.608292 115.933052 
126.316498 134.206375 
132.087967 150.735458 
141.154984 165.538391 
152.888641 178.447433 
166.541580 189.194794 
183.501282 192.195663 
199.307663 189.555435 
212.470840 179.148407 
223.263840 166.927155 
232.752609 151.985336 
238.931290 136.172089 
242.432434 118.760040 
245.227020 100.548149 
247.042313 82.536751 
130.468277 76.778770 
138.687241 68.889687 
150.541260 68.499718 
162.012726 70.114761 
173.575424 73.271500 
195.872482 72.145325 
207.660828 69.454796 
218.819641 68.224129 
229.735565 69.342285 
236.814392 76.804451 
184.247009 86.277298 
184.270889 98.082336 
184.239105 109.591743 
184.410706 121.307549 
170.361893 126.599892 
176.783051 128.716949 
183.640030 130.465652 
190.434753 129.155396 
196.821152 127.525459 
144.305267 85.186798 
151.651932 81.865913 
159.813980 82.089294 
166.297043 86.169380 
159.403564 87.769424 
151.333878 87.886139 
200.423279 87.082710 
208.041931 83.032440 
216.002792 83.394951 
222.414398 86.636269 
216.142929 89.562180 
208.263748 89.092354 
162.903381 151.666351 
169.370346 145.918350 
176.362885 143.282608 
182.570816 145.156158 
189.462692 143.598862 
196.594528 146.801941 
202.103928 152.278458 
196.296951 160.325439 
189.313705 164.458405 
181.988785 165.596817 
175.445053 164.336273 
168.787766 160.102600 
166.520889 151.436844 
176.272919 149.117538 
182.593567 150.191605 
189.567505 149.476379 
198.359650 152.239853 
189.436584 154.079285 
182.370758 155.511887 
175.987930 154.153564 
