68 2
127.262001 126.059166 
128.860245 144.614807 
131.688339 162.675797 
134.706726 180.030182 
140.380280 196.386536 
150.500031 210.854721 
164.915451 222.528107 
180.541687 232.694931 
198.845444 235.692596 
216.257889 233.172821 
231.103973 222.937408 
243.425369 209.946701 
252.155899 194.037537 
256.362030 176.486374 
258.739624 158.187958 
261.206390 139.450577 
262.370575 121.097672 
137.736877 112.776184 
144.753311 101.292366 
157.722351 96.657829 
171.650177 97.451874 
184.014267 102.576462 
208.959106 100.819862 
221.466797 95.588234 
234.881104 95.023804 
247.500107 100.260902 
254.087402 110.935944 
198.190079 118.119423 
198.647858 130.151337 
199.218597 141.763977 
199.663818 153.928543 
183.388672 160.911911 
191.069290 163.429276 
199.085754 165.418503 
206.827011 163.924377 
213.557632 162.048767 
154.223175 122.439369 
161.086227 118.848717 
169.236023 118.290680 
177.087357 121.504829 
169.620300 123.781723 
161.403900 124.480507 
215.057190 120.940887 
223.116516 117.614105 
230.913681 118.350113 
237.494934 121.137856 
231.042587 123.492279 
223.303543 123.090424 
174.209061 187.778076 
182.941193 184.376892 
191.839523 182.641479 
197.861908 184.927628 
204.996414 183.530624 
213.953064 186.284363 
222.615417 190.004166 
213.948380 197.577637 
205.235565 200.561096 
197.765594 200.946426 
191.032562 199.968918 
182.694580 195.876022 
178.893204 188.086060 
192.163956 188.403351 
197.901428 189.819214 
204.636414 189.096054 
217.961746 190.213318 
204.633102 190.842499 
197.891235 191.441513 
192.172882 190.267502 
