68 2
95.541420 94.508995 
96.627609 119.770195 
100.350632 144.069351 
106.115982 168.752686 
113.569305 192.692001 
126.186264 214.068085 
146.695770 230.200012 
170.648605 239.580887 
196.888504 241.621689 
224.357193 237.458496 
248.678162 228.101624 
267.380737 211.550110 
279.402466 189.460800 
286.858154 164.835037 
291.617981 141.168304 
294.651917 116.222534 
294.945862 92.122635 
112.016716 62.394897 
122.980347 48.565842 
140.429230 42.338402 
159.106308 43.807999 
176.548004 49.924812 
208.862091 48.285397 
226.782974 41.824440 
245.509583 40.390926 
263.522583 45.010426 
275.594543 56.968243 
195.075989 71.535728 
194.907516 85.699028 
194.713104 99.640999 
194.439560 114.488190 
176.052673 134.263107 
185.173248 137.340500 
194.706436 139.521439 
204.694122 137.149506 
213.616898 134.330383 
133.529358 82.560844 
145.197693 75.304344 
158.689758 74.908783 
170.898544 82.623741 
158.242447 86.164772 
144.954025 86.764702 
219.340103 81.411736 
232.059998 72.985039 
245.366318 72.922020 
256.210541 79.828217 
246.111511 83.749794 
233.026154 84.130875 
156.414291 174.337692 
171.284744 163.140030 
185.346924 157.188019 
194.799362 158.980164 
204.847977 156.650803 
219.941010 162.792923 
234.577911 171.653778 
220.749283 185.293945 
206.498352 191.672852 
195.402359 193.257401 
184.597336 192.256149 
170.224686 186.639755 
162.171417 173.939453 
185.048431 165.700943 
194.973328 165.527969 
205.698135 164.993698 
229.052109 172.246933 
205.904846 178.408691 
194.824341 179.966187 
184.379959 179.555923 
