68 2
110.274483 47.585060 
110.532776 65.760246 
111.752747 84.122772 
115.793175 101.313126 
122.838730 117.926826 
133.738235 132.759460 
147.272598 145.510742 
161.908356 156.050781 
177.797852 158.892593 
193.003067 155.351685 
206.557648 144.824036 
219.634903 132.904037 
231.056946 119.235565 
239.464569 104.432800 
243.893875 87.979813 
246.486115 70.735825 
248.505890 52.694244 
122.688148 38.551380 
131.407181 30.120317 
143.805801 27.916344 
157.324158 29.073130 
169.228104 33.900280 
190.319885 33.720692 
203.107986 29.931431 
216.372147 29.598816 
229.140701 32.681431 
236.777664 41.334221 
178.838196 51.634796 
178.154449 63.753193 
177.439026 75.788887 
176.903320 88.122185 
162.587402 90.532326 
169.052185 94.077316 
176.510544 96.397720 
184.461609 94.221382 
191.260590 91.318359 
137.934906 52.049149 
145.446594 49.712624 
153.383057 49.778313 
160.699249 52.516220 
153.334045 54.267715 
145.278275 54.763279 
196.671387 53.389320 
204.589844 50.910580 
212.301102 51.904709 
218.878036 54.166656 
212.059982 56.157238 
204.234589 55.699493 
155.764069 111.096283 
163.712021 108.472031 
171.055130 106.587036 
176.446976 108.208153 
183.330032 107.545547 
191.313995 110.594490 
199.879807 113.674576 
191.080078 124.816811 
183.267014 130.181412 
175.975571 130.899323 
169.599442 129.276062 
162.413025 122.994141 
160.564316 111.929878 
170.912231 110.143349 
176.672058 111.139862 
183.615036 110.819992 
195.092957 114.043304 
183.619827 120.400482 
176.371246 121.392319 
170.369324 119.310410 
