68 2
96.617889 104.478790 
95.801140 118.776718 
96.548798 133.186584 
98.710991 147.523865 
103.535316 160.856262 
109.987518 173.448029 
118.641808 184.942215 
129.244720 193.315643 
142.864380 195.605011 
156.932434 192.792404 
168.210693 184.050354 
176.259781 172.375488 
183.075531 159.261292 
187.690277 145.837814 
190.300369 132.611099 
191.877762 119.085678 
192.403336 105.661591 
102.566864 90.592720 
108.937897 84.543228 
117.834923 81.582039 
127.477325 82.709076 
136.392212 85.759933 
156.169540 85.195747 
164.174240 81.396400 
172.639267 79.727081 
180.727829 81.826500 
185.734039 88.131340 
146.059784 96.655357 
145.708664 106.280151 
145.524094 115.941612 
145.227478 125.724312 
133.976013 131.076187 
138.860947 133.839539 
144.366455 135.738190 
150.760956 133.795868 
156.083435 131.234055 
113.793945 99.884453 
119.738373 96.514351 
126.706612 96.361771 
132.179672 100.507111 
126.146866 102.312935 
119.400185 102.384926 
158.625259 100.273415 
165.282608 96.106232 
171.896484 95.834473 
176.205566 99.369759 
172.027008 102.519440 
165.647552 102.398636 
122.897598 156.219727 
131.183289 152.922699 
138.670242 150.793884 
144.231873 151.906372 
150.971008 150.772629 
158.465805 152.889496 
165.434723 156.369904 
158.343842 162.187027 
150.824997 164.901794 
143.700790 165.733215 
137.352142 164.851501 
130.007019 161.434601 
126.488434 156.373718 
138.403992 156.102829 
144.304718 156.396713 
151.153824 156.096619 
162.246201 156.528763 
151.047302 157.268387 
144.169327 158.257507 
138.194824 157.313599 
