68 2
106.122955 57.534504 
107.073029 75.749825 
109.110077 93.782555 
113.540375 109.731155 
120.843178 124.952812 
130.171204 138.900436 
141.945374 151.292145 
155.168167 161.120667 
169.843399 164.278931 
185.459412 160.866562 
199.755737 151.445496 
212.932510 139.930283 
223.871887 126.705360 
232.859543 111.678520 
237.486404 95.116615 
240.512756 77.583588 
242.133026 59.373543 
117.813965 45.074966 
126.175697 37.234028 
137.817505 34.952141 
150.338806 35.857044 
161.049011 40.323540 
182.034470 39.086994 
194.349030 35.050034 
207.174500 34.717190 
219.572876 37.702034 
227.085510 45.685852 
171.282120 56.193279 
170.062820 69.204872 
168.784882 81.893303 
167.620987 94.653839 
155.115356 94.726944 
160.956604 98.791275 
168.115540 101.460480 
176.156448 99.050201 
183.049744 95.658012 
132.197739 58.202217 
139.295441 55.325787 
146.983200 55.440010 
154.273270 58.140789 
146.803818 59.928692 
139.381882 60.215637 
189.788010 58.128418 
197.352127 55.398655 
204.770645 56.113205 
211.396698 58.615784 
204.517517 60.413139 
197.168579 60.078648 
147.484299 115.299316 
153.202103 110.952843 
160.706848 108.358658 
168.198669 108.810730 
177.248489 108.646584 
185.394028 111.827263 
192.734985 116.995377 
185.393738 128.464172 
177.387268 134.951584 
168.274918 136.539856 
160.068100 134.912292 
152.768005 127.755341 
151.620026 115.370796 
160.673752 111.774628 
168.455154 111.624786 
177.839584 112.085106 
188.053421 117.111763 
178.094727 126.465729 
168.521790 128.470932 
160.276184 126.360542 
