68 2
118.314560 131.579865 
119.350990 151.147888 
122.237152 170.927841 
126.966187 189.835770 
133.994415 207.664154 
144.169617 223.619171 
157.472107 236.647919 
173.158112 245.531494 
190.548630 246.999130 
206.806564 243.244522 
220.047791 233.096954 
231.067245 218.968262 
238.711258 203.541702 
243.650040 187.428604 
247.645401 170.481186 
250.383820 153.101990 
251.894012 135.452972 
125.562851 125.805939 
136.182114 118.007843 
150.218689 117.748627 
163.789047 121.742836 
176.144287 128.009033 
203.186462 128.316589 
215.816742 123.029907 
228.973633 120.228500 
241.613098 121.215614 
248.987518 129.906708 
191.047455 141.524292 
191.104233 151.371246 
191.256317 161.436630 
191.527634 171.770538 
175.667892 181.185944 
182.831863 183.030304 
189.762665 184.706833 
196.580872 183.610748 
202.797638 182.023514 
142.350677 139.217834 
150.304764 135.585388 
159.699173 136.300018 
167.952606 141.879990 
159.430878 143.183411 
149.791321 143.080139 
208.796890 143.296127 
218.191620 137.877228 
227.072098 138.110931 
233.869064 141.719360 
227.414200 145.186493 
218.366516 145.108032 
162.563416 205.465347 
173.982971 201.911774 
184.010178 200.181900 
188.656342 202.022415 
194.368484 200.201385 
203.068436 202.701752 
211.718933 206.169907 
203.190567 212.476181 
194.962387 215.526703 
188.886169 216.261353 
183.213882 215.740509 
173.586472 212.816269 
166.823242 205.874588 
183.774902 206.079575 
188.631409 206.925644 
194.418320 205.696045 
207.590897 206.565201 
194.690353 206.757080 
189.090759 207.671295 
183.865784 207.201752 
