68 2
119.914604 109.226402 
121.252823 125.361244 
123.721786 141.907196 
128.780273 156.851318 
136.328674 171.031128 
146.342285 183.721115 
158.023743 195.083801 
170.451294 205.159103 
185.211105 208.340927 
200.297714 204.860840 
213.250793 195.175964 
224.889099 183.462372 
234.821747 169.587616 
242.075119 154.337433 
245.615372 138.110703 
247.356339 121.675819 
248.095139 104.471031 
131.049347 97.536095 
138.818634 90.535469 
149.616730 88.161774 
160.959213 88.737946 
171.210052 92.095596 
191.120850 90.340439 
202.133423 87.234306 
213.271103 86.487389 
224.460831 88.734657 
232.527802 94.734100 
180.773758 107.251503 
180.371033 118.070038 
180.027100 128.802200 
179.769211 139.654739 
168.500122 142.941010 
174.194641 145.140137 
180.698212 146.600235 
187.693314 144.562958 
194.146896 142.177078 
144.368042 110.466248 
151.016068 108.189240 
158.183548 107.677803 
164.709778 109.639130 
158.289124 111.612267 
151.138611 112.356468 
198.466400 108.428314 
205.913101 106.535507 
212.759445 106.958725 
218.960373 108.459381 
212.565994 110.495552 
205.672379 110.397881 
163.243515 161.578827 
168.933380 156.931030 
175.794357 153.387894 
182.870575 153.499664 
191.167450 152.839661 
199.223083 155.992630 
206.065399 161.269867 
199.354767 171.690979 
191.874542 178.138016 
183.532639 179.926956 
175.869308 178.684036 
168.903397 172.185974 
168.383728 161.586044 
176.105850 158.178116 
183.002502 157.887390 
191.289398 157.738129 
200.989182 161.140442 
191.875641 168.551514 
183.558929 170.514755 
176.167557 168.624756 
