68 2
111.629501 92.807930 
112.897690 111.083290 
115.831596 128.870178 
119.912163 146.364502 
125.765938 163.030289 
134.777283 177.919266 
146.440735 190.973557 
159.828873 201.880569 
176.059799 204.285950 
192.125824 201.589066 
205.324417 191.548904 
217.410721 179.061081 
226.619690 164.647385 
233.368027 149.021942 
237.594421 131.548004 
240.135117 113.381866 
241.091370 94.782333 
119.758087 89.947517 
127.749214 83.316299 
138.885345 82.963638 
150.149429 84.836426 
161.234406 87.743011 
188.207642 85.668282 
199.674377 82.784889 
210.494446 81.315170 
221.474319 81.552628 
229.463623 87.920319 
174.700272 100.509071 
174.544495 112.628525 
174.318573 124.660576 
174.241943 136.757935 
162.143951 142.719879 
168.185883 144.585480 
174.700211 145.727356 
181.464767 144.410980 
187.841644 142.787628 
135.431564 100.317474 
142.530624 97.481651 
150.690155 97.012978 
157.819763 100.692566 
150.648041 102.848785 
142.363907 103.394478 
192.598862 100.926300 
200.255447 97.027061 
208.419037 97.173012 
215.173904 100.013542 
208.785431 103.651031 
200.756882 103.451599 
156.430969 168.229309 
161.710327 162.506302 
167.537247 159.189804 
173.728729 161.123611 
180.774307 159.290863 
187.722366 163.212448 
193.577515 168.585754 
187.579086 174.922440 
180.829514 178.209717 
173.625290 179.162720 
167.156311 178.337341 
161.369659 174.841202 
160.321808 168.201477 
167.657532 165.046463 
174.029633 165.857132 
181.271744 165.263000 
190.034119 168.471222 
180.859024 167.177429 
173.757339 168.695313 
167.495026 167.358444 
