68 2
166.451004 110.489922 
167.474396 123.895981 
169.457275 136.775208 
171.571808 149.985535 
175.835114 162.177353 
183.207703 172.720139 
192.358475 182.261002 
202.184967 190.519394 
214.086884 192.387299 
225.152740 190.227783 
235.189285 182.189560 
244.175644 173.649979 
251.622452 163.868011 
256.481934 152.632263 
259.751404 140.357849 
262.443268 128.197739 
264.626282 115.502480 
174.252045 103.032501 
180.060242 96.429108 
189.023788 94.238739 
198.354019 95.944641 
206.851624 99.770416 
227.556961 101.359528 
236.278000 98.962532 
244.791260 98.420425 
252.759552 101.545700 
257.983521 107.752838 
216.794144 111.227173 
216.431213 119.801964 
216.004395 128.296524 
215.676575 137.134689 
205.052414 142.959366 
209.781952 144.520477 
214.820480 146.046936 
219.787827 144.821350 
224.590561 143.908524 
183.740143 111.911018 
189.862869 109.207878 
197.073669 109.468224 
202.619019 113.592026 
196.379166 114.935455 
189.297073 114.817352 
229.200439 115.585785 
236.191162 112.281326 
243.089417 112.909653 
248.174774 116.306381 
243.014160 118.384644 
236.123703 117.678680 
195.236130 159.341904 
202.318542 156.230530 
209.659637 154.568512 
214.412567 155.929245 
219.563766 155.215485 
226.431091 157.926437 
232.371094 161.140350 
226.056091 170.410110 
218.844223 174.908051 
213.215942 175.836823 
207.737381 174.905167 
200.681427 170.075928 
198.361755 160.078995 
209.501831 158.602081 
214.222458 159.273224 
219.376678 159.043121 
229.195770 161.524567 
218.856506 167.655762 
213.412796 168.483475 
208.417297 167.433609 
