70 2
145.558975 62.336296 
145.493103 76.028809 
146.907928 90.083183 
149.620026 104.117584 
154.566147 117.543106 
160.769394 129.520584 
168.781113 139.790955 
179.024475 146.494080 
191.819534 147.198807 
205.013702 145.176025 
216.325836 137.772766 
225.480011 127.560753 
232.171326 115.350044 
236.922394 101.586548 
238.954132 87.460396 
239.777664 72.686111 
240.490295 58.488972 
149.531799 47.910725 
154.384949 41.264923 
162.964142 38.748837 
172.243225 39.682266 
180.779922 42.868435 
200.221680 42.296566 
208.087204 37.215717 
217.237610 34.803925 
226.058960 36.550858 
231.775009 43.386234 
190.222473 53.308613 
190.356903 62.284756 
190.530792 71.366974 
190.625488 80.648010 
179.442276 86.372810 
184.781555 88.955849 
190.632416 90.418221 
197.305450 88.442406 
203.241653 86.063507 
160.237015 56.341309 
164.727081 52.845234 
170.996964 52.618923 
176.554871 55.774246 
171.240448 58.308445 
165.008057 58.923306 
204.659164 55.235439 
210.090927 51.006550 
216.330460 51.015938 
220.837372 54.224216 
216.749939 56.988735 
210.596985 57.174057 
173.214584 110.859505 
181.159195 107.863884 
187.656967 105.895546 
192.309326 106.850578 
197.227264 105.466049 
204.110168 106.328957 
211.187546 108.733978 
204.457642 111.865669 
197.518250 112.724579 
192.225143 113.197815 
187.159943 113.172577 
180.733963 112.658630 
176.837921 110.228828 
187.429382 108.949249 
192.357239 109.319260 
197.212296 108.683083 
207.714981 108.213821 
197.047073 107.738556 
191.912567 108.388054 
187.046585 108.384491 
167.750000 56.000000 
214.250000 54.500000 
