68 2
154.271759 106.244148 
154.838882 117.857925 
156.800232 129.390732 
159.145966 140.759888 
162.559799 151.194641 
168.806534 160.752670 
177.415146 168.365250 
187.378601 174.511307 
198.629303 175.980515 
210.390137 174.354828 
221.304947 168.562958 
231.237717 161.214325 
238.594940 151.694382 
243.982010 140.774185 
247.169495 129.003052 
248.550323 116.612709 
249.515564 104.281944 
160.092789 89.019363 
166.200989 84.117638 
174.583191 82.542145 
183.218765 83.819916 
190.705078 87.410805 
209.690491 87.250435 
217.797424 83.316528 
226.575562 82.069130 
235.001404 84.239365 
240.601288 90.000214 
199.690079 102.340057 
199.267471 109.150337 
198.823227 115.727386 
198.359909 122.398087 
190.282227 129.004562 
194.291687 129.906876 
198.329666 130.545059 
202.797974 130.116592 
207.155502 129.862335 
170.898743 101.096588 
176.373825 98.208267 
182.573669 98.946930 
187.326477 103.590225 
181.939682 104.813362 
175.779266 104.360786 
212.111526 104.149544 
217.170929 99.439651 
223.516785 99.277191 
228.517761 102.378288 
223.866333 105.337372 
217.750839 105.738525 
182.946075 145.554993 
187.825150 141.111374 
193.204315 138.924942 
197.556763 140.250732 
202.828552 139.537155 
209.100082 142.801529 
215.162277 147.358597 
208.932785 153.576935 
202.648300 156.382492 
196.850800 156.987595 
191.629547 155.806808 
186.660721 151.760468 
185.260635 146.022186 
192.748093 142.679932 
197.648407 142.912338 
203.332626 143.165344 
212.749084 147.659500 
203.076843 150.565216 
197.067093 151.269531 
192.005463 149.837509 
