68 2
112.001396 92.612640 
113.478981 115.805840 
116.547150 138.424423 
120.380898 160.632813 
126.895660 181.244568 
137.120010 199.476059 
152.039932 214.664902 
169.529663 226.420929 
190.901901 229.941406 
212.657135 226.292053 
231.447296 214.415695 
247.979843 199.759415 
260.824066 181.741180 
268.739075 161.181915 
273.792755 140.204910 
278.182495 119.059082 
280.917786 96.544731 
119.631157 69.218964 
128.489731 54.817795 
144.502151 50.449455 
161.058456 53.766533 
177.293579 58.963657 
212.073471 61.155987 
229.614014 56.124119 
246.307968 53.444077 
263.164063 58.291267 
273.364258 71.554672 
193.831360 78.794884 
193.002228 90.686501 
192.039078 102.460068 
190.925888 115.090439 
173.274887 129.099091 
181.674652 132.413910 
190.476501 135.396118 
200.825714 133.293762 
210.223740 130.938873 
136.718079 84.132866 
146.122574 77.819473 
158.456406 77.738800 
168.883743 84.432091 
158.264465 87.033310 
146.331116 87.768417 
220.460144 85.637672 
231.732849 79.533257 
243.846191 80.633217 
252.709503 87.084038 
243.728546 89.909500 
231.942322 88.780220 
156.653458 166.800842 
169.286804 159.430740 
181.519699 155.931580 
190.136017 158.924606 
200.341660 157.527100 
213.783493 162.519638 
226.820145 169.645050 
213.544739 183.401108 
199.619843 188.498917 
188.300003 189.033234 
178.473404 187.029175 
167.043762 180.901672 
161.807312 167.642334 
180.719162 164.301041 
189.915222 165.919434 
200.493637 165.608994 
221.739151 170.260880 
200.041458 175.344788 
189.125595 176.020050 
179.677109 173.886765 
