68 2
156.233414 98.063446 
159.017731 111.033119 
163.043228 123.412872 
168.086914 135.247818 
173.507431 146.551193 
181.288284 155.931671 
192.360413 162.759949 
205.144348 167.203796 
218.600784 167.293259 
231.488937 163.087708 
243.029922 156.253906 
252.876282 147.586563 
259.858948 137.142166 
263.894165 124.915855 
265.648865 112.000206 
266.192657 98.890137 
265.254517 85.352432 
162.359604 75.264214 
169.022736 68.331451 
177.717773 64.517609 
188.151688 63.503036 
197.803864 65.214218 
215.516983 62.960320 
224.684280 59.079239 
234.814270 58.755913 
244.247009 60.957581 
251.838837 66.064316 
207.804352 76.616325 
208.056717 82.108627 
208.200729 87.584473 
208.474854 93.548279 
202.277206 107.140366 
206.559250 107.210396 
210.726288 107.096725 
215.164841 106.151794 
219.423767 105.001816 
175.511093 86.019020 
181.078888 81.382050 
188.496063 79.963081 
195.227142 83.136627 
189.349609 86.217682 
182.132355 87.603134 
223.394730 80.073196 
229.728928 75.631317 
236.793564 75.480957 
242.989578 78.843864 
237.617981 81.682266 
230.442078 81.928589 
197.480087 134.463989 
201.989029 124.100342 
207.749908 118.114029 
212.358810 118.450043 
216.994827 117.495918 
224.589859 122.314507 
231.423996 130.454239 
225.600128 135.569885 
219.059540 138.295959 
214.070175 139.431091 
209.315781 139.433563 
203.369461 138.023438 
200.558426 132.942413 
208.635300 124.858345 
213.191116 124.084297 
218.090546 124.365692 
228.267410 129.826935 
218.025787 130.810760 
212.848007 131.867615 
208.440842 131.833908 
