68 2
131.379181 133.053314 
133.248993 149.028336 
136.598160 164.809540 
139.864914 180.146027 
145.517166 194.228836 
155.321625 206.159164 
167.015564 216.110367 
180.311081 223.563904 
195.595322 225.668640 
210.196838 222.553421 
223.037582 213.583405 
234.092148 203.102341 
242.248474 190.507309 
246.516678 176.119385 
248.624573 161.012543 
250.998398 146.133698 
251.818359 130.959274 
140.479004 113.662201 
147.099442 105.688385 
157.127136 100.835236 
168.043625 101.029427 
178.072159 104.435371 
209.283890 103.601776 
219.426453 100.154572 
229.465164 99.614922 
238.744629 103.590141 
244.830643 110.873047 
193.914078 121.651749 
194.204071 131.544312 
194.475708 141.056656 
194.782715 150.773941 
184.417496 161.045639 
189.612335 162.366043 
194.871246 163.199570 
200.209946 161.865051 
205.131027 160.547729 
152.378342 126.894669 
159.358414 121.448624 
168.890060 121.083199 
177.264328 126.486977 
168.937729 129.048676 
159.673340 129.910217 
209.962860 126.173462 
218.470062 120.424591 
227.632050 120.631866 
234.151123 125.596680 
227.686096 128.644592 
218.735031 128.359970 
169.981888 184.044189 
178.633789 177.087540 
187.815704 172.953842 
195.524414 173.636780 
203.636658 173.118958 
211.861862 176.991455 
219.346252 183.002380 
211.669037 190.409653 
203.569534 194.569717 
195.287170 196.217087 
187.116882 195.365784 
178.265915 191.311493 
174.617981 183.612915 
187.963196 179.636520 
195.654221 179.077408 
204.133530 179.409134 
215.162033 182.795471 
203.775040 185.700470 
195.205200 187.598267 
187.424805 186.543427 
