68 2
80.710594 105.601875 
80.779083 123.367310 
82.347992 140.471832 
84.107269 157.432388 
87.904816 174.205276 
95.695190 189.119568 
108.354279 201.499084 
124.189728 210.305420 
141.786240 213.185608 
159.935196 210.956024 
175.908401 203.212463 
188.988632 192.226624 
198.205811 177.958557 
203.216110 161.834213 
206.143860 145.697693 
208.870285 129.497086 
210.444290 112.990356 
92.583725 90.033028 
101.714790 83.169113 
113.366234 81.554657 
125.222656 84.402031 
135.797180 89.405769 
158.783798 89.008308 
170.154846 85.552879 
181.617767 84.242592 
192.473526 86.130310 
200.100433 92.343758 
147.446381 104.939697 
146.738464 115.853638 
145.881638 126.649483 
144.939270 137.835388 
132.774597 145.677368 
138.584595 148.549820 
144.675293 150.817352 
150.695953 148.953979 
156.325378 146.670242 
106.390137 106.532745 
114.026421 102.330536 
122.988922 102.966095 
130.516663 108.933365 
122.353325 110.615410 
113.525757 110.059235 
162.903519 110.243134 
170.961884 104.716881 
179.529678 104.858292 
186.429123 109.845711 
179.812485 112.632668 
171.308502 112.354523 
117.320732 169.351624 
128.214828 163.920334 
138.085175 161.765198 
143.950455 163.525848 
150.803406 162.261292 
160.397644 165.478317 
170.159729 170.593048 
160.384033 179.843201 
150.622162 183.851990 
143.106659 184.731033 
136.274689 183.789368 
126.653404 179.378387 
121.174179 169.770721 
137.592224 167.004822 
143.882950 167.683411 
151.079407 167.471008 
166.150406 171.046036 
150.666306 175.341034 
143.241425 176.130432 
136.863586 175.334442 
