68 2
140.247498 96.490532 
139.643250 111.881538 
140.254318 127.031654 
141.860123 142.238892 
146.505493 156.220963 
154.094543 168.200256 
163.840500 179.133926 
174.870041 187.226913 
187.395767 189.555405 
199.857712 187.383194 
210.808670 180.120895 
221.205109 171.883911 
229.979675 161.288605 
236.354080 148.550049 
240.162216 135.015198 
242.895447 120.586388 
244.904968 105.621445 
147.535965 93.896515 
155.366547 87.375580 
166.763382 86.807465 
178.041077 89.951851 
187.996841 95.178192 
201.428513 95.506485 
211.692047 91.461761 
222.864899 90.010208 
233.622452 92.400421 
239.835419 100.311249 
194.259506 102.676231 
193.534866 113.060631 
192.678696 123.566681 
191.972809 134.273666 
179.571411 136.860291 
185.053253 138.895203 
190.797668 140.703445 
196.837601 139.658432 
202.360962 137.971497 
158.708740 101.678383 
164.923203 98.941666 
172.366333 99.245659 
178.291794 103.433578 
171.819534 104.925484 
164.386337 104.875458 
207.576950 105.228012 
214.575928 101.579758 
221.879211 102.504517 
227.220093 105.945183 
221.588318 108.255508 
214.353622 107.554962 
172.100067 155.844147 
178.127319 151.729904 
184.071976 149.804565 
188.660706 151.521301 
193.858139 150.687500 
200.081711 154.105286 
205.554230 158.391846 
199.236862 165.872482 
192.380676 168.832184 
186.728470 168.956177 
181.475037 167.823898 
176.121246 163.725067 
175.707916 155.523148 
183.860046 152.990356 
188.391983 153.854019 
193.521927 153.941299 
202.003174 157.976791 
193.037521 160.911453 
187.545502 161.226822 
182.812790 159.897964 
