68 2
141.066467 88.682045 
141.790726 104.066856 
143.843765 119.312653 
146.640121 134.205322 
151.167084 148.606476 
158.994598 162.087311 
168.659943 173.479004 
180.045273 183.245895 
194.871063 185.879822 
209.336151 183.151535 
221.332214 174.082535 
232.057587 163.327454 
240.069397 150.676956 
245.278397 136.656891 
248.651794 121.959824 
251.413330 106.919395 
252.330505 91.291069 
150.003036 83.542450 
157.365143 74.847687 
168.772644 72.001968 
180.783997 74.001587 
191.406494 78.412323 
209.698807 76.874435 
220.470367 73.397827 
231.252197 72.875908 
241.039551 77.228325 
246.137177 86.194122 
200.180359 90.429207 
199.763367 99.533859 
199.406586 108.618408 
199.074387 118.178314 
186.216003 124.669708 
192.041443 126.876152 
198.009613 128.561066 
204.218613 127.221107 
210.125137 125.953178 
162.025314 90.955101 
168.609360 86.914848 
176.683762 87.109772 
183.592850 92.282684 
176.482483 94.034805 
168.403809 94.246941 
214.108658 92.982124 
221.467987 87.915649 
229.136017 88.349640 
234.606873 92.500122 
229.416824 95.376076 
221.682526 95.238770 
176.409363 148.304138 
185.263336 143.608215 
192.794601 140.828430 
197.470703 142.624329 
203.190338 141.478683 
210.474060 145.048096 
216.716949 149.773117 
210.125473 157.152237 
202.801697 159.608536 
196.556915 160.170959 
191.031860 159.416565 
183.796631 156.185806 
179.769913 148.256485 
192.591446 145.811920 
197.419113 146.261902 
203.291458 146.294403 
213.796570 149.865784 
202.886475 152.025467 
196.712814 152.631195 
191.803711 151.764709 
