68 2
149.656586 58.943588 
149.695694 70.970772 
150.706573 83.890472 
152.587952 96.621445 
156.497375 108.998817 
163.206650 119.481445 
171.933868 128.640533 
182.139343 135.643265 
194.810913 137.067459 
207.447693 134.317764 
217.944183 126.693779 
227.140701 117.287628 
234.615021 106.507568 
239.332458 94.220436 
241.088867 81.119141 
241.943466 68.277641 
242.057938 55.603539 
154.771942 44.185406 
159.635223 38.190659 
167.160339 35.848217 
175.145767 36.499840 
182.576614 39.718250 
200.954819 38.927753 
208.237854 34.051300 
216.776367 31.853737 
225.302856 33.499733 
231.321045 39.748299 
191.901199 49.566563 
191.803009 58.472229 
191.788940 67.435539 
191.758759 76.545303 
183.348465 82.169266 
187.724304 83.954933 
192.471344 84.967293 
197.929153 83.134186 
202.853104 80.903351 
164.347366 53.398560 
169.057892 50.426006 
175.019745 50.164665 
180.287582 53.053452 
175.156464 54.652782 
169.408691 55.187008 
206.293182 51.550426 
211.778870 48.177486 
217.401505 47.882778 
221.767517 50.228653 
217.575653 52.287395 
212.150803 52.470650 
175.923553 100.403397 
182.511795 98.025879 
188.422287 96.187523 
193.222580 96.669655 
198.700500 95.507935 
205.088104 96.176567 
212.209717 97.193092 
205.158020 100.454834 
198.974243 102.240448 
193.432022 103.148232 
188.342468 103.062988 
182.529907 102.379021 
178.907730 100.154724 
188.401596 99.378693 
193.507980 99.538055 
199.155380 98.526894 
209.322327 97.219009 
199.020081 97.207207 
193.240646 98.134323 
188.141556 98.267258 
