70 2
129.847092 115.392487 
130.693481 133.450821 
132.773453 151.074158 
135.837097 168.871887 
141.715363 185.203201 
152.135971 199.685608 
166.176453 210.835510 
182.295303 219.236633 
199.987076 222.176086 
217.768661 220.054626 
233.362900 211.852768 
245.270096 200.969254 
253.039581 186.685135 
257.588196 170.159470 
260.839630 154.332199 
264.387573 137.182068 
266.152832 119.585655 
140.332245 89.823631 
150.046677 81.443672 
162.936493 79.144821 
176.337738 81.250519 
187.398178 86.956512 
214.535446 88.698380 
226.409195 85.093231 
238.740173 85.745239 
249.889725 91.404785 
256.292358 101.431602 
201.299820 104.809677 
201.152664 116.200531 
200.987976 127.279701 
200.817444 138.897842 
185.070251 147.361374 
192.527985 149.472397 
199.988586 150.743393 
207.277283 150.121719 
214.008362 149.490295 
154.962830 104.530640 
162.390747 99.962540 
171.193146 101.429993 
178.685242 108.008476 
170.476303 108.520073 
161.599472 107.895370 
217.279083 111.572746 
225.135803 106.005638 
233.675613 107.025497 
240.601318 111.960091 
233.881241 113.823944 
225.317123 113.378571 
175.678116 174.990616 
183.978989 168.149643 
192.769821 165.027756 
199.447083 166.820282 
207.144653 166.164627 
216.763794 171.018921 
225.129135 178.257782 
216.912262 185.874863 
208.006256 188.472626 
199.629303 188.622208 
192.164917 186.943802 
183.892654 183.081360 
179.906891 174.832214 
192.425079 169.441895 
199.369659 170.370956 
207.215088 170.676254 
221.595734 177.763977 
207.758041 180.721985 
199.879471 181.141068 
192.736832 179.515808 
168.666672 106.333336 
226.666672 107.500000 
