68 2
111.515106 169.965729 
115.684898 191.656342 
121.563995 212.931824 
127.163170 233.188828 
134.830673 251.736191 
148.566177 266.351654 
167.812439 276.175476 
188.943741 281.858704 
212.877258 281.208038 
236.383163 276.244232 
255.998215 264.966125 
271.081482 251.621582 
280.763062 233.969070 
283.386536 213.139236 
283.821808 191.985321 
284.417786 172.035065 
283.670929 152.406189 
121.013153 127.953491 
130.078964 115.255630 
143.231598 106.968536 
159.082794 104.121437 
174.483490 106.969139 
215.208679 101.613182 
230.922882 97.223907 
246.728699 97.542053 
260.917847 103.383331 
270.971802 114.246689 
198.891312 128.260040 
199.758087 138.173325 
200.542603 148.124374 
201.711670 158.448135 
189.599762 182.905991 
196.764221 182.992844 
203.856750 183.101883 
210.768494 182.399445 
217.794556 182.088028 
140.694473 146.717346 
149.831711 138.563004 
162.348557 136.565018 
175.072754 141.382019 
163.586212 145.401962 
151.697647 147.800430 
223.145554 137.597244 
234.649445 130.703400 
246.843048 130.832886 
256.926147 136.790131 
247.676346 139.610489 
235.583420 139.935776 
170.141342 224.142532 
181.882019 208.106857 
196.204132 199.193832 
206.697937 199.043930 
217.776230 197.612793 
232.305176 204.642532 
243.771210 218.090469 
234.668213 227.492355 
222.022232 233.072998 
210.745148 234.632980 
200.073074 234.731445 
184.759659 231.659012 
176.704926 222.117355 
198.117081 210.594193 
207.712952 209.562973 
218.921555 209.159149 
237.312424 217.087173 
220.488068 220.201416 
209.298019 221.491699 
199.363419 221.968506 
