68 2
173.470703 97.714203 
173.681824 112.183556 
175.353455 126.334175 
178.403915 140.048279 
182.989609 152.904846 
189.418533 164.633545 
198.942734 174.696609 
210.139160 181.941345 
224.530579 183.717438 
239.181458 181.622131 
251.527649 174.697235 
262.338379 165.360291 
270.048370 154.143646 
275.048340 141.521561 
277.870758 127.872406 
279.637207 114.230118 
280.873688 100.805305 
180.522232 83.781693 
186.504105 77.190384 
195.521759 74.563354 
205.023666 75.788345 
213.454727 79.399696 
235.902481 79.552094 
245.230545 76.892784 
254.471741 76.312485 
263.340485 78.856461 
269.283020 85.197296 
224.664978 91.742966 
224.415924 97.936508 
224.235077 104.059769 
224.136169 110.761993 
214.261963 121.903168 
218.847244 123.276627 
223.526367 124.246422 
228.994904 123.545692 
233.982498 122.117432 
191.630829 93.939857 
197.375916 89.848412 
204.484207 90.099731 
210.549225 95.047394 
203.956894 96.159439 
196.940048 96.074394 
239.282852 95.273666 
245.960281 90.813286 
252.732529 90.921135 
257.993286 94.976135 
252.821564 97.053261 
246.138046 96.737389 
204.931610 145.585999 
211.497528 138.629456 
218.325989 135.547180 
222.954178 136.746902 
228.426163 135.570251 
235.729080 139.313065 
242.463806 145.649841 
235.615509 150.306808 
228.665222 151.955536 
223.032547 152.427002 
217.972900 152.400681 
211.274048 150.827499 
208.621475 145.126129 
218.235504 140.885788 
222.970764 141.023514 
228.728409 140.832123 
239.228699 145.297638 
228.893311 144.843048 
223.265335 145.217194 
218.525665 145.134827 
