68 2
133.284393 111.207794 
134.300598 127.096519 
136.196564 143.581406 
140.200760 158.601471 
147.071579 173.032211 
156.587204 186.065933 
167.533737 197.906448 
179.133926 208.460632 
193.011261 211.995422 
207.493195 209.162994 
220.574814 200.405060 
232.848007 189.496094 
243.686203 176.137787 
252.594864 161.759140 
258.139435 146.001648 
261.343109 129.455856 
263.392426 111.945679 
144.906311 101.833160 
153.388092 96.301498 
164.241943 95.254929 
175.650192 96.999298 
185.437561 101.378716 
203.072128 100.294228 
214.023331 96.935127 
225.529373 95.934883 
237.009003 98.117821 
245.764343 103.721832 
193.533264 115.231415 
192.617020 126.195229 
191.712860 136.954971 
190.942429 147.872879 
179.211151 149.232330 
184.796799 152.396194 
191.504074 154.603455 
198.851379 152.367493 
205.429260 149.715134 
157.451202 115.236435 
163.985657 113.187004 
171.196182 113.249359 
177.386002 115.974663 
170.953049 117.557808 
163.951569 117.834908 
211.098389 116.186371 
218.258148 113.785263 
225.306824 114.352119 
231.514755 116.369415 
225.057388 118.438393 
218.125809 118.251602 
173.101105 165.303177 
178.587952 161.904556 
185.453964 159.833694 
192.214706 160.743271 
200.562668 160.358597 
208.266052 162.949738 
215.267242 167.303024 
207.964249 177.853790 
200.001740 184.016312 
191.392517 185.480469 
183.819473 183.768448 
177.571396 176.971863 
177.458893 165.921310 
185.060059 163.306717 
192.135818 163.724792 
200.758957 163.707413 
210.867493 167.361267 
200.718216 175.453186 
191.709152 177.156097 
184.348557 174.924774 
