68 2
155.221619 120.849976 
156.314789 133.500412 
158.668488 146.146896 
161.666992 158.371765 
166.114151 170.030624 
173.050964 180.182892 
181.970200 188.754349 
192.476364 194.796631 
204.618256 195.816284 
216.522781 193.331619 
226.116272 185.528183 
234.711349 176.232773 
240.846573 165.722351 
244.221863 154.033554 
246.476776 142.358826 
248.527176 130.637146 
249.535919 118.652992 
161.294373 108.144196 
167.917175 100.731903 
177.805191 97.522179 
188.359238 98.673859 
197.573181 102.702606 
208.539581 102.069672 
217.693558 98.660576 
227.187805 97.714005 
236.178391 100.497688 
242.076447 106.760834 
203.530899 112.565094 
203.614822 121.188950 
203.719131 129.539658 
203.841660 138.104004 
194.529251 146.251587 
198.976013 147.289261 
203.253998 148.241592 
207.550079 147.155930 
211.482941 145.933105 
171.737320 114.759766 
177.164719 110.639984 
184.250076 110.813286 
189.874161 116.129379 
184.019577 117.391640 
176.946335 117.413849 
215.049911 115.611977 
221.027267 110.202011 
227.719208 110.180779 
232.788193 113.956772 
228.193573 116.585464 
221.666718 116.723213 
185.950256 164.805161 
193.433197 161.328705 
200.229111 158.897507 
203.849548 160.070404 
207.798691 158.672272 
214.098602 160.770874 
220.675186 163.447144 
214.478943 168.075897 
208.807480 170.343140 
204.552933 171.183121 
200.354919 171.073944 
193.707611 169.519623 
188.786102 164.800385 
200.451889 164.244446 
203.983475 164.501572 
207.929840 163.807877 
217.916946 163.505524 
208.077759 163.999939 
204.170853 164.815002 
200.565369 164.907639 
