68 2
128.235001 132.732452 
130.267395 148.167374 
133.287415 163.247116 
137.165802 178.080063 
142.855911 191.494308 
151.675690 203.200607 
163.173340 212.692154 
176.721680 220.761414 
192.161194 223.285507 
206.858185 220.624603 
219.651443 212.808121 
230.587296 202.461609 
238.854248 189.133728 
244.059647 174.136795 
246.676025 158.169952 
248.871231 142.448669 
249.989334 126.323540 
138.729691 107.425446 
145.813293 99.943085 
155.368820 95.767990 
166.406082 95.631516 
176.209717 98.630402 
205.076996 97.804703 
215.343216 94.144234 
225.863861 93.671066 
235.582092 97.343086 
242.253693 104.924423 
191.458115 114.563148 
191.950790 123.936371 
192.329514 133.112366 
192.700470 142.229645 
181.281433 153.225723 
186.847794 154.410889 
192.501465 155.482605 
197.804474 154.398361 
202.859299 153.262650 
149.627747 121.667274 
156.423615 116.068253 
165.658539 115.736099 
174.349442 120.693085 
166.174805 123.209824 
157.407227 124.185509 
207.298141 120.248589 
215.394241 114.853355 
224.273422 115.090157 
231.009308 119.876747 
224.474869 122.608292 
215.808167 122.317032 
165.011139 178.709473 
173.825470 169.657166 
184.455994 165.140564 
193.034851 165.478409 
201.653656 165.307098 
211.345459 169.569519 
218.652161 177.441132 
211.320084 189.192795 
201.658112 194.678619 
192.631165 196.015930 
183.987732 194.713806 
173.553146 189.681946 
169.027252 178.188034 
184.437332 171.613937 
193.042709 171.064331 
201.962555 171.849533 
215.315857 177.408615 
201.796326 186.094299 
192.549545 187.474350 
183.828125 186.280594 
