68 2
106.790154 86.506378 
108.906395 105.967438 
112.283607 124.285591 
116.706894 142.373367 
125.406494 158.490692 
139.990891 170.973053 
159.257385 179.017334 
179.655182 184.457123 
198.656982 185.026917 
214.308578 180.778488 
226.689606 171.093201 
236.987579 160.162903 
243.578064 146.133789 
246.626495 130.169708 
249.373611 114.445816 
251.223251 98.669952 
250.371643 82.824493 
130.828888 64.229012 
143.609436 56.543610 
158.499405 53.830132 
173.909286 54.571934 
187.979675 58.875462 
210.702942 58.431492 
221.458389 54.609779 
232.113449 53.325989 
242.008759 54.857635 
247.673401 61.215778 
201.172974 72.413239 
202.794540 81.391014 
204.718948 90.523323 
206.631042 100.030785 
188.371902 114.113441 
196.309052 115.418701 
203.843246 116.753227 
208.976151 115.416397 
213.448059 113.577667 
146.939880 76.942780 
156.335938 71.151283 
166.853455 70.639801 
175.780029 76.812508 
166.788269 79.706749 
156.347519 80.329277 
213.713364 76.774513 
222.020203 69.905609 
231.598663 70.362656 
238.478058 75.855141 
232.372635 79.268082 
223.003616 79.184380 
170.214355 142.933105 
184.345703 135.127747 
196.072250 130.580185 
202.803284 131.971954 
209.179199 130.554123 
216.692688 134.250641 
223.649918 140.497696 
216.781174 146.758362 
209.767395 149.611389 
202.902985 150.800140 
195.508820 150.518509 
183.867950 148.504700 
174.699081 142.270721 
195.590027 135.854553 
202.643829 135.536072 
209.356094 135.274673 
219.549286 140.405014 
209.702820 142.261963 
202.731873 143.478912 
195.507874 143.385437 
