68 2
110.046761 141.901184 
110.996231 154.528519 
113.364090 167.336746 
116.760345 179.519150 
121.223541 190.444031 
127.731964 200.506287 
137.535461 208.372620 
149.494522 213.722229 
162.716064 214.910583 
176.419998 212.150040 
188.566574 206.210083 
198.792755 198.496994 
205.884796 188.304749 
210.646164 176.669495 
213.538696 165.024445 
214.709885 152.746429 
215.288605 140.217957 
119.750885 119.160736 
126.165459 113.628944 
134.886292 111.401688 
144.102493 112.313240 
152.801361 115.610909 
170.014252 115.738716 
178.697647 112.751678 
187.581985 111.536530 
196.086746 112.719604 
202.577774 117.452637 
160.693787 128.428848 
160.195740 133.394272 
159.865738 138.359848 
159.635437 143.776794 
152.966949 154.709671 
156.636063 155.152344 
160.408051 155.250107 
164.734604 154.842026 
168.810272 153.861084 
130.472351 133.636490 
135.601791 129.336136 
142.119629 128.749878 
147.870178 131.881210 
142.355942 134.078690 
136.087051 134.885742 
174.930450 130.581848 
180.266739 127.105782 
186.467102 127.288208 
191.220734 130.738998 
186.475616 132.815475 
180.641602 132.529785 
147.395172 180.702713 
151.520508 171.945618 
156.703888 166.563232 
161.088470 166.494705 
165.962112 166.345535 
172.094421 171.298279 
177.300110 179.221390 
172.363403 185.198578 
167.051575 187.846725 
162.023743 188.649796 
157.102448 188.464539 
151.858917 186.130707 
150.649048 179.535751 
157.003342 172.405975 
161.535385 171.255707 
166.743942 171.950684 
173.597687 178.583572 
167.041138 181.041351 
161.826233 181.747055 
157.194046 181.295517 
