68 2
155.481522 114.618721 
155.155899 127.137222 
156.265305 139.815369 
158.319153 153.223404 
162.854630 165.804199 
168.789276 177.738647 
176.906799 188.223953 
187.361755 196.239532 
200.500839 198.284088 
214.010696 195.096512 
224.693298 186.822861 
232.925613 176.205643 
239.054474 163.987595 
243.021561 151.272141 
245.337402 138.738312 
246.636475 125.899170 
247.158691 112.804260 
160.727432 99.896027 
166.015244 94.036118 
174.346313 91.942108 
182.922684 93.063454 
190.903412 95.901016 
209.044754 96.006432 
216.874847 92.306351 
225.253113 90.921967 
233.475937 92.176659 
238.891281 97.753609 
200.147217 105.877045 
200.046158 114.557304 
200.130112 123.265762 
199.995758 132.314209 
189.032501 137.755905 
194.045471 140.317902 
199.746460 142.126572 
205.879074 140.247665 
211.202820 137.926392 
170.010635 108.438385 
174.906494 104.740486 
181.228699 104.725266 
186.316254 108.957993 
180.916916 110.798080 
174.690887 110.829689 
212.710129 108.578629 
218.848953 104.125275 
225.392029 104.303810 
230.191864 107.911514 
225.573273 110.518982 
219.236145 110.474838 
180.925018 161.959625 
187.561707 157.276733 
195.036880 154.868393 
199.844696 156.024063 
205.149353 154.740906 
212.746567 156.939880 
218.942978 160.897186 
213.116791 167.591003 
205.789978 171.107483 
199.879868 171.918915 
194.247528 171.197128 
186.803146 167.968063 
183.552765 161.987625 
194.779480 160.300888 
199.872375 160.529831 
205.224091 160.239212 
216.078583 161.224960 
205.441986 163.679138 
199.819885 164.705032 
194.604034 163.917313 
