68 2
99.564827 196.889130 
100.158363 211.212616 
102.600189 225.223083 
106.737518 238.673416 
112.110863 251.774246 
119.419327 263.620728 
129.920151 273.323853 
142.089737 280.060516 
155.730042 281.271637 
169.122528 278.258423 
180.184662 271.125305 
189.689514 261.757202 
196.467239 250.198273 
201.001663 238.015808 
204.094772 225.306305 
205.534683 211.933258 
205.533554 198.570801 
108.615700 181.673599 
115.491241 176.098038 
124.203911 174.538498 
133.300598 176.111664 
141.519745 180.061661 
165.069870 179.741913 
173.865372 177.278732 
182.641922 176.951126 
190.934921 179.243256 
196.389374 184.857910 
153.427277 192.518967 
153.503326 199.725967 
153.679932 206.886902 
153.982101 214.337952 
143.956802 224.074417 
148.894836 225.349487 
153.987122 226.344009 
158.961365 225.560577 
163.615082 224.496521 
119.477692 193.702591 
125.057159 189.770370 
132.360046 190.074951 
138.877258 194.677429 
132.092514 196.514328 
124.875702 196.579086 
167.244812 195.016357 
173.184402 190.622574 
180.238266 191.064865 
185.872803 194.886322 
180.778854 197.379425 
173.828430 197.277191 
137.670868 247.296204 
143.214310 240.578827 
148.646332 236.911194 
153.520966 238.074539 
158.537979 237.161789 
164.705994 241.490341 
169.628601 247.792786 
164.680527 254.901428 
159.087234 257.703522 
153.793060 258.261871 
148.433350 257.610962 
143.007339 254.412949 
141.279373 246.707275 
148.684143 242.015076 
153.782150 242.282639 
158.902161 242.260117 
166.259537 247.515732 
158.838806 249.217392 
153.557541 250.112961 
148.444733 249.330627 
