68 2
153.929428 70.650627 
155.049179 81.873367 
157.365234 92.455864 
159.901291 102.783081 
163.502289 112.073784 
168.957245 120.571442 
176.582336 127.462753 
185.114685 132.607361 
195.185837 133.821396 
204.870392 131.788040 
213.079407 126.583527 
220.147659 119.629677 
224.984955 111.118988 
227.811172 101.760040 
229.624588 92.115402 
231.488663 81.955994 
232.897842 71.713493 
161.033066 66.073906 
166.008026 61.351006 
173.182541 60.013680 
180.628693 61.065239 
187.513367 63.446594 
199.530975 63.537247 
206.869110 61.283386 
214.350555 60.418770 
221.580475 61.984673 
226.581970 66.742165 
194.297104 69.726921 
194.585144 76.658783 
194.899643 83.535736 
195.211349 90.725189 
186.900452 95.127579 
190.752319 96.514229 
194.762833 97.787666 
198.715485 96.359337 
202.257156 94.787750 
168.534607 72.077980 
173.087708 69.619240 
178.541992 69.635635 
183.214111 72.705536 
178.208374 73.912445 
172.773605 74.069649 
204.391586 72.866264 
209.275131 69.599403 
214.581924 69.726997 
218.852585 72.148682 
215.021393 74.107697 
209.693222 74.198311 
179.704224 109.117744 
185.378601 106.183601 
190.631287 104.623787 
194.369522 105.719131 
198.543045 104.701019 
203.538971 106.483925 
208.397217 108.956512 
203.742294 113.674332 
198.926224 115.210052 
194.471573 115.659393 
190.255981 115.381714 
185.019745 113.665001 
182.059769 109.127289 
190.447739 108.251099 
194.279755 108.701042 
198.617813 108.211433 
206.038208 109.201752 
198.666718 109.989029 
194.404327 110.540482 
190.390884 110.201988 
