68 2
130.163162 114.399940 
133.046692 131.327698 
138.172256 147.781082 
144.325089 162.657364 
152.383606 176.780273 
163.594620 189.065506 
176.463303 199.547104 
190.372940 206.749451 
205.271805 207.105713 
218.374039 202.012665 
228.959366 191.416367 
237.792694 178.610352 
244.375320 164.330704 
247.447617 149.008026 
248.962540 133.149612 
250.113556 117.818291 
249.352539 102.452896 
140.465027 98.981354 
147.248428 90.731369 
157.055710 86.077026 
168.113831 86.056862 
177.905960 89.022324 
206.720413 85.694504 
216.365326 81.017845 
226.176285 79.395035 
235.669846 82.788490 
241.957581 89.512543 
193.556213 103.984467 
194.697540 113.699669 
196.035812 123.151367 
197.284378 132.856461 
187.449951 144.194122 
192.777069 144.747253 
198.188416 145.163406 
203.473679 143.924728 
208.408234 142.710617 
153.060699 110.435135 
159.827072 105.214859 
169.163651 104.484169 
177.125259 109.492271 
169.524506 112.093903 
160.424942 113.153290 
209.461609 106.709259 
216.910950 100.123367 
225.530731 99.566147 
232.200302 103.768623 
226.878220 107.271477 
218.320023 107.960770 
176.652466 166.958191 
185.038040 159.635696 
193.858215 155.234116 
199.886642 155.926147 
206.424179 154.465836 
215.703766 157.826019 
223.438644 162.846268 
217.131592 173.997894 
208.981216 180.581314 
201.825272 182.428329 
194.956970 181.847610 
185.669998 176.553925 
180.645477 166.232162 
194.564270 161.908066 
200.476486 161.644424 
207.330505 161.123611 
219.455490 163.327057 
207.921387 170.986557 
200.875015 172.803772 
194.694794 171.976532 
