68 2
138.137268 82.279800 
139.737900 97.650925 
142.810333 112.689476 
146.444046 127.212486 
151.746643 141.678680 
159.386444 154.748917 
169.359436 165.994247 
180.855148 174.879257 
196.199875 176.695190 
211.262955 174.125931 
223.666595 165.420441 
234.611115 154.508820 
242.391708 141.279037 
247.423309 126.534599 
250.054718 110.939148 
252.149872 94.746246 
252.578537 78.355988 
143.969528 74.843987 
150.244705 64.628311 
161.901459 60.788147 
174.775803 62.319561 
186.215805 66.612541 
203.320938 64.049103 
214.470215 58.957172 
226.305466 57.595154 
237.510910 61.349052 
243.890839 70.540932 
194.973038 78.217461 
194.934814 87.744125 
194.867004 97.227615 
194.762146 107.200714 
182.824875 114.372627 
188.883972 116.648109 
195.324860 118.139893 
201.769348 116.224052 
207.821564 114.227821 
156.880875 80.940926 
163.048233 76.249336 
171.446716 75.871361 
178.695404 80.949921 
171.662384 83.509033 
163.330399 84.123253 
210.656662 79.741203 
217.943146 74.019310 
225.832947 73.821846 
231.970245 77.873756 
226.822540 81.415024 
218.713165 81.710098 
176.238266 139.722382 
184.408813 135.408936 
191.148483 133.270355 
195.760071 135.232895 
201.461609 133.360519 
208.864853 135.685944 
216.240341 139.196045 
209.467438 145.602432 
202.302551 147.934448 
195.924927 148.427673 
190.462265 147.898911 
183.654541 145.861420 
179.289505 139.682922 
191.002640 137.790726 
195.996094 138.739868 
201.953094 137.821396 
213.537888 139.494843 
201.910385 140.627289 
195.746170 141.410828 
190.626343 140.633270 
