70 2
152.490417 95.057098 
153.785217 107.966194 
155.551010 121.143227 
158.767517 133.969589 
164.674377 144.753479 
173.996521 153.674133 
185.034119 159.843826 
196.708450 164.296661 
208.621506 165.147903 
220.582794 162.895691 
230.762146 156.428574 
238.825928 148.399353 
243.915359 138.602676 
246.789978 127.504395 
248.300751 116.321152 
249.301483 104.641548 
249.451828 92.930984 
163.497437 74.212738 
170.131241 68.366486 
178.897690 65.911484 
188.218292 66.539520 
196.541397 69.587967 
216.286804 69.649185 
224.275253 66.990715 
232.811279 67.274101 
240.429825 70.584625 
244.436523 77.819344 
206.768494 84.923706 
207.055008 91.742256 
207.407852 98.367531 
207.809921 105.153793 
197.567535 113.179420 
202.441513 114.277710 
207.111710 114.939850 
211.352478 114.437096 
215.413971 113.844879 
173.873795 87.021843 
179.160233 83.248062 
185.723434 83.636665 
191.333954 88.042076 
185.492371 89.359337 
179.121353 89.286049 
217.692291 88.868790 
222.687119 84.334595 
229.000549 84.717613 
233.986603 88.475800 
229.226990 90.260010 
223.185898 90.353935 
190.162537 133.745407 
195.720047 126.494423 
202.061386 123.271187 
206.916443 124.385223 
212.223251 123.690147 
218.842072 127.751236 
223.724380 134.417908 
219.140686 140.624420 
213.224747 143.704651 
207.455078 144.391785 
201.777756 143.330582 
195.508865 139.558197 
192.574707 133.319885 
201.682678 127.488373 
206.868378 127.580040 
212.693207 127.820396 
221.429062 134.103333 
213.300034 137.511047 
207.391769 138.298996 
201.817490 137.207932 
184.000000 86.500000 
224.500000 89.750000 
