68 2
125.797325 101.331108 
125.961876 120.482124 
128.199097 139.573471 
131.460449 158.017258 
137.590622 175.315781 
146.827454 190.211517 
157.511047 203.662445 
171.110611 214.443176 
188.742371 216.563171 
205.708328 213.022141 
218.783875 200.644958 
230.191406 186.159607 
239.552628 171.779968 
245.909256 155.945068 
249.341614 138.610046 
251.817551 121.829941 
252.619522 104.525162 
132.424789 90.269127 
139.914917 79.473793 
152.914963 76.058212 
166.546875 78.597496 
178.713898 83.999794 
200.832825 83.368942 
213.927902 79.596352 
226.928619 79.211945 
239.116974 82.418526 
246.079376 92.325768 
189.514832 97.487328 
188.701233 108.932648 
187.758606 120.315796 
186.939545 132.331726 
172.076981 140.474213 
179.664825 143.468353 
187.566650 146.055481 
195.935181 143.870621 
203.517136 141.590256 
145.912704 98.967743 
153.600403 93.781265 
163.498337 94.133148 
171.631653 100.695061 
163.098694 103.036018 
153.292297 103.276672 
206.692627 101.797623 
215.563889 95.474190 
225.067215 95.751259 
232.155899 101.078583 
225.620178 104.710396 
216.223801 104.374809 
161.410019 169.800888 
172.097275 164.355209 
181.784561 161.514465 
187.541443 163.925934 
194.492004 161.597153 
205.032791 165.195496 
215.697083 170.735168 
205.416519 180.166275 
195.277359 184.347229 
187.370911 185.213379 
180.362045 184.459656 
170.904343 180.544800 
165.348465 170.870926 
181.561432 167.461853 
187.721085 168.164871 
195.047012 167.381470 
211.431854 171.461014 
195.029526 174.714142 
187.254196 176.060089 
180.937683 175.078552 
