68 2
107.369087 61.177055 
108.129707 80.101860 
110.475250 99.076263 
115.573936 116.160004 
123.536133 132.276306 
134.170761 146.576080 
146.669846 159.190735 
160.271484 168.730347 
175.196854 171.239349 
189.709747 167.029419 
202.667313 157.428528 
214.847107 145.588272 
225.861176 132.113556 
234.583282 117.417755 
239.511581 101.043655 
242.659943 83.946922 
244.504639 65.926430 
120.936874 49.379368 
130.202438 42.236397 
141.651169 40.629494 
154.199738 41.235794 
165.106613 45.143711 
190.253296 45.166752 
201.182175 41.386040 
212.752136 40.876362 
223.979324 42.892651 
231.268555 49.064682 
177.589157 63.503952 
176.696838 76.401024 
175.871033 89.155327 
175.074448 101.951927 
160.977280 101.760773 
167.293518 105.998077 
174.993362 108.626396 
183.059769 106.068130 
189.915146 102.435303 
135.868820 64.705475 
143.026459 62.011703 
150.900009 61.984234 
158.371262 64.652672 
150.953979 66.683624 
143.102997 67.225464 
195.365387 64.814545 
202.941422 62.101677 
210.536453 62.916260 
217.002686 65.045120 
210.332764 67.192673 
202.752808 66.973595 
152.617661 120.553253 
160.084793 117.377007 
168.201279 115.639511 
175.396759 116.092354 
183.552536 115.888618 
191.847260 118.206474 
199.620102 121.913292 
191.730438 134.196167 
183.494934 141.319260 
175.038330 142.763092 
167.013885 141.537399 
158.909729 134.651154 
156.837357 121.291786 
167.856308 118.586006 
175.676758 118.943794 
184.117432 118.792999 
194.626694 122.565834 
183.992004 132.996765 
175.042770 134.680389 
166.756363 132.901123 
