68 2
162.329956 95.510635 
162.728546 111.302811 
164.863098 127.462227 
168.949600 142.833542 
175.087219 157.189499 
183.474442 169.932236 
194.338226 180.066681 
206.951477 186.567505 
221.634445 187.514038 
235.822479 183.894501 
247.546204 175.997299 
257.465759 165.739258 
264.847839 153.939590 
269.586853 140.107193 
272.388336 125.623199 
273.873169 110.747116 
274.487854 95.699654 
169.521423 84.552650 
176.847961 77.799995 
186.941254 76.140358 
197.121170 77.456009 
206.556976 81.237701 
232.986893 80.328156 
242.966095 77.302116 
252.564972 76.489166 
261.622314 78.591003 
267.292725 85.035217 
220.138168 93.580528 
220.081451 99.900009 
220.052078 106.352692 
219.988892 113.187531 
208.751846 125.133423 
214.126053 126.250275 
219.613251 127.148788 
224.953552 126.244232 
229.926407 125.092857 
182.397781 96.003174 
188.861984 92.642853 
196.322372 92.798698 
203.256516 96.602814 
196.330811 98.103363 
188.716309 98.329239 
235.556534 97.045959 
243.185303 93.128456 
250.471924 93.386719 
256.006958 96.756851 
250.641525 98.966583 
243.138123 98.654823 
198.228241 148.726105 
206.697083 143.553482 
214.743439 140.810928 
219.077362 142.138107 
223.903320 140.646896 
231.769455 143.663528 
239.596954 148.432983 
232.233887 155.165359 
224.936844 158.738770 
219.576660 159.675812 
214.388504 159.497147 
206.393112 156.202011 
201.482559 148.734497 
214.594864 146.392807 
218.981628 146.665054 
224.027649 145.992233 
236.348694 148.558228 
224.434998 151.279770 
219.554504 152.418961 
214.804169 152.143753 
