68 2
160.275955 93.844696 
161.852966 107.331390 
165.357483 120.576797 
169.618103 133.238358 
175.044037 145.124420 
182.498779 155.473862 
191.932770 164.220749 
203.341568 170.324219 
215.205551 171.031174 
225.470428 167.196365 
233.858994 158.708466 
240.800858 148.877274 
246.052979 137.214523 
249.173340 125.427826 
251.474289 113.866119 
253.054031 101.765785 
253.155411 89.604362 
171.285843 81.803337 
178.564575 75.899445 
187.937561 73.791000 
197.765869 74.862633 
206.322693 78.701118 
218.372849 78.164635 
226.523560 74.153236 
235.334991 72.543358 
243.771301 74.468674 
249.105087 80.012993 
212.510452 89.098137 
213.134323 98.079765 
213.846497 106.956360 
214.569702 115.899849 
205.912003 122.578804 
209.938049 123.247192 
214.126266 123.836670 
217.852005 122.845055 
221.139862 121.550766 
180.522156 90.938301 
186.266312 87.024643 
193.444626 87.135399 
198.801300 92.133026 
192.999252 93.868134 
186.046646 93.981598 
223.371521 90.886299 
228.613663 85.595490 
235.154678 85.166771 
240.037872 88.831856 
235.980408 91.711678 
229.715225 92.124863 
200.100601 143.877380 
205.161728 137.694153 
210.600418 133.494324 
214.266052 134.251358 
217.886230 133.288147 
222.650085 137.169708 
226.580566 142.124649 
222.960388 148.233505 
218.826508 152.456863 
214.673218 153.819275 
210.241196 152.935379 
205.078583 149.331512 
203.306061 143.196259 
210.613907 138.717957 
214.355026 138.498596 
218.172592 138.489151 
223.820709 141.930450 
218.097534 144.301941 
214.079269 145.925369 
210.149033 144.702606 
