68 2
142.524475 88.848595 
143.660370 101.597832 
145.764954 113.692413 
148.642960 125.751137 
153.094223 136.946274 
159.888000 147.231827 
168.849289 155.863251 
178.666336 162.567993 
190.452988 164.229630 
201.873749 161.607300 
211.588623 155.211426 
219.511047 147.290802 
225.803528 137.950012 
229.823837 126.836876 
232.248962 115.075912 
234.773331 102.764069 
236.410233 90.430038 
149.860931 78.601578 
155.695160 73.056374 
164.024353 72.006256 
172.233124 73.519699 
179.663651 76.404594 
198.948441 75.851006 
207.074158 73.453278 
215.155441 72.710304 
222.791458 74.872963 
228.015976 79.996307 
189.498840 85.424187 
189.644974 93.064133 
189.747101 100.597137 
189.827744 108.451538 
180.377167 113.989227 
184.934601 115.303886 
189.601044 116.428680 
194.363220 115.327911 
198.863510 114.166069 
158.485306 87.580200 
163.462433 84.349182 
169.903687 84.455055 
175.318298 88.145416 
169.841919 89.751801 
163.548889 89.950508 
202.667938 88.353188 
208.430359 84.717049 
214.482208 85.096832 
219.205826 88.128159 
214.718063 90.367165 
208.664871 90.087173 
172.767044 132.095886 
178.533112 127.097832 
184.444931 124.618439 
189.197540 125.830780 
194.679993 124.849396 
200.702194 127.713165 
206.152451 132.610596 
200.691406 137.968231 
194.692978 140.530014 
189.056046 141.298019 
183.831299 140.721863 
178.146255 138.010284 
176.401321 131.671112 
184.603882 128.598236 
189.244080 129.104691 
194.745071 128.735291 
202.469910 132.332016 
194.583588 133.572052 
188.989853 134.514618 
184.217590 133.682251 
