68 2
142.201584 106.582085 
142.453796 124.405327 
144.129089 142.401428 
147.943893 159.863525 
154.170395 176.406723 
163.028992 190.958221 
174.002151 204.093063 
186.582718 214.058533 
202.404175 218.095139 
219.266068 215.587234 
234.390930 207.567642 
247.851624 197.286591 
258.526459 183.000793 
266.723694 167.589417 
272.010162 151.133972 
276.087280 133.769226 
279.305908 115.573257 
152.131271 92.910233 
161.270111 88.451233 
172.258224 89.330963 
183.277969 91.805450 
193.838730 96.290863 
220.300858 96.984657 
231.967880 94.178864 
243.530594 92.983368 
254.917297 94.294991 
263.495667 99.910072 
204.547470 112.042419 
202.708878 125.201385 
200.959503 138.629715 
199.202560 151.932938 
187.827240 151.582138 
193.176315 155.921875 
200.016739 159.003189 
208.298889 156.436218 
215.714676 153.325912 
165.252487 110.294907 
172.355957 108.806168 
180.043335 109.206261 
187.115128 111.867912 
179.668076 113.636185 
171.989227 113.596336 
224.946472 114.102890 
232.761337 112.806931 
240.349884 113.831947 
247.007736 116.104774 
240.022354 118.013512 
232.468430 117.232819 
181.524719 168.962723 
188.509674 167.095093 
195.264359 166.704407 
201.330750 168.311096 
209.364197 167.926682 
218.506760 170.115952 
227.579376 172.865524 
218.190979 184.084778 
208.265991 188.355896 
199.823074 188.253601 
192.921707 186.581192 
186.274521 180.761322 
185.868744 170.233704 
194.835526 169.486954 
201.187820 170.417679 
209.294647 170.568985 
222.760544 173.566315 
209.046402 179.561035 
200.755295 179.619522 
193.953430 177.547165 
