68 2
116.575752 76.404495 
116.331177 91.888481 
117.915375 107.680908 
120.820244 122.784821 
126.303696 137.461594 
133.479736 150.830994 
143.215424 162.307556 
154.394089 170.604797 
168.754974 172.736053 
182.007782 170.090225 
192.836411 161.154068 
201.889069 149.770157 
209.053741 136.490234 
214.343567 122.042618 
217.727722 107.483643 
220.068680 93.096558 
221.633743 78.605400 
122.690521 64.487801 
130.640366 59.416042 
140.383362 58.970818 
150.108917 61.300510 
159.127655 65.585045 
184.879639 65.857582 
193.373749 61.215324 
202.523514 58.955585 
211.522202 59.762180 
217.402603 65.698616 
172.140442 74.542450 
172.172607 86.817986 
172.246902 99.267136 
172.043213 111.730888 
159.187912 113.588287 
164.414276 117.344498 
170.497665 120.306732 
177.135605 117.463104 
182.362869 113.583511 
135.451935 74.699066 
141.492126 71.210480 
149.349640 71.576691 
155.238861 76.493721 
148.650391 78.941299 
140.944229 78.829178 
186.510513 77.197769 
193.277969 72.284760 
200.647278 72.419441 
205.582870 76.142273 
200.960312 79.895752 
193.708130 79.719025 
148.248276 134.766708 
157.602264 133.874802 
165.142639 133.022873 
170.018051 134.243134 
175.635391 133.140747 
182.486298 134.013092 
189.676331 134.820587 
182.771973 138.981522 
175.532471 140.591125 
169.939392 140.841293 
164.535736 140.466614 
157.009979 138.772522 
151.649796 135.054886 
164.957199 136.378311 
169.906540 137.227448 
175.355698 136.319687 
186.714478 135.116287 
175.453171 134.287140 
170.067444 134.662872 
165.176086 134.254944 
