68 2
115.956787 112.361961 
115.833160 124.852348 
117.074738 137.303818 
119.331459 149.823181 
123.701263 161.613754 
129.706253 172.558487 
137.465408 182.371582 
147.162186 189.697754 
159.885223 191.527252 
172.573486 188.837280 
182.775818 180.996765 
190.659225 171.413651 
196.640503 159.658737 
200.606995 147.548874 
202.761444 135.384689 
204.012054 122.886391 
204.623779 110.419403 
122.132462 97.887306 
127.709770 93.287605 
135.196548 92.012093 
142.796936 93.280914 
150.004852 95.920807 
170.017639 95.210846 
176.936020 91.759094 
184.377502 90.106934 
191.761536 90.943611 
196.666718 95.737190 
159.946350 105.401390 
159.975555 115.072334 
160.099915 124.741386 
160.109802 134.537811 
149.067245 136.990494 
153.931015 139.405243 
159.476074 141.456635 
165.512589 139.192291 
170.709015 136.500824 
131.725815 106.031342 
136.032410 102.554657 
141.863968 102.494392 
146.482712 106.031845 
141.707779 107.807533 
136.139084 108.109047 
172.013733 105.592712 
176.822601 101.997528 
182.666290 102.160545 
186.757339 105.434677 
182.744934 107.476288 
177.299576 107.247627 
141.622772 157.387817 
147.570724 153.859680 
154.060730 151.896606 
158.976608 152.558029 
164.713135 151.821014 
171.322037 153.604431 
176.928787 157.010391 
171.307205 162.598221 
164.860107 165.695862 
158.725403 166.672150 
153.340149 165.861389 
147.160538 163.123154 
144.598068 157.806778 
153.738541 155.978455 
159.096237 155.947586 
164.920776 155.979675 
173.952133 157.397430 
164.923431 159.245331 
158.823486 160.256836 
153.568924 159.559250 
