68 2
101.965500 119.064247 
103.096741 141.464462 
106.047455 164.039001 
109.375824 187.441452 
114.736900 209.265533 
126.353355 228.644318 
145.880035 242.965439 
170.352921 251.838135 
197.418869 252.922394 
225.207001 249.423401 
248.653458 239.849304 
267.516754 225.446564 
278.469940 204.948318 
283.563263 182.078659 
285.605469 160.099274 
286.577576 137.999512 
285.818939 116.923500 
117.625366 89.868263 
127.399872 73.026871 
145.158539 64.266151 
164.540024 65.335510 
182.813950 72.398323 
211.518845 71.540199 
229.540451 66.209618 
248.029480 66.743179 
264.424957 74.641205 
273.475861 89.463158 
198.096405 91.806747 
198.101135 104.220230 
198.057816 116.512939 
198.124939 129.358536 
179.487259 149.715775 
188.627228 152.081955 
197.785614 154.405914 
206.869522 152.484436 
215.264099 150.977631 
138.941299 102.288383 
148.607239 94.550858 
160.451950 94.518257 
172.746292 102.286552 
160.753601 104.337608 
148.929565 104.694466 
220.193573 102.790314 
231.801407 94.977325 
243.729843 95.602249 
253.318008 102.965088 
243.997772 104.879677 
232.315125 104.648346 
155.981949 189.683701 
172.243713 177.088409 
187.555634 171.632950 
197.296585 173.403778 
207.563522 171.778137 
222.823807 178.553406 
236.317444 188.669373 
222.406128 200.140457 
207.896301 206.050644 
196.684174 207.472778 
185.966568 206.387939 
170.810745 200.805008 
161.204346 189.404953 
187.457672 181.052811 
197.032043 180.936478 
207.746826 181.180664 
230.995575 189.039673 
207.244476 194.045441 
196.426025 195.502335 
186.632629 195.164780 
