68 2
142.584381 77.408966 
143.195923 98.937302 
146.375412 119.650009 
149.239685 139.361649 
154.130173 158.258026 
161.792053 175.423233 
172.144714 190.862198 
184.169739 204.472351 
201.703033 209.238205 
219.141769 207.661560 
234.972229 196.871567 
249.504562 184.007996 
261.800415 168.821548 
271.464050 151.390961 
278.302643 132.667160 
284.691650 112.800941 
289.390259 91.738228 
147.323303 63.520420 
157.164719 55.441341 
171.643280 56.778458 
184.627502 62.541557 
196.979004 69.226105 
228.160126 72.969536 
242.921387 69.776489 
257.074493 66.183075 
271.779236 66.750832 
281.907745 75.166595 
211.063568 84.723541 
209.494568 98.585678 
207.902588 112.502373 
206.303177 126.756241 
192.279297 132.809021 
198.853500 136.398010 
205.902390 139.346985 
214.261978 137.702957 
222.051132 135.911865 
161.595932 80.099503 
170.501770 75.154198 
182.213120 76.528152 
190.660629 84.732948 
180.820816 87.040222 
169.231277 86.413986 
235.008957 88.870590 
245.367355 82.857338 
256.784821 84.077255 
264.777710 90.012604 
256.749084 94.557365 
245.396805 93.138741 
180.473007 160.122528 
189.863510 159.510117 
198.080780 158.713348 
204.029694 161.647034 
211.639648 160.252380 
220.238510 162.557404 
229.612625 165.750656 
219.509949 174.138535 
210.533295 176.926178 
202.682724 176.733658 
195.550385 175.272354 
187.777512 170.990265 
184.803986 161.862228 
197.305725 165.672623 
204.022537 167.683578 
211.695389 166.901367 
225.161377 166.321182 
211.308044 164.889999 
203.595337 165.306595 
196.812408 163.355774 
