68 2
97.193146 120.889404 
97.121307 136.243927 
98.144073 151.480988 
99.719223 166.353302 
103.375763 180.635941 
110.705109 193.307312 
122.208008 203.329605 
135.845276 210.801956 
150.873093 213.740631 
165.545975 212.736176 
178.967590 206.934296 
190.474823 198.141846 
198.495911 186.711853 
203.051407 173.342224 
206.216873 159.835266 
209.039932 145.709183 
210.904755 131.456406 
110.256355 106.527695 
118.754936 101.445946 
129.297424 100.708862 
139.475677 103.583900 
148.676880 108.205902 
169.543884 108.211044 
178.937042 105.898674 
188.008102 105.099251 
196.437820 106.294716 
202.826721 110.613434 
158.645889 121.796173 
158.072250 131.519516 
157.578400 141.066284 
157.050751 150.842621 
144.892960 157.242477 
150.097290 159.885422 
155.425644 162.079681 
160.853729 160.889114 
165.934021 159.303879 
122.360077 121.411041 
129.193573 118.177788 
137.089279 118.927193 
143.226654 124.254257 
136.169632 125.888466 
128.344498 125.181969 
171.677719 126.070747 
178.257141 121.683838 
185.779694 122.075775 
191.496765 126.391022 
186.070374 129.072296 
178.815247 128.553467 
131.152161 175.497467 
141.252029 172.857834 
149.340714 171.678284 
154.424881 173.599960 
159.676544 172.525711 
167.002670 175.094955 
175.076248 178.480408 
166.857559 183.311142 
159.486755 185.380920 
153.657104 185.743027 
147.861221 184.848450 
140.059418 181.902527 
134.884323 176.359131 
148.633438 177.147079 
154.207214 177.839417 
159.821091 177.880508 
171.451340 178.890320 
159.731598 177.938202 
153.985321 178.167908 
148.531387 177.228333 
