68 2
114.808853 87.064537 
116.055679 106.332733 
119.159561 124.633575 
123.172882 142.104202 
129.334167 159.047531 
138.172012 174.206543 
149.317596 187.987930 
161.447647 199.343643 
177.569168 202.330261 
193.291901 199.803070 
206.136612 189.076477 
217.014374 175.639496 
225.989410 160.595795 
232.735535 144.787476 
237.466446 127.368858 
240.648544 108.636284 
242.228699 89.511749 
121.819550 89.390381 
130.891144 83.530746 
142.632324 84.369347 
153.985641 87.399010 
164.851837 91.179108 
188.626770 89.947510 
200.550171 86.543541 
211.736191 84.282707 
223.552689 84.056709 
231.813690 90.446281 
176.818756 101.284286 
176.801712 114.046875 
176.708496 126.875420 
176.694885 139.769196 
163.692078 143.733459 
170.002228 146.043930 
176.845032 147.882507 
183.505310 146.420349 
189.644653 144.433899 
137.256866 98.623932 
144.673187 95.559547 
153.596161 95.791611 
160.577072 100.770981 
152.842789 102.844276 
143.873596 102.908295 
193.727524 101.257721 
201.183105 96.093292 
210.020920 96.378868 
216.986221 99.764755 
210.518433 104.076492 
201.790771 103.882706 
158.543762 167.729767 
163.499741 163.503143 
169.655457 160.914200 
175.469162 163.134720 
181.840149 161.437180 
188.501877 164.814560 
194.097260 169.351303 
188.430664 175.813828 
182.091736 178.953064 
175.466446 179.670181 
169.278809 178.623322 
163.263107 174.846558 
162.156799 168.039673 
169.661377 166.320587 
175.741104 167.323700 
182.365845 166.931427 
190.768997 169.724426 
182.087967 168.316162 
175.504135 169.380356 
169.497253 167.898209 
