70 2
100.047874 190.008743 
100.278198 208.076477 
101.824051 225.604065 
105.519966 243.281281 
112.218445 259.122986 
123.752106 272.125305 
137.909607 282.265259 
152.739319 288.229980 
169.261047 289.989014 
184.999207 288.858093 
200.554871 283.516418 
214.253540 274.726990 
225.038284 261.737427 
232.842560 246.768982 
237.998505 230.755859 
240.891174 213.142746 
242.680527 194.986465 
114.983971 179.440506 
125.197334 175.550659 
136.797119 176.584442 
148.331131 179.667801 
159.129593 184.404724 
181.051697 184.983215 
192.673630 181.616074 
204.318100 179.845581 
216.024719 180.688919 
225.544861 185.848175 
169.098587 196.574402 
167.951828 210.373947 
166.849457 223.991989 
165.791168 237.788818 
152.693604 239.751633 
159.006058 243.849640 
166.532166 246.241272 
174.326599 244.423447 
181.434128 241.934753 
127.962265 195.739960 
135.887634 195.095123 
143.814865 195.263260 
151.117615 197.517258 
143.399826 198.957733 
135.274872 198.866623 
188.287643 200.069611 
196.409805 198.749954 
204.606323 199.816269 
212.039856 201.360733 
204.566193 203.498535 
196.378342 202.787079 
145.005966 257.523865 
153.987518 255.976288 
161.262589 255.586609 
166.957764 257.811737 
173.851379 256.530640 
181.986176 258.687744 
190.756012 261.105042 
181.710648 264.333160 
173.535599 264.704590 
166.779236 263.987854 
160.664017 263.426086 
153.577576 261.847382 
149.391342 257.728424 
161.057510 259.248596 
167.038986 261.080719 
173.742340 260.263824 
185.654190 260.680786 
173.643112 257.588989 
167.001846 256.769653 
160.901016 255.948593 
138.000000 196.666672 
199.000000 200.666672 
