68 2
127.749619 112.305435 
129.160156 124.318779 
131.699417 136.046402 
134.474930 147.092224 
138.712906 157.420807 
145.883423 166.514099 
155.026581 173.882446 
165.110992 179.941772 
176.502411 181.768417 
187.236954 179.250381 
196.750229 172.578201 
205.266647 165.170822 
211.855957 156.117996 
215.745087 145.604950 
218.076584 134.817474 
220.060242 123.735161 
221.338211 111.995972 
134.733612 103.981773 
141.875183 98.296051 
151.483932 96.685814 
161.032440 98.619476 
169.367004 103.018822 
184.392563 103.087967 
192.166031 99.094589 
200.530334 97.801720 
208.571823 99.690948 
213.848969 104.650230 
177.610931 112.962486 
177.684387 120.449043 
177.747131 127.857124 
177.886093 135.398804 
168.482452 140.792419 
172.664932 141.679550 
176.693008 142.610901 
180.791748 142.352966 
184.631226 141.911270 
146.485260 111.528427 
152.288040 108.705727 
158.840637 109.288055 
163.661865 114.216675 
158.223068 115.231064 
151.594284 114.862885 
187.350235 115.103622 
192.747940 110.170525 
199.159317 110.282089 
203.817657 113.645401 
199.478500 116.283478 
193.394745 116.513947 
160.730896 155.689835 
166.892014 152.788544 
171.849060 150.992386 
175.376465 152.358932 
179.471786 151.390900 
184.721619 154.066330 
189.883545 156.803391 
184.446884 162.184921 
179.096573 164.292007 
174.703400 164.802078 
170.499893 163.985840 
165.951965 161.203918 
163.550842 155.805527 
171.576385 155.228851 
175.268555 155.785141 
179.446594 155.769058 
187.338501 156.951111 
179.147659 157.475037 
174.774719 158.184067 
170.986160 157.391708 
