68 2
121.789955 120.839005 
121.340996 138.565567 
121.828125 156.234940 
123.696686 173.409454 
128.803741 189.412048 
137.256546 203.340408 
149.201736 214.856979 
162.841034 223.873856 
178.312195 226.212616 
193.287918 223.329681 
206.761475 215.431335 
219.336182 205.566986 
228.688904 193.059265 
234.722900 178.684509 
238.583496 163.834305 
241.332687 147.695297 
243.463074 131.236938 
131.865738 111.035507 
141.201675 104.494904 
153.351456 104.099617 
165.244690 106.955582 
175.968033 112.035339 
192.673645 112.161568 
204.707779 109.189415 
216.856689 108.381927 
228.464569 110.967720 
236.367737 118.586388 
184.175476 122.934723 
183.511124 133.641907 
182.781448 144.256073 
181.928024 155.247818 
168.407852 161.002686 
174.182312 163.835541 
180.332916 165.803665 
186.807205 164.609528 
192.679672 162.634232 
143.493408 122.075211 
150.125107 118.450981 
158.511185 119.217758 
165.213409 124.763184 
157.565216 126.449448 
149.237000 126.127579 
199.681595 127.157745 
206.869827 121.813637 
215.499023 122.924179 
222.108078 127.331337 
215.445984 130.248779 
207.157532 129.791077 
156.967255 183.914368 
164.092209 178.573059 
172.477234 176.384094 
178.123642 178.147049 
184.289886 177.393784 
192.321014 181.180923 
198.800659 186.507660 
191.563461 194.871185 
183.313538 198.921692 
176.610855 199.624802 
170.258133 198.295975 
162.637878 193.300674 
160.904800 183.799133 
172.077042 180.813171 
177.829407 181.641296 
183.803146 181.812958 
194.639648 186.240204 
183.552063 190.320999 
177.203781 190.990814 
171.233292 189.763748 
