70 2
108.778168 183.704941 
108.646439 203.074783 
110.281120 221.671982 
113.950317 240.205139 
120.877548 257.323395 
132.907043 271.383179 
147.619247 281.840881 
162.661255 288.645020 
179.152069 290.897278 
195.167236 290.339691 
211.090927 284.860443 
224.955093 276.434204 
235.657013 263.269714 
244.235916 248.121124 
249.936142 231.599991 
253.482483 213.412994 
256.026031 194.697769 
124.370552 175.610794 
136.179764 172.001282 
148.803040 173.392349 
161.659027 176.761810 
173.445786 181.961578 
196.852615 183.295593 
209.248962 179.768677 
221.729004 178.477234 
234.359482 180.051834 
243.765442 186.648544 
182.997940 194.952072 
181.490570 209.671997 
180.039871 224.300995 
178.778976 238.888977 
164.628723 239.394424 
171.074783 243.626328 
178.787811 246.218918 
186.799820 244.504044 
194.003067 241.887482 
138.540146 191.533905 
147.222794 191.236877 
155.603897 191.821869 
163.262207 194.605133 
155.018463 195.600021 
146.454071 195.091888 
202.828705 198.019028 
211.167374 196.729614 
219.545578 198.004501 
227.088470 199.745682 
219.537354 201.492599 
211.145691 200.771027 
156.533554 257.459076 
166.152618 255.963516 
173.863571 255.991669 
179.846878 258.127106 
187.158875 257.202057 
195.572540 259.106018 
204.711243 261.801117 
195.485016 266.950562 
186.751526 268.123718 
179.319382 267.461121 
172.953827 266.503418 
165.422607 263.680573 
161.409546 258.026550 
173.691956 258.820557 
179.732697 260.686493 
186.860779 260.117981 
199.918564 261.731293 
187.006729 260.173309 
179.886719 259.515503 
173.807922 258.191254 
153.333328 194.833328 
215.666672 200.500000 
