68 2
173.151550 81.018585 
174.335373 90.669518 
176.379578 100.394089 
179.200195 109.951691 
183.249329 118.462311 
188.674286 126.119492 
195.876221 132.547455 
204.121750 136.864655 
213.898849 137.595184 
223.697754 135.754944 
231.726730 130.771805 
238.322433 124.139038 
243.138565 115.924088 
246.060120 107.011826 
247.619141 97.374947 
248.780106 87.501930 
249.425156 77.736794 
179.075638 66.051910 
184.043137 62.583721 
190.197784 61.980816 
196.307175 63.052376 
201.830917 65.239235 
218.946106 64.225891 
224.957642 62.397102 
230.693039 61.501160 
236.507004 62.272263 
240.949524 65.526421 
210.818924 73.217735 
211.141693 78.415169 
211.485062 83.655258 
211.834778 89.055092 
204.779739 95.846596 
208.266052 96.537727 
211.831711 97.065475 
215.448853 96.408028 
218.806122 95.730835 
186.629990 74.988800 
190.366272 72.014328 
195.432922 71.984795 
199.831543 74.933823 
195.476974 76.498978 
190.516479 76.853600 
221.292068 74.635391 
225.393692 71.552284 
230.191376 71.742287 
234.088165 74.274223 
230.635391 76.103020 
225.905899 76.021606 
199.494827 111.790512 
203.895004 107.415436 
207.956924 105.009613 
211.687943 105.725029 
215.756653 104.816147 
220.536789 107.254440 
224.826950 110.600624 
220.581543 113.978302 
216.125336 115.226349 
212.014114 115.810196 
208.062042 115.496529 
203.989120 114.375000 
201.755478 111.472496 
207.915024 109.116646 
211.848389 108.936623 
216.094482 108.912628 
222.443039 110.591080 
215.938934 109.799942 
211.792145 110.533684 
207.909790 110.192116 
