68 2
79.410683 102.124626 
82.234436 131.110947 
87.086754 159.875275 
92.658485 187.058167 
100.803436 213.495758 
111.006355 237.493713 
126.811737 258.638489 
146.086945 272.979584 
171.639526 276.064667 
196.436356 270.764526 
215.259964 254.467041 
229.270447 231.998123 
238.735275 206.669373 
246.075378 180.845078 
251.648270 156.923950 
256.582153 132.007477 
260.233795 106.913147 
88.550232 85.342133 
99.906891 70.186974 
119.806099 67.158470 
139.162415 72.378319 
157.206070 80.552475 
191.647491 80.538666 
210.279846 73.729828 
227.987122 68.703522 
245.951035 70.735542 
254.940674 85.295151 
175.136856 96.015625 
174.944778 114.658287 
174.960953 133.456726 
174.666992 152.560730 
152.177292 161.599625 
162.615906 166.206894 
174.303101 169.913788 
185.524796 166.472778 
195.264496 161.878845 
111.178314 102.522476 
121.933350 98.082573 
134.449219 97.481956 
146.120178 102.315620 
134.669937 106.154266 
122.364029 107.071068 
200.862015 102.329308 
213.018677 98.271828 
224.767944 99.074280 
233.411026 103.224655 
225.065323 107.297531 
213.256409 106.105011 
137.975525 200.409088 
151.036591 192.547119 
163.116699 190.392548 
172.981216 193.741241 
183.825348 191.478577 
195.861755 193.840515 
206.182999 200.884384 
196.413498 215.576035 
184.826584 222.283768 
173.358902 223.537277 
162.513260 221.579544 
149.733826 215.164932 
144.962936 199.945480 
163.510086 196.457901 
173.141418 198.730392 
184.089890 196.537369 
200.185028 201.221054 
184.623718 207.999268 
173.302734 209.403137 
163.153259 207.214783 
