68 2
141.926056 151.353699 
141.158630 168.697693 
141.745041 186.534363 
143.105545 203.587158 
147.522629 219.493958 
156.075058 232.823807 
167.720856 243.767822 
181.149643 252.568787 
196.964417 255.099777 
212.343582 253.291336 
225.997192 245.467499 
238.856583 235.693054 
248.819580 223.315643 
255.339432 208.426743 
259.004913 193.004318 
261.900757 177.341385 
264.088745 160.935822 
148.618408 149.692108 
156.934937 140.472382 
170.470688 139.304932 
183.548477 142.416122 
195.482727 148.312790 
211.351288 149.190613 
224.372910 144.594894 
237.726425 143.105606 
250.535950 145.759216 
257.705017 155.337296 
203.679153 158.123108 
202.920593 170.323288 
202.167007 182.516647 
201.420258 195.021072 
187.231888 198.108582 
193.368866 201.163956 
199.964935 203.753281 
206.603424 201.930740 
212.497849 199.867615 
162.599396 156.386688 
169.875565 153.114197 
178.629822 154.094772 
185.204163 159.918961 
177.533630 161.225983 
168.772995 160.632263 
219.348236 162.174622 
227.703094 157.131531 
236.676437 157.749313 
243.084641 161.973862 
236.676270 165.199036 
227.911789 164.740479 
175.573273 217.630066 
185.659729 215.597336 
193.826965 214.826767 
198.080185 217.125671 
203.732849 215.454437 
211.413849 217.635330 
220.266754 220.671265 
211.141800 226.279709 
202.888000 229.299072 
196.962891 229.776581 
191.650894 228.845291 
184.062546 225.242279 
179.832001 218.183029 
193.188919 219.795242 
197.731628 220.992615 
203.264618 220.177872 
215.808914 220.561737 
203.248917 219.775970 
197.639191 220.318512 
192.875015 219.530014 
