68 2
112.533379 53.927254 
113.470123 71.851624 
115.303749 90.312279 
119.466827 108.018539 
126.962944 123.971153 
138.525558 137.973083 
151.753799 149.740158 
165.273087 159.791046 
181.257584 163.041199 
197.721985 159.311142 
212.095215 148.528870 
225.928940 136.398254 
237.663300 122.649323 
245.995438 107.415115 
249.600067 90.488815 
251.634354 72.655876 
253.180069 54.483414 
125.445923 44.647556 
134.155426 36.042072 
146.590988 33.802544 
160.047577 34.528240 
172.061493 39.016491 
195.050110 38.614555 
207.779709 35.060314 
221.172058 35.213047 
233.443283 38.359528 
240.716476 47.092178 
182.830597 57.974068 
182.205627 71.106888 
181.547012 84.030029 
181.010071 97.021973 
165.512589 97.477379 
172.898148 101.622673 
181.260315 104.490143 
189.582809 101.958633 
197.102371 99.162544 
140.209122 58.856480 
147.247208 56.036770 
155.420593 56.107784 
163.505188 58.636002 
155.641739 60.726974 
147.405960 61.347431 
201.134491 59.614578 
209.165634 57.162884 
217.203064 58.061874 
224.043671 60.284775 
217.156540 62.340683 
209.005798 62.063583 
154.972595 111.998291 
165.922333 112.498138 
175.496536 112.938042 
182.114532 114.365204 
190.151062 113.700439 
199.831345 114.039566 
209.729736 113.872162 
199.593658 124.716026 
190.033554 129.640564 
181.720596 130.149902 
174.382950 128.849503 
165.060638 123.224449 
159.909683 113.132370 
175.327988 116.167061 
181.977310 117.594078 
190.116776 116.828072 
204.832001 114.733139 
190.279846 121.543510 
182.038986 122.037720 
175.020157 120.550995 
