68 2
104.727806 88.635345 
105.011192 104.032883 
107.693382 119.317474 
111.229767 134.135056 
116.110443 148.179871 
123.962875 160.281082 
134.165329 170.669769 
146.358398 178.663589 
159.710999 180.469284 
171.826355 177.729828 
182.461502 169.623795 
191.746719 159.372696 
198.746674 147.554718 
203.416901 134.826447 
207.192413 121.623184 
210.307739 108.005264 
212.025742 94.414948 
116.636543 78.809227 
125.098877 71.405373 
136.553314 69.019707 
148.113037 70.985191 
157.716064 76.785797 
172.301804 77.314568 
182.604004 73.197815 
193.187424 72.627594 
203.033371 76.387260 
208.196533 84.573044 
164.585587 88.835304 
164.160980 100.076683 
163.813873 111.045036 
163.486557 122.423988 
151.937286 127.380791 
156.844360 129.663879 
162.065216 131.733765 
167.094513 130.387115 
171.361633 128.777481 
127.759125 87.617096 
134.602234 84.015816 
142.475296 84.949974 
148.314209 91.270638 
141.481277 92.267632 
133.599365 91.588463 
176.865051 92.697212 
184.056274 87.094154 
191.577332 87.369171 
196.882385 91.879311 
191.644348 94.716660 
184.360703 94.575890 
140.131912 148.004807 
149.416977 145.287598 
157.149246 143.420593 
160.804398 145.074158 
164.871948 143.933853 
171.350861 146.762390 
177.481171 149.617966 
170.967102 154.924423 
164.722961 157.390869 
160.299911 157.981613 
155.883911 157.507660 
148.812958 154.551498 
143.423340 148.405075 
156.992157 149.378494 
160.590393 150.199936 
164.324432 149.742371 
173.980957 149.714890 
164.262924 149.544785 
160.360703 150.109131 
156.781784 149.641327 
