68 2
173.410889 77.309868 
174.873154 91.090240 
177.742722 105.536354 
180.822296 119.349945 
186.056335 132.532578 
194.416595 143.627960 
205.530243 152.457382 
216.919128 159.263245 
230.213455 160.373001 
242.547394 157.290710 
252.927734 148.647736 
261.955139 138.420029 
269.115967 126.183472 
272.282135 112.025513 
273.563141 98.396103 
274.302826 84.225281 
274.288086 70.587700 
181.445969 69.896080 
187.960175 64.012772 
196.447952 61.484051 
205.860580 62.078537 
214.615921 64.432533 
234.633820 62.604324 
243.654190 58.450821 
252.944443 56.081196 
262.220459 57.143692 
268.703247 63.007099 
225.379074 74.498718 
225.586258 83.261322 
225.908875 92.031670 
226.298767 101.109955 
215.385910 108.578613 
220.951004 110.162888 
226.903702 111.632828 
232.835999 109.877670 
238.321533 108.341766 
191.741211 77.811882 
197.703339 74.977859 
205.137268 74.481163 
211.201965 77.599022 
205.083984 79.895943 
197.763718 80.661644 
239.951599 75.515259 
246.296600 71.237823 
253.460968 70.934746 
258.949615 73.390656 
254.294815 76.723022 
247.180359 77.223717 
207.705292 128.549530 
215.717148 125.169487 
222.650818 123.200165 
227.492599 124.616333 
233.142654 123.083008 
240.801056 124.910797 
248.803711 126.980522 
241.604492 132.093552 
234.383118 134.636444 
228.282639 135.437180 
222.814301 134.772537 
215.711853 132.076874 
211.267624 128.259064 
222.808533 127.331665 
227.629776 127.901649 
233.515930 126.899101 
245.270294 127.387939 
233.703751 127.263237 
227.843567 128.352234 
222.849854 127.416817 
