68 2
130.578476 116.842545 
131.415253 137.122726 
133.958664 156.883301 
135.740906 176.673660 
140.291046 195.347092 
149.868469 211.462952 
163.226807 225.334061 
179.264816 237.406845 
199.706116 241.075333 
218.888840 238.254288 
234.730789 226.924377 
247.748215 211.753738 
257.259888 194.837143 
262.364716 175.574875 
265.205353 156.334656 
268.207062 136.400681 
269.180023 117.077377 
137.717438 104.883423 
146.500000 91.847641 
161.752762 86.156364 
178.233185 87.995354 
193.218781 94.463699 
211.175232 94.546783 
226.205322 89.029640 
241.949677 88.081001 
256.262360 94.104782 
264.227081 106.274612 
202.744537 111.818840 
202.459686 124.056610 
202.047256 136.253220 
201.533264 149.033493 
185.950027 159.933029 
193.562103 162.761551 
201.245483 165.140686 
208.972534 163.104294 
215.967087 160.887039 
153.807083 113.723686 
162.356369 106.954910 
173.726761 107.695023 
182.266312 117.004410 
172.774994 119.758110 
161.454987 119.458603 
220.670303 117.635010 
230.380539 108.549896 
241.487793 108.581955 
249.505783 115.846161 
242.461151 120.882973 
231.378693 120.854462 
171.314636 191.231262 
183.200180 187.233963 
193.195068 184.560684 
199.510605 187.115341 
206.246368 184.784912 
216.753113 188.514465 
228.529404 193.422134 
217.092590 200.304886 
207.441635 201.352112 
199.958801 201.669891 
192.577087 201.205475 
182.335098 198.861588 
175.319748 192.076935 
192.702820 192.016113 
199.671326 192.729309 
206.779343 192.156616 
224.248352 193.892883 
206.851959 192.299072 
199.681747 192.998367 
192.734436 192.309158 
