68 2
135.739090 104.411354 
136.391907 122.041328 
138.943909 140.009735 
143.461929 156.230362 
150.006500 171.810043 
159.417786 185.906357 
171.550491 198.205551 
184.935059 208.539566 
200.836105 212.269852 
217.017426 209.880234 
231.292831 201.151428 
243.894958 189.748978 
253.822693 174.618484 
261.327332 158.587021 
266.065247 142.104340 
269.267059 125.043320 
271.082672 107.378426 
149.400009 95.374176 
158.461868 87.969482 
170.544373 86.081245 
183.291565 87.475227 
194.431946 92.331528 
214.289139 91.644875 
225.999374 87.595062 
238.087509 86.803452 
250.341873 89.146553 
258.792786 96.021706 
203.249420 106.915611 
202.351288 119.330757 
201.473877 131.638702 
200.696732 144.048767 
187.745255 145.489197 
193.759415 148.703308 
200.971802 151.173584 
208.702148 148.772995 
215.452362 145.607788 
163.332275 108.374908 
170.360138 105.844505 
178.044434 105.894142 
185.149063 108.833672 
177.989563 110.482155 
170.368759 110.849838 
221.807922 109.148506 
229.405212 106.434540 
236.593643 106.893242 
243.000900 109.130035 
236.550430 111.112236 
229.382950 110.977798 
181.037781 163.921890 
187.773071 160.145065 
194.834076 157.436447 
202.126221 158.128235 
210.762482 157.753174 
218.726456 160.523117 
225.657654 165.442200 
218.213882 175.306229 
210.075500 181.096375 
201.313599 182.603317 
193.284607 180.975113 
186.785660 174.852539 
186.178772 164.444778 
194.645157 161.764938 
201.916428 161.738220 
210.577957 161.821686 
220.735367 165.368073 
210.699020 172.117081 
201.817078 173.846436 
194.229477 171.749084 
