68 2
144.108353 64.202805 
145.859665 78.527611 
148.950714 93.031540 
152.614044 106.845551 
158.468033 119.463638 
167.348206 130.020752 
177.951355 138.403885 
190.315674 144.127502 
204.440353 143.873856 
217.011276 140.087601 
226.640320 130.741318 
234.279892 120.306480 
239.981171 108.189789 
242.825867 94.880371 
243.466034 81.743774 
243.471512 68.448601 
242.627365 55.679039 
151.789093 51.481327 
157.995789 44.993191 
167.137634 42.721004 
176.900345 43.649212 
185.824615 46.899563 
205.119202 45.271416 
212.542542 40.057613 
220.808929 36.788021 
229.429199 37.371445 
235.529160 42.544361 
196.685059 55.898716 
197.386322 65.699760 
198.238632 75.448502 
199.054459 85.403015 
186.574081 89.361885 
192.671982 91.700302 
199.540146 93.263794 
205.950668 90.407829 
211.402710 87.227348 
163.854202 60.176826 
169.438904 56.865448 
176.400940 56.663036 
181.999496 60.007622 
176.263947 62.110771 
169.426270 62.502239 
210.066055 57.536404 
215.612030 53.270107 
222.102295 52.621395 
227.029602 55.009892 
222.998566 58.232525 
216.653641 58.856514 
180.987274 111.884132 
187.606216 105.773613 
194.738251 102.647041 
200.420380 103.284515 
206.428589 101.703598 
213.160614 103.369537 
219.620148 107.845009 
214.281433 113.672279 
208.050995 116.530136 
201.706726 117.736938 
195.747620 117.635414 
188.429047 115.790840 
184.830490 111.103874 
195.242432 107.990921 
201.082764 107.922279 
207.030655 107.156136 
215.967422 107.973320 
207.264481 109.421829 
200.937210 110.693329 
195.287292 110.285721 
