68 2
108.059296 69.706894 
111.939346 83.734459 
116.796547 97.098633 
122.722694 109.514191 
131.345642 119.807465 
142.936172 128.009933 
156.114243 133.710159 
169.714844 137.208145 
182.688309 135.628235 
192.691162 130.995178 
198.613861 120.955353 
203.671570 110.276649 
206.207230 98.772720 
207.013580 86.850716 
206.372391 74.941376 
205.024567 62.976727 
202.321442 51.306957 
123.795898 61.376831 
130.314896 54.055527 
139.887024 50.050671 
150.462769 48.878746 
160.681686 49.486557 
172.256012 45.319511 
180.071640 41.123093 
187.852280 38.871525 
195.472931 39.159283 
200.378830 44.352905 
168.590042 55.141590 
171.123566 62.366516 
173.892609 69.597076 
176.708633 77.130035 
165.050018 87.309395 
170.784637 87.514534 
176.497086 87.411049 
181.021774 85.594780 
184.711411 83.472511 
135.883759 64.919670 
141.123398 61.129196 
147.332855 59.545349 
153.260681 61.219231 
148.321869 63.598965 
142.186493 65.317345 
176.618301 56.047234 
181.463959 51.562561 
187.259308 50.576084 
192.089920 52.115894 
188.415192 54.807880 
182.799149 56.097645 
160.477844 107.710297 
167.106964 102.489388 
173.539261 99.253960 
178.162048 99.741058 
182.794464 97.661591 
188.844208 98.579376 
194.075836 100.988770 
189.977448 106.423645 
185.168686 110.302422 
180.280518 111.912521 
175.537521 112.216843 
168.474030 110.696411 
163.585129 106.713905 
174.140228 101.912453 
178.360352 101.606804 
183.007187 100.254585 
191.156921 101.311935 
183.948456 105.003006 
179.388504 106.503433 
174.956116 106.678207 
