68 2
106.896454 124.092407 
107.675346 145.434021 
110.139496 166.254578 
113.221680 186.233414 
118.552528 205.381851 
127.061958 223.050415 
141.196289 237.744110 
157.826691 248.606094 
178.601059 252.038406 
200.044189 249.785049 
219.030945 240.133087 
235.990234 228.000671 
248.441299 212.169937 
256.480194 193.097107 
261.139282 173.216217 
265.445679 152.549164 
268.359375 131.521591 
113.998100 102.596085 
123.492035 89.028008 
139.864532 84.099495 
157.243134 85.969818 
173.771790 91.531548 
199.994049 91.889824 
216.737152 87.342209 
233.157288 85.840973 
249.479004 90.858643 
259.415039 104.173096 
185.543884 106.315033 
184.649490 115.335381 
183.621460 124.207115 
182.477478 133.926437 
165.821152 150.868729 
174.065460 153.072571 
182.428177 154.944702 
191.806183 153.640579 
200.381897 151.374680 
131.752411 114.953941 
140.137100 108.688370 
151.000488 107.644409 
160.923264 112.967567 
151.439850 115.335487 
140.956818 116.420815 
210.510742 113.627663 
220.627747 108.659538 
231.108047 110.034248 
239.141083 116.102158 
230.844345 117.243584 
220.509171 115.977386 
149.691422 191.563675 
161.253006 181.268738 
173.417053 176.698898 
181.802673 179.447296 
191.535034 177.612595 
204.693375 183.220673 
217.400879 192.886154 
204.533386 205.050568 
191.210220 208.870331 
180.502594 209.257492 
171.219025 207.877213 
159.775299 203.073792 
155.564453 191.215576 
173.322906 185.628662 
181.784317 186.365341 
191.516052 186.360229 
211.964615 192.923645 
191.248886 196.593292 
181.014053 197.012085 
172.367615 195.700409 
