68 2
174.782928 70.174294 
176.326645 84.941986 
179.040955 99.299957 
181.864273 113.668343 
186.726822 126.913414 
195.525604 138.154709 
207.190933 147.419006 
219.908829 155.026337 
234.055603 156.162216 
247.006210 152.544006 
256.971893 142.813950 
265.559998 131.967712 
272.045135 119.787811 
274.604126 106.265297 
276.030151 92.709244 
277.159424 78.734100 
277.296753 65.082756 
183.720673 61.833088 
190.807968 56.188877 
199.990784 53.469315 
210.004868 53.722729 
219.585251 55.709129 
241.736389 54.122486 
250.177811 50.178738 
259.093506 48.174248 
267.732605 49.508804 
273.927948 54.626083 
231.338455 64.721344 
231.742401 73.196930 
232.235428 81.576767 
232.805313 90.277916 
221.813629 98.790680 
227.073654 100.189522 
232.754745 101.518044 
238.369598 100.296234 
243.673523 98.897369 
195.262817 69.578575 
201.325134 65.784256 
209.051651 65.068512 
215.495956 68.571671 
209.129013 71.368118 
201.527771 72.369789 
245.263641 67.017853 
251.741272 62.450874 
258.989929 62.296272 
264.240112 65.264626 
259.720825 68.608269 
252.567902 68.808075 
214.061676 121.930878 
222.553070 117.581329 
229.775360 114.717255 
234.001709 116.180138 
238.752716 114.674522 
245.893829 117.397858 
253.407654 120.796684 
246.696671 127.339859 
239.975037 129.674835 
234.528641 130.409103 
229.509872 129.824921 
222.119110 127.358170 
218.092041 121.398140 
229.948105 119.174232 
234.203964 119.827377 
238.954285 119.142876 
249.596680 120.912178 
239.182449 121.994789 
234.118790 122.918617 
229.712723 122.045097 
