68 2
174.135620 100.467888 
174.766159 112.451195 
176.620956 124.328667 
179.810410 135.623627 
183.906143 146.346954 
189.607254 156.108810 
197.787308 164.364639 
206.964462 170.665909 
218.985535 172.301697 
231.006210 169.723160 
241.076447 163.039001 
249.502380 154.780655 
255.431366 144.748077 
259.117981 133.738953 
261.496460 122.718719 
262.914795 111.512924 
263.618652 99.888863 
180.856964 89.733871 
185.861191 84.614655 
193.496964 83.042313 
201.206940 84.640717 
208.063507 87.775375 
226.586487 87.617210 
233.959747 85.330719 
241.323837 84.102814 
248.709930 85.512062 
253.739365 90.198296 
217.690872 97.057610 
217.781067 103.118439 
217.987366 109.156532 
218.199707 115.451134 
209.969849 123.075287 
213.856598 124.404015 
217.855377 125.270721 
222.274750 124.367279 
226.285141 123.027710 
189.834625 98.876755 
194.527802 95.758141 
200.623703 95.871445 
205.824524 99.353920 
200.279724 100.974396 
194.237244 101.166008 
229.965958 99.334137 
235.613556 96.180382 
241.394257 96.488152 
245.692688 99.627342 
241.270432 101.664879 
235.431046 101.243355 
203.182785 141.887878 
208.387527 136.823120 
213.533310 134.157761 
217.564377 134.956955 
222.125229 133.829666 
227.924667 136.663940 
233.188095 141.475845 
227.855286 144.959152 
222.414688 146.580399 
217.874100 147.311676 
213.582901 147.239883 
208.453110 146.016907 
206.195007 141.632263 
213.422394 138.365875 
217.626694 138.178650 
222.437592 137.889053 
230.162247 141.168381 
222.648544 140.774628 
217.854797 141.646072 
213.584747 141.538635 
