68 2
120.107056 127.912857 
120.158691 147.807236 
122.994720 167.960342 
126.746773 187.046204 
132.770416 204.864960 
142.391785 220.805313 
156.183350 233.607254 
172.513138 241.297668 
191.596039 243.202087 
210.363770 239.742493 
225.999191 230.883163 
239.303391 219.149673 
249.371857 203.914108 
255.716553 185.927658 
259.053223 168.119751 
260.240936 149.030792 
259.940186 129.917297 
130.230438 113.063622 
139.007233 105.188980 
151.945831 104.219437 
164.474884 105.570229 
176.447296 108.572540 
210.543533 107.238098 
222.293289 104.679237 
233.304550 104.118866 
243.553772 105.743950 
250.616776 112.198402 
192.417480 120.871063 
192.124207 132.943054 
191.964951 145.397888 
191.856674 158.084167 
176.382629 166.257751 
183.649841 168.082687 
191.346298 169.897766 
199.263351 168.604691 
206.357971 167.385056 
144.533630 125.650078 
151.617203 120.908203 
160.835876 121.171646 
168.334549 126.510063 
160.421204 128.679550 
151.190613 128.960342 
214.981262 125.994247 
222.596603 120.151161 
231.540848 120.598785 
238.326309 125.400284 
232.047577 128.262970 
223.212631 127.968300 
165.315887 197.789642 
173.304916 189.286621 
182.480728 185.337906 
189.503281 187.360138 
197.559509 185.773804 
206.907898 190.395020 
214.951477 197.683014 
207.364197 206.320084 
197.917908 209.174591 
189.510025 209.820419 
181.732132 209.284531 
172.746140 205.720627 
170.766357 196.501862 
182.965271 193.680573 
189.673264 194.651367 
197.450790 194.092957 
208.905029 197.501572 
197.409592 197.324814 
189.723206 198.216156 
182.894699 197.454895 
