68 2
107.396919 136.896103 
108.908455 150.647537 
111.886879 163.980423 
115.500732 177.059052 
120.104950 189.202011 
126.885902 200.087433 
136.185486 208.938126 
147.319885 214.820740 
159.891769 216.189270 
171.547165 213.680099 
181.447937 206.666763 
189.319519 198.011826 
194.389511 186.491211 
198.134720 174.298126 
201.248764 162.714493 
203.654236 150.462891 
204.408798 137.817200 
116.159584 125.559151 
123.130898 117.948296 
133.538727 115.106827 
144.250183 116.020958 
153.669632 119.791588 
165.943069 119.548988 
174.938980 116.272858 
184.496216 115.623970 
193.488998 118.176811 
199.038132 124.617706 
160.312378 130.936218 
160.770767 140.219482 
161.144089 149.219574 
161.629730 158.514465 
151.791321 166.671280 
156.247849 167.562302 
160.755005 168.493637 
164.771271 167.677353 
168.506912 166.565491 
127.416939 132.900543 
133.341980 129.381607 
139.941055 129.727844 
145.442383 134.277435 
139.733643 135.204742 
132.918335 135.127716 
172.276871 134.002197 
177.770798 129.317490 
184.040756 129.214722 
188.938828 132.556732 
184.492661 134.602341 
178.386169 134.798904 
144.528976 188.290466 
150.452728 183.113739 
156.900452 179.732529 
160.842667 180.564117 
164.808075 179.659485 
170.087372 182.863525 
174.547852 187.595566 
170.242371 194.924530 
165.038376 198.874695 
160.606262 199.873993 
155.955490 199.283127 
149.791962 195.987747 
147.619690 187.830307 
156.991669 183.445618 
160.698639 183.497772 
164.538589 183.396194 
171.665237 187.528244 
164.455475 191.918640 
160.516174 193.146851 
156.572311 192.391602 
