68 2
123.801704 105.339447 
125.575439 126.070488 
128.113739 146.604446 
131.228943 166.512085 
137.820847 185.022934 
147.057434 202.059479 
159.386963 216.661194 
173.882050 227.044495 
193.303223 230.376678 
212.853607 227.420441 
228.607071 215.790039 
241.568008 200.788300 
251.176697 184.156754 
256.968964 166.591522 
261.249786 148.305267 
265.417114 129.276749 
268.424194 109.509857 
132.506165 93.539101 
142.891144 83.775116 
157.747681 83.000069 
172.346146 87.584030 
186.704453 93.419495 
211.452606 93.189301 
225.508240 88.873428 
238.677795 85.103020 
251.940353 85.327972 
261.090363 93.348541 
199.211319 104.505676 
198.687485 115.903717 
198.117889 127.209419 
197.661896 139.276306 
182.148407 150.298904 
189.334717 152.522568 
196.879120 154.444260 
204.954330 152.954498 
212.184036 150.573410 
148.918259 109.937004 
157.392212 107.952240 
166.664597 107.468719 
175.400986 108.719330 
166.508194 111.248306 
157.411682 112.065109 
219.600037 108.953178 
228.831055 108.149849 
237.588211 109.059563 
244.890900 110.505486 
237.357285 112.329124 
228.582092 111.530922 
169.095032 182.039276 
180.157089 177.007828 
189.679092 174.387344 
196.775208 176.668427 
205.117737 174.502380 
214.012146 177.324829 
222.403488 182.237137 
213.338013 190.437927 
204.332840 193.598969 
195.643219 194.234146 
187.774200 193.674744 
178.429031 190.187454 
174.241760 182.094894 
189.441116 181.353577 
196.485550 182.542831 
204.909698 181.469589 
216.946350 182.435623 
204.824432 182.314514 
196.357513 183.086121 
188.948074 182.176071 
