68 2
107.073364 141.482574 
108.069809 154.560623 
110.589462 167.304504 
113.960175 179.497040 
118.197601 190.802658 
125.163155 200.936646 
135.348175 207.884995 
147.543457 212.294861 
160.786789 212.557556 
174.586502 209.203964 
186.666779 203.222565 
197.194275 195.809418 
204.326096 185.704422 
208.486633 174.064911 
210.784119 162.000305 
211.958740 149.983963 
212.511444 138.056747 
114.808090 120.269806 
121.169464 113.786812 
129.985291 110.665504 
139.783005 111.666847 
148.585327 115.607056 
166.357849 115.114166 
174.689758 111.108772 
183.702515 109.588539 
192.692490 111.254593 
199.396790 116.622261 
156.586105 127.147865 
156.051422 131.702499 
155.642990 136.099136 
155.324158 141.045074 
149.652664 154.093811 
153.033997 154.250244 
156.528320 154.240021 
160.306366 153.855194 
163.794693 153.081284 
125.104706 133.434021 
130.409042 128.889023 
137.232635 128.256119 
143.276855 131.444366 
137.556442 133.938690 
130.864853 134.817230 
171.302414 129.591034 
177.186935 125.750160 
183.814224 126.195107 
188.867020 129.992126 
183.792374 132.089386 
177.336884 131.765625 
142.333633 180.846512 
147.038666 170.674454 
153.154022 164.870193 
157.274719 165.361221 
162.034042 164.423965 
169.802353 169.765381 
176.258072 178.463867 
170.403168 184.163910 
163.437149 186.505402 
158.523468 187.380997 
154.023026 187.577560 
147.706085 185.847733 
145.796494 179.702362 
153.709045 171.966827 
157.767365 170.987213 
162.916382 171.357010 
173.033630 178.027252 
163.055450 178.472183 
157.826843 179.261841 
153.799103 179.313965 
