68 2
107.549812 113.358063 
108.459930 137.275818 
112.555428 160.185608 
117.529785 183.630295 
124.571747 206.210632 
137.372498 226.234528 
157.048950 241.226700 
180.699448 250.639954 
205.772232 252.858856 
231.466034 248.421692 
253.724884 236.746414 
271.410156 220.199829 
282.241852 198.963943 
288.359131 174.910110 
290.874847 152.153717 
292.605530 129.413910 
292.712372 106.798981 
122.464149 82.698524 
132.312225 67.065094 
149.145523 58.927902 
168.062592 60.141556 
185.483856 66.720734 
215.131607 65.006889 
232.581711 58.625690 
250.549728 57.530838 
267.542847 63.849480 
278.007172 77.477043 
202.229309 87.100433 
202.078430 99.786621 
201.870361 112.328957 
201.730301 125.762955 
183.364075 144.049927 
192.470306 147.256989 
202.018448 149.922134 
211.582764 146.926071 
219.961639 143.506897 
143.120789 100.096649 
154.047852 93.168221 
166.659683 92.527161 
178.733902 99.250092 
166.927017 102.506577 
154.570419 103.064651 
224.850449 97.831299 
237.014297 90.784096 
249.215302 90.971428 
259.421509 97.061386 
249.497742 100.036171 
237.498642 100.035149 
160.685059 184.990082 
176.083588 172.495422 
192.158493 166.584396 
201.998413 168.129364 
212.516083 166.026550 
229.345627 171.964783 
244.801834 181.832428 
231.229706 199.053787 
215.912445 207.541031 
204.319885 209.708252 
192.968704 208.685883 
176.331070 201.030685 
165.908585 184.998810 
192.129257 175.316467 
202.036209 175.131088 
213.421707 174.298950 
239.918732 182.423004 
215.046814 194.896500 
203.513626 197.125473 
192.800140 196.452988 
