68 2
101.153938 97.090942 
102.480431 112.641144 
106.200874 127.730499 
110.724960 142.589172 
116.737198 156.400940 
125.181816 168.095215 
135.682449 178.822098 
148.356003 186.399704 
161.983673 187.112946 
174.187683 183.823502 
183.984177 174.993271 
192.380127 164.340546 
198.637650 151.884308 
202.817856 138.665283 
205.835205 125.268394 
208.345810 111.128296 
209.558777 96.980560 
112.656624 85.279518 
120.688492 77.644287 
131.872589 74.761108 
143.560211 75.992081 
153.712540 80.807373 
168.345764 80.575981 
178.682037 76.712090 
189.226929 75.723854 
199.147812 78.732262 
205.020584 86.219292 
160.899353 93.812775 
161.208298 104.909233 
161.612000 115.705566 
162.063156 126.740112 
151.484528 132.538422 
156.178665 134.377167 
161.327545 136.046005 
166.015839 134.605286 
170.012634 132.807953 
124.025055 94.213921 
130.554703 89.974174 
138.745224 90.517448 
144.909775 96.591934 
138.027451 98.231255 
130.044540 97.992371 
174.134430 96.255829 
180.646164 90.333427 
188.209503 90.193726 
193.832993 94.485123 
188.998581 97.795433 
181.597656 98.022850 
144.390427 156.001083 
151.029449 149.745712 
157.431854 146.248596 
161.177765 147.603256 
165.193710 146.540298 
171.027771 150.654022 
175.893204 155.868484 
171.041931 163.197403 
165.824203 166.543671 
161.336212 167.271057 
156.749939 166.522278 
150.837296 162.874634 
148.718216 155.580032 
157.640381 152.163712 
161.177032 152.791519 
164.911453 152.512405 
172.073700 155.824112 
165.001587 156.962830 
161.056519 157.770691 
157.330826 156.801437 
