68 2
84.593925 93.260033 
84.245255 110.738495 
85.698395 127.392853 
87.649040 144.268341 
91.151642 160.804901 
98.292938 175.137772 
110.607323 186.664825 
126.635094 194.891357 
144.827591 197.676437 
162.662613 196.092346 
178.691223 189.712326 
192.159729 178.937637 
200.461700 165.149216 
205.930634 149.251175 
209.678177 133.404297 
212.594299 117.001045 
213.972198 100.725243 
97.166229 79.003029 
106.351997 71.923279 
118.332672 69.943665 
130.223892 72.685944 
140.762527 77.892456 
162.767792 77.677917 
174.378418 73.913277 
186.126633 72.680931 
197.234909 75.349312 
204.600983 82.680840 
151.821915 93.376953 
151.012527 104.594009 
150.281815 115.824615 
149.546234 127.265099 
136.122940 133.621521 
142.257919 136.924652 
148.782547 139.619110 
155.604156 137.354919 
161.573914 134.545151 
111.162422 93.888649 
118.857368 90.262543 
127.681412 90.826485 
134.902374 96.855133 
126.956650 98.754028 
118.121368 98.083862 
166.868820 98.271393 
175.066559 92.882881 
183.331253 93.062866 
189.889755 97.831886 
183.691833 101.029655 
175.385956 100.768417 
121.862236 155.692078 
133.471176 151.839676 
142.472488 150.405853 
147.351547 152.559723 
153.166824 151.154480 
161.643600 153.617844 
171.806946 157.521378 
161.527054 162.310364 
153.034531 164.271729 
146.737625 164.534103 
140.997040 164.012848 
132.269302 161.819763 
125.793182 156.196106 
141.936783 156.261353 
147.161728 156.968933 
153.233200 156.725037 
167.510361 157.883469 
153.149704 156.554428 
147.029938 156.752304 
141.804977 156.488678 
