68 2
109.493477 105.311844 
109.886559 124.632729 
111.887802 143.745270 
116.317886 161.786118 
123.911880 178.268799 
133.711319 192.482697 
146.461731 204.987686 
160.303192 215.292770 
176.561874 218.497177 
191.787292 216.291031 
204.089188 206.056168 
214.968781 194.039001 
223.316360 180.218201 
228.950195 164.669617 
232.630402 148.587921 
236.416779 131.191055 
238.187286 113.863770 
124.673256 89.193848 
133.203278 82.106659 
144.298172 80.067535 
156.396896 81.570892 
166.717987 86.915543 
196.017426 88.454727 
206.729996 84.163979 
217.974823 84.090118 
227.899139 88.915489 
232.920227 97.492096 
180.177139 105.927216 
179.569565 118.246025 
178.922485 130.421097 
178.532440 142.759277 
166.343536 149.643494 
171.927597 152.259491 
177.771347 154.179504 
183.730164 152.987686 
189.169998 150.921204 
138.023972 105.806679 
145.323563 101.290527 
154.625061 102.008598 
161.528412 107.957047 
153.802292 109.919754 
144.707779 109.705551 
195.677597 110.183868 
203.786118 105.136307 
212.642303 105.494087 
218.627441 110.787949 
212.436768 113.693558 
203.855835 113.017693 
157.532440 178.672012 
164.565140 172.981445 
170.942902 170.025940 
177.288177 171.818115 
184.545715 170.599136 
191.145020 174.301498 
195.918915 180.014206 
191.298111 185.682556 
184.598816 189.285995 
177.170471 190.330505 
170.329758 188.843109 
164.114731 185.226089 
161.560623 178.573639 
170.324112 175.506042 
177.152939 176.046555 
184.944870 175.915009 
192.409088 179.237366 
185.303467 179.382385 
177.563248 180.726624 
170.647461 179.075897 
