68 2
109.902351 61.020073 
110.467491 77.747803 
112.130386 94.844139 
116.381889 110.712982 
123.612221 125.698990 
133.231247 139.385834 
144.939651 151.792252 
157.632019 161.669296 
172.986542 164.431335 
188.490295 161.614456 
202.846512 152.282440 
215.795990 141.021149 
227.053192 127.749039 
235.902618 113.073204 
240.757217 96.675011 
243.516632 79.056000 
245.406067 61.440159 
120.433502 49.905899 
128.680771 41.845795 
140.547089 40.104691 
153.363388 41.570999 
164.487457 46.584423 
183.749680 46.621216 
196.364792 41.639595 
209.410568 40.621311 
222.393860 42.675091 
230.874588 50.005222 
173.662506 60.652229 
172.736115 73.801521 
171.704315 86.756142 
170.627075 99.900917 
157.797607 100.807304 
164.113678 104.757629 
171.779755 107.127716 
179.923309 104.652885 
186.877472 101.522339 
133.942291 63.247139 
140.988617 61.016926 
148.647949 61.011257 
156.229599 63.014141 
148.755661 65.048492 
141.073166 65.581787 
192.465698 63.364029 
200.442474 61.559795 
207.837967 62.245003 
214.629639 63.908237 
207.987610 65.752266 
200.378510 65.559601 
153.264114 118.698700 
161.119873 116.961670 
168.181198 116.380577 
173.148178 117.879044 
179.404602 116.815903 
187.675919 118.229057 
197.183731 119.943657 
187.905212 130.365326 
179.724854 134.970322 
173.174286 135.420715 
167.506332 134.550186 
160.584091 129.734833 
158.098923 119.284943 
168.251709 119.451698 
173.296829 120.795670 
179.171188 119.909561 
192.198532 120.679604 
179.399094 125.510529 
173.280090 125.873672 
168.010498 124.603760 
