68 2
114.812416 93.436172 
113.831070 115.430473 
114.952423 136.994843 
116.902779 159.325226 
121.109756 181.244965 
130.945053 201.105652 
148.234253 217.182922 
170.169464 228.572815 
195.919907 233.011688 
223.019333 231.468048 
247.660614 223.552673 
267.479797 210.250916 
280.401398 190.887634 
288.059387 168.205948 
291.337341 145.740189 
293.324371 123.964630 
293.641846 103.233612 
131.516815 65.968971 
142.805969 51.295219 
160.336929 44.347351 
179.183014 46.543804 
195.923035 54.481956 
224.739044 55.201435 
241.920349 50.652187 
259.474945 51.408394 
274.816010 60.058403 
283.255737 74.492546 
210.943665 75.490204 
210.229019 87.623070 
209.507828 99.785370 
208.849457 112.610062 
187.591660 129.188950 
196.854980 132.733780 
206.242416 136.307770 
216.118301 134.232101 
224.928024 132.105026 
151.538513 82.072411 
162.348160 75.438629 
174.470535 75.964066 
185.762070 84.153091 
173.835236 85.748924 
161.886887 85.321396 
231.200439 86.900002 
243.060852 79.860664 
254.969345 80.871643 
263.826813 88.095459 
255.025803 90.175934 
243.383270 89.677063 
161.062592 163.309189 
178.072968 154.544250 
194.065430 151.126144 
203.479614 153.378983 
214.566742 152.830780 
230.080841 158.935684 
244.009979 167.873154 
228.563782 180.147141 
212.851212 185.619598 
200.604431 186.099060 
190.132980 184.095551 
175.024185 176.477036 
166.233566 164.174057 
193.232605 159.341095 
202.761932 160.104660 
214.499084 160.760391 
239.277100 168.583954 
213.632385 174.498596 
201.501160 175.409912 
191.600693 173.888763 
