68 2
165.913269 110.345558 
166.940491 123.229576 
168.675186 135.692825 
170.604630 148.399521 
174.414658 160.234940 
180.928726 170.464859 
188.981018 179.640823 
198.558167 187.710556 
210.850372 189.667511 
222.658951 187.675598 
233.125763 180.068054 
242.192307 171.698563 
249.530548 161.928024 
254.232590 150.837814 
257.378052 138.667542 
259.832153 126.669327 
261.865540 114.477020 
172.058807 101.138931 
177.640564 94.393372 
186.383362 92.066254 
195.654678 93.742111 
204.078613 97.572212 
223.010086 98.961334 
231.727127 96.215508 
240.314560 95.443512 
248.407303 98.213509 
253.810379 104.338409 
213.004730 108.835114 
212.532990 117.188683 
212.059875 125.426514 
211.582138 133.896072 
201.742081 139.836884 
206.343292 141.565475 
211.211975 143.121201 
216.280838 141.912491 
221.067917 140.882263 
181.089783 109.994598 
187.138077 107.176788 
194.193192 107.451370 
199.927536 111.484146 
193.656494 112.897896 
186.640930 112.812286 
225.918274 113.055008 
232.629776 109.668198 
239.444397 110.332680 
244.361053 113.631516 
239.323410 115.646606 
232.595352 115.041153 
193.114853 156.393433 
200.191147 152.855835 
206.955750 150.947815 
211.552673 152.325211 
216.549286 151.490540 
222.911728 154.242554 
229.078583 158.207214 
222.444626 165.538055 
215.945679 168.803223 
210.495285 169.536545 
205.297134 168.940857 
198.587097 165.378983 
196.199371 156.724686 
206.662521 154.749619 
211.385986 155.255264 
216.506516 155.146912 
225.761230 158.128143 
216.011169 162.037155 
210.629150 162.692581 
205.659668 161.884735 
