68 2
120.921440 125.057983 
123.109970 143.961182 
126.369843 162.230286 
129.560715 180.511703 
135.588303 196.892715 
146.935257 210.927856 
162.188599 221.340912 
178.827560 229.678711 
197.346985 231.965790 
215.231476 228.770096 
229.386292 218.840881 
240.551544 206.731674 
247.606750 191.360519 
251.053436 173.929214 
253.192657 157.095886 
255.837677 139.241379 
256.650116 121.573105 
132.711319 103.232635 
140.716385 93.027222 
153.518005 89.223572 
166.969177 90.361298 
178.758820 95.551956 
207.349792 95.644661 
218.982254 90.900131 
231.041687 90.611412 
242.099472 94.206093 
248.611816 103.199867 
194.146790 112.694710 
194.520782 124.478600 
194.972519 136.082947 
195.238892 148.065842 
179.258087 156.633133 
186.985229 158.665146 
194.949554 160.029572 
202.357697 158.497864 
208.791458 157.079041 
147.691895 117.739937 
154.983047 112.735313 
163.991486 113.295624 
171.698624 118.344322 
163.667145 120.614349 
154.869904 120.994438 
209.934021 117.909149 
217.510101 112.008125 
226.620667 112.297272 
233.781952 116.450768 
227.175964 119.560738 
218.395294 119.844238 
170.214172 185.832245 
178.255768 178.982162 
186.545197 175.315338 
193.890121 176.788254 
202.346268 175.821198 
211.629837 180.237854 
219.711014 186.853943 
212.300903 194.879837 
203.828323 198.401123 
194.976730 199.092575 
186.820755 197.890549 
178.395370 193.738998 
174.314758 185.388489 
186.594086 180.354019 
194.066956 180.594421 
202.991943 180.723175 
216.083206 186.709152 
203.540222 189.867981 
194.762726 190.938889 
187.076813 189.466858 
