68 2
161.953369 90.960411 
162.437912 103.657982 
164.188416 116.440414 
166.771210 128.873398 
170.342636 140.940231 
176.440598 152.197586 
183.968079 162.192398 
193.912476 169.922562 
205.411102 172.649963 
216.889084 170.622574 
227.143753 163.666122 
236.206223 154.961044 
243.275696 144.354782 
247.979004 132.440598 
251.208328 120.743881 
253.899582 108.111893 
255.916428 95.260536 
171.221375 79.442764 
178.090057 74.340164 
186.941833 73.298454 
195.974197 74.974380 
203.794983 79.123009 
215.465836 79.285553 
224.512558 76.160202 
233.688293 75.492111 
242.447266 78.260674 
248.199982 84.281197 
209.008972 89.784500 
208.454834 98.497101 
207.820374 107.171211 
207.178879 116.117340 
199.100510 122.021690 
203.018723 123.477570 
207.074753 124.774239 
211.303925 123.631279 
215.119614 122.712456 
180.813766 89.402771 
186.500000 86.621986 
192.778259 87.280975 
197.535339 91.908882 
192.013290 92.584106 
186.048279 91.988701 
220.930618 92.575119 
226.449402 88.402466 
232.498535 88.423920 
237.346817 91.839943 
232.713806 93.615387 
226.997391 93.687164 
189.039169 140.423325 
195.409592 136.491776 
201.941483 133.709869 
205.861084 134.646957 
210.490509 133.889816 
217.229355 137.596756 
223.039276 141.934860 
217.457138 148.185532 
211.173859 151.820908 
206.296371 152.601669 
201.540955 151.523987 
195.224579 147.362167 
191.604584 140.733749 
201.714874 138.288147 
205.893524 138.216919 
210.819717 138.347977 
220.787933 141.991531 
210.973984 145.539719 
206.159149 146.514130 
201.687668 145.383118 
