68 2
165.546692 126.091217 
168.687088 139.152283 
172.801102 151.423798 
177.459244 163.297501 
183.652039 173.869308 
192.720047 182.872910 
204.270584 189.050919 
216.991028 193.425583 
230.029846 193.090103 
240.739075 189.533051 
248.424637 181.592468 
254.201447 171.558807 
257.987854 160.727097 
259.529175 149.356567 
260.121063 137.660690 
260.236237 126.173248 
259.194489 114.694366 
178.668945 113.099922 
185.761719 107.247299 
194.474548 105.083160 
203.459137 105.052101 
212.213791 106.856644 
231.215012 104.465141 
237.702988 100.933800 
244.216614 98.903320 
250.492737 98.758705 
254.951202 102.545219 
224.491043 115.485924 
226.447601 123.234062 
228.483459 130.942215 
230.564667 138.825943 
218.731140 146.076965 
224.220459 147.098114 
229.663254 147.845947 
233.774139 145.866379 
237.263977 143.381042 
191.354858 121.949547 
196.960022 118.547577 
203.332138 117.545197 
208.917175 120.072472 
203.706848 122.320587 
197.433823 123.439751 
234.237518 116.973114 
239.767227 113.309769 
245.435577 112.561607 
249.714920 114.443848 
246.214218 117.464951 
240.512207 117.993683 
208.818451 164.865479 
216.521729 160.488861 
223.894806 157.935303 
229.318817 158.820236 
234.584442 157.056244 
239.656815 158.076004 
243.935822 160.567566 
239.900177 164.854233 
235.090820 167.607529 
229.820496 168.937424 
224.246262 169.129700 
217.034149 168.158234 
211.923965 164.579407 
223.843124 162.654846 
229.557312 162.375259 
235.149246 161.264832 
241.284592 160.929703 
234.803299 161.454437 
229.156006 163.222565 
223.456711 163.176575 
