68 2
144.189346 117.121529 
145.860428 135.162659 
148.522675 152.894684 
152.582520 169.236603 
159.060135 184.899002 
167.990295 199.104156 
179.424866 212.004395 
192.088226 221.974686 
207.365128 225.493973 
223.778488 223.123505 
238.849289 214.658600 
252.420029 204.384354 
263.191010 190.465607 
270.861267 174.903442 
275.584503 158.430313 
279.426147 140.704208 
282.494202 121.517853 
153.988449 104.407036 
163.208664 98.921219 
174.462753 98.817581 
185.875000 100.834518 
196.300949 106.178551 
222.958481 106.193222 
234.507294 101.920776 
246.299316 100.496483 
258.087067 102.474266 
266.744019 108.821167 
208.041321 119.686836 
206.860168 133.791595 
205.660294 147.814621 
204.577698 161.715469 
191.763000 160.959595 
197.938370 165.542542 
205.603851 168.833374 
214.332672 165.968933 
221.819366 162.234741 
167.883362 120.721748 
174.735367 118.540932 
182.718811 118.555367 
190.323105 121.537926 
182.688477 123.833481 
174.592987 124.007050 
228.706161 122.564491 
236.576935 120.488266 
244.403244 121.035973 
251.327606 123.484467 
244.627441 126.158432 
236.672714 125.769424 
186.183655 179.535248 
193.518768 176.842224 
200.825867 176.348358 
207.000519 178.279694 
214.660278 177.229965 
224.180740 178.734787 
232.869949 182.734467 
223.820969 193.276428 
214.289886 197.194962 
206.434082 197.131332 
199.797501 196.033386 
192.465790 190.752274 
190.636566 179.853333 
201.096130 179.966919 
207.101563 181.147324 
214.473755 180.571716 
228.067139 182.769791 
214.297470 188.815186 
206.945740 188.952118 
200.503265 187.381180 
