68 2
145.034073 114.447662 
146.493546 125.678551 
148.638458 136.464935 
151.178436 147.079422 
155.024399 157.435364 
161.364746 166.687927 
169.660278 174.658524 
179.231018 181.028473 
190.063232 183.058975 
200.614273 180.858032 
210.022842 174.902298 
217.940613 167.512878 
224.339920 158.622971 
228.063721 148.560669 
230.119171 137.734741 
231.895340 126.600914 
232.897049 114.925499 
152.146500 107.408669 
159.523651 103.611244 
167.899139 103.227509 
176.096725 104.899857 
183.025955 108.453896 
198.320038 108.518646 
204.819168 105.051933 
212.012268 103.595772 
219.148712 104.101158 
224.486877 107.447037 
192.246994 116.622955 
192.353241 124.809135 
192.471451 132.821777 
192.501785 140.950043 
182.697296 143.470795 
187.120773 145.147095 
191.711060 146.628113 
196.004822 145.602478 
199.839676 144.370300 
163.826920 114.315117 
168.784302 112.079552 
174.438416 112.462334 
178.561722 116.453857 
173.839508 117.050659 
168.300110 116.779488 
202.435242 117.508072 
206.352890 113.276917 
211.747726 112.994972 
216.242523 115.563393 
212.543152 117.748306 
207.456848 118.111382 
175.278763 156.174866 
180.806854 154.364471 
185.983215 153.350021 
189.959290 154.616272 
194.397614 153.856628 
199.366379 155.270889 
203.966736 156.552475 
199.109512 161.833511 
193.944031 163.748520 
189.459442 164.196716 
185.091248 163.347900 
180.082748 160.896896 
177.655624 156.431702 
185.741577 157.144394 
189.972778 157.794128 
194.345383 157.554749 
201.429901 156.957397 
193.969360 157.822723 
189.557510 158.538513 
185.350250 157.866241 
