68 2
110.779755 108.150558 
111.393776 120.344101 
113.143921 131.897964 
116.300919 142.834763 
120.935532 153.092224 
127.079102 162.072662 
135.419754 169.603027 
145.438126 174.957047 
157.623398 176.326706 
169.426758 173.805939 
179.697083 168.062027 
188.302124 160.227127 
194.741653 151.161469 
199.112122 140.915955 
201.558502 129.462311 
202.702942 117.880020 
203.174622 106.248230 
117.530853 92.479507 
122.893936 86.517136 
130.527084 83.975761 
139.135330 84.182266 
147.356140 86.046547 
164.343353 85.543564 
172.387848 83.313065 
180.798691 82.916046 
188.834305 85.442711 
194.956146 90.987122 
155.324539 95.365372 
155.274628 99.909744 
155.061951 104.386925 
154.980820 109.238052 
147.635788 120.601196 
151.571213 121.366470 
155.446213 121.640350 
159.647827 121.257881 
163.643127 120.417442 
127.255768 101.090477 
132.057617 97.542000 
138.169907 97.029190 
143.881516 100.090431 
138.448578 101.641510 
132.473526 102.345428 
168.142761 99.636337 
173.697998 96.056465 
179.671707 96.355453 
184.507736 99.561203 
179.611374 101.208588 
173.724762 100.922386 
139.136292 142.047684 
144.710464 136.055496 
150.845718 132.545624 
155.524139 133.191467 
160.405746 132.772705 
166.983780 136.336334 
172.501221 141.639618 
166.727264 146.150253 
160.346741 148.250061 
155.208893 148.934219 
150.036896 148.347458 
144.241028 146.226974 
142.350555 141.366455 
150.668732 137.052826 
155.616440 136.693680 
160.733749 137.269424 
169.518005 141.264450 
160.465652 143.089493 
155.160828 143.768204 
150.161057 143.204422 
