68 2
109.890015 59.346943 
110.679016 75.929199 
112.481476 93.156929 
116.968536 109.273087 
124.585464 124.605995 
134.473999 138.579163 
146.517014 151.302216 
159.227005 161.217255 
174.203186 164.255722 
188.996765 161.425720 
202.919022 151.505066 
215.476181 139.526062 
226.413467 125.613007 
235.388321 110.135109 
239.709229 92.751007 
241.472305 74.160225 
242.281036 55.732262 
117.372749 47.583221 
125.304214 38.608952 
137.616028 36.883579 
150.814285 39.183517 
162.102890 45.079430 
180.339218 44.227837 
192.583481 38.727203 
205.943573 36.741707 
219.490723 38.236553 
228.363068 46.449596 
171.404617 58.024029 
170.711670 70.694595 
169.917969 83.193802 
169.120483 95.876251 
156.357117 97.504684 
162.905655 101.192841 
170.628860 103.356606 
178.855164 100.940590 
186.046814 98.195908 
132.065567 59.516289 
138.575623 57.068741 
146.244202 57.085232 
154.265366 59.577164 
146.561691 61.670010 
138.928009 62.168694 
190.435867 59.701939 
198.083679 57.061714 
205.716812 57.485825 
212.500137 59.342270 
206.026093 61.627048 
198.349167 61.691414 
152.269608 116.533974 
159.903000 115.133652 
166.881287 113.991943 
172.687607 115.141197 
179.851257 114.153267 
188.424545 115.785248 
197.187408 117.603310 
188.760559 128.376495 
180.655304 134.129242 
173.165665 134.918945 
166.531097 133.850769 
159.428268 127.932701 
156.532791 117.342773 
166.734756 116.343330 
172.805481 117.139435 
179.907318 116.402519 
192.948654 118.010498 
180.391724 125.325821 
173.041550 126.549019 
166.548157 125.073349 
