68 2
121.271957 115.724693 
121.762489 134.187881 
123.926743 151.848312 
127.105377 169.245041 
132.285645 185.899353 
140.161957 200.807999 
151.266724 214.008987 
164.236496 224.368713 
180.538757 227.142593 
196.654022 224.629944 
208.871292 214.580688 
218.756531 202.035706 
225.951843 187.746552 
230.997482 172.151794 
234.172852 156.522644 
237.336365 139.596344 
238.935379 123.084175 
131.183762 101.805374 
138.097794 94.706017 
148.600433 93.313446 
159.757507 95.040314 
169.191132 100.130936 
198.438599 101.983795 
208.500046 97.866730 
218.961716 97.343903 
228.681320 101.017876 
233.569016 109.312111 
183.389557 117.460732 
182.710724 129.809982 
182.011581 142.082550 
181.287933 154.470398 
169.300201 159.819855 
174.891785 162.906525 
181.019562 165.017303 
187.305664 163.507492 
192.737854 161.125656 
143.268936 116.486053 
149.965286 112.008873 
158.654678 112.889679 
165.471954 119.022987 
157.860809 120.903702 
149.370743 120.558868 
198.830261 121.411171 
206.769272 116.330406 
215.187637 116.687988 
220.957764 121.808075 
215.277100 125.028900 
206.894348 124.396553 
160.051270 186.194061 
167.819199 182.020325 
174.234116 180.443344 
180.244476 182.429810 
187.253799 181.183777 
193.940338 183.638382 
199.550949 187.748428 
194.066437 192.848846 
187.428680 195.570251 
180.152588 196.356644 
173.403610 195.036819 
167.084061 192.146515 
163.863937 186.138947 
173.771072 184.537598 
180.285355 185.781113 
187.548401 185.120728 
196.145523 187.293762 
187.541260 187.774918 
180.118790 189.036514 
173.428329 187.519882 
