68 2
155.244278 106.017220 
155.325500 123.262314 
156.373901 140.367126 
159.460388 157.083344 
164.870483 173.248474 
173.038696 187.765366 
184.536926 200.474396 
197.141556 210.141083 
212.508072 214.264084 
228.348801 212.078857 
243.282608 204.343628 
256.228210 194.739761 
266.779297 181.475601 
274.196411 165.947037 
278.903961 149.599625 
282.877319 132.557800 
286.163696 115.217545 
165.603882 92.470146 
173.902573 88.264839 
183.818497 89.022057 
193.599274 91.789825 
203.033157 95.461784 
231.185379 97.229996 
242.006805 94.491844 
252.815491 93.001343 
263.772034 93.874001 
272.524963 98.845001 
215.793640 110.674957 
214.019135 123.512901 
212.311691 136.424377 
210.576508 149.349060 
199.664368 149.329987 
204.795486 153.424942 
211.351151 156.267273 
218.891937 154.088348 
225.551346 151.119080 
176.751938 109.635582 
183.638733 108.028366 
191.041229 108.282784 
198.284393 110.779892 
190.807190 112.734459 
183.296448 112.712074 
235.505508 113.222626 
243.513809 112.172089 
250.933807 113.197723 
257.204376 115.312012 
250.587921 117.551949 
243.076111 116.640137 
192.363663 166.774536 
199.256943 165.627747 
206.046188 165.279480 
211.369934 166.786438 
218.369736 166.360474 
226.859970 168.628906 
235.390137 171.283417 
226.315430 180.601318 
217.457825 183.943497 
210.400909 183.981140 
204.413666 182.727249 
197.559326 177.690964 
196.468094 168.047150 
205.913467 168.555435 
211.337830 169.759613 
218.264465 169.516708 
230.655334 171.660919 
217.999252 175.396805 
211.137100 175.547836 
205.308990 173.856232 
