68 2
142.847794 113.812202 
144.371826 124.954033 
146.488495 135.692047 
149.029846 146.755173 
152.791245 157.081711 
158.974701 166.168274 
167.027725 174.037415 
176.588943 180.242645 
187.660263 182.359116 
198.433868 180.478271 
207.975677 174.711594 
216.124298 167.369934 
222.191589 158.563782 
225.739365 148.475861 
227.924133 137.995804 
229.480301 127.249550 
230.820099 115.764664 
150.199478 104.818344 
157.689728 101.103928 
166.225952 100.820610 
174.526672 102.708427 
181.805466 106.450653 
196.572998 106.779121 
203.508636 103.488350 
210.981873 101.956390 
218.371719 102.867035 
223.707047 106.764473 
190.330566 114.882324 
190.497910 122.242226 
190.640839 129.479797 
190.633118 136.820206 
181.484833 141.216248 
185.611496 142.347137 
189.658157 143.375763 
193.476913 142.996964 
197.034271 142.381287 
160.480972 112.714714 
165.709015 110.250633 
171.892639 110.843765 
176.368637 115.158730 
171.230774 115.658707 
165.150696 115.263184 
200.805389 116.853745 
205.270187 112.708046 
211.163239 112.600922 
215.586243 115.748497 
211.649933 117.693687 
206.096436 117.775024 
173.328491 154.644836 
178.590271 151.594223 
184.005432 150.397842 
188.188736 151.669098 
192.579056 150.978683 
197.902618 153.294922 
202.678085 156.013977 
197.832047 162.204758 
192.560654 164.753250 
187.915237 165.280334 
183.085968 164.214691 
177.807220 160.952744 
175.753113 154.703827 
183.704376 153.683136 
188.109894 154.321411 
192.479736 154.353027 
200.063782 156.281677 
192.515961 159.539597 
187.958572 160.136765 
183.304169 159.208679 
