68 2
133.406799 134.189301 
134.534927 151.250916 
137.278900 167.930618 
140.556351 184.390091 
146.069885 199.576965 
155.917175 213.083847 
168.333893 225.103485 
182.234833 234.848984 
198.506363 237.631668 
213.650696 233.842941 
225.980545 223.645264 
236.624054 211.633347 
244.932098 198.043518 
250.024734 183.001923 
253.235535 167.126968 
256.240997 151.226532 
257.365692 134.984695 
145.673904 120.024498 
152.700394 113.044540 
162.807083 109.367294 
173.199265 110.304466 
182.826385 113.543312 
213.726456 114.038940 
223.909241 110.583061 
233.774734 109.406570 
243.308167 112.614594 
249.972198 118.687935 
198.865707 130.814728 
199.175461 141.558060 
199.609238 152.028702 
199.889709 162.714005 
188.550217 172.315399 
193.851395 173.715027 
199.210297 174.850739 
204.488556 173.669052 
209.609650 172.281265 
155.830521 133.568909 
163.154755 128.350037 
173.284332 128.591614 
181.836838 135.015930 
172.941528 137.410339 
163.006271 137.666779 
214.447495 135.745300 
223.410492 129.383453 
232.971130 129.333099 
239.790359 134.432373 
233.246368 138.177765 
223.828949 138.031677 
173.246643 193.812836 
182.744186 189.338699 
192.014603 186.664734 
199.085175 187.590118 
206.725647 186.690781 
215.144699 189.250244 
223.089233 193.445740 
215.170242 202.672699 
206.662170 207.390732 
198.801407 208.838837 
191.185974 207.841507 
181.969543 203.281433 
177.506943 194.308472 
191.654633 192.174347 
199.225250 191.982834 
207.511688 191.963593 
219.421249 194.061157 
207.366531 199.129715 
198.854538 200.862137 
191.151093 199.797287 
