68 2
117.448677 98.206871 
118.248627 110.006927 
119.936798 121.116020 
122.866005 132.566467 
127.290909 142.846786 
133.302063 152.345657 
141.301224 159.575134 
150.924728 164.836655 
162.240784 166.350098 
173.413391 164.445175 
183.308105 159.547714 
191.801117 152.205978 
198.219971 143.238144 
202.166016 132.406693 
204.311813 121.113686 
206.236298 108.964508 
207.299377 96.639168 
124.800987 82.752937 
130.104904 77.203514 
137.752548 75.213791 
146.048904 75.830215 
153.597961 78.529785 
170.180313 78.191833 
177.987823 76.008514 
185.859100 75.705826 
193.648514 77.760071 
199.449799 82.818565 
162.221252 88.048431 
162.415543 93.867325 
162.554871 99.660301 
162.656830 105.898705 
154.775452 114.292686 
158.696396 115.045723 
162.632202 115.721230 
166.673721 115.006508 
170.517639 114.112518 
133.610352 92.346649 
137.718292 88.632294 
143.622055 88.364449 
148.926483 91.716888 
143.818222 93.287819 
138.219330 93.688881 
175.539368 91.938393 
180.674774 88.479996 
186.425674 89.024696 
191.013321 92.455322 
186.637650 94.008171 
180.946899 93.591965 
145.715439 134.829178 
151.696350 129.208572 
157.962097 126.373688 
162.512619 127.572968 
167.323105 126.711304 
173.695740 129.797638 
178.925232 135.238617 
173.835907 140.768066 
167.541245 142.453827 
162.330811 142.777374 
157.325638 142.294861 
151.422104 140.658646 
148.435791 134.839355 
157.763779 131.437683 
162.584351 131.776184 
167.596878 131.736267 
176.500900 135.123001 
167.239090 136.122360 
162.113174 136.534668 
157.389008 136.025085 
