70 2
115.372749 88.932518 
118.248062 113.640839 
123.065865 138.254669 
129.078812 162.113663 
139.050522 184.228424 
152.351913 203.246826 
168.074127 218.745392 
184.482727 230.969421 
205.467468 234.107361 
225.498962 229.403015 
242.498398 214.594589 
257.186157 197.095993 
269.267426 177.091583 
278.007721 155.713486 
283.523804 134.048721 
287.326233 110.718811 
289.371826 87.526123 
126.563179 70.941437 
137.473587 59.067905 
154.928909 56.700443 
172.299408 61.284946 
188.548843 67.128799 
218.867188 67.479706 
236.227371 61.666862 
252.461502 56.711266 
269.093872 57.643623 
280.449615 67.962250 
203.343567 81.509193 
203.414063 97.770088 
203.623230 113.953629 
203.901489 130.792664 
184.648865 142.631973 
193.739227 145.828903 
203.926041 148.412506 
214.212509 145.094315 
223.191605 141.436630 
145.180573 88.485336 
155.567841 86.733040 
166.346375 85.772491 
177.415253 86.560760 
166.527176 88.483429 
155.632675 89.959656 
228.425507 86.419525 
239.832306 85.416008 
250.527313 86.031143 
260.284882 87.588745 
250.289688 88.879761 
239.647156 88.426491 
169.939392 177.729187 
184.169495 173.963333 
195.509689 171.566574 
203.776428 173.815613 
213.711563 171.508484 
225.432144 173.443253 
237.552902 175.235580 
225.449036 186.330841 
213.454697 192.074997 
203.204163 193.290039 
194.640778 192.597595 
183.357376 188.217834 
175.573349 177.814728 
195.630585 177.349106 
203.785782 178.604218 
213.815613 176.922836 
231.976257 176.673904 
213.684296 180.370300 
203.569397 182.157410 
195.537109 181.269394 
156.625000 87.750000 
245.250000 87.750000 
