68 2
134.697830 110.273262 
135.614853 127.976715 
138.227493 145.520370 
141.544662 162.742233 
147.581543 178.893494 
156.013275 193.013641 
167.091965 205.776886 
180.074615 215.493134 
195.364594 217.650330 
209.469955 214.091339 
219.942688 202.699326 
227.863007 188.795135 
233.533066 173.912933 
237.645584 158.612930 
240.535156 143.639481 
243.054382 128.268509 
244.053650 113.086128 
144.545563 97.415154 
151.508972 90.166504 
162.040161 88.611465 
173.039749 90.450592 
182.443710 95.571892 
208.375900 96.740440 
217.421570 92.113922 
227.036148 90.538086 
236.315079 93.215530 
240.802979 100.818100 
195.248489 111.629471 
195.292908 123.599594 
195.254028 135.473175 
195.247894 147.575272 
183.825684 153.131561 
189.168442 155.494537 
194.833221 157.090729 
200.514404 155.748657 
205.629944 153.573669 
156.359924 111.814636 
162.865295 107.716255 
171.180618 108.166138 
177.935730 113.396385 
170.891785 115.380600 
162.670441 115.435547 
209.090057 114.642754 
216.558014 109.985802 
224.507996 110.051987 
229.937393 114.250397 
224.752747 117.351860 
217.068176 117.056671 
174.701447 177.352615 
182.389511 173.760880 
188.814880 171.826675 
194.564240 173.461075 
200.872910 172.018127 
206.688583 174.193176 
211.716385 177.619812 
207.104156 184.251450 
201.461884 188.208130 
194.721329 189.605453 
188.217163 188.454285 
181.586182 184.953369 
178.328751 177.388184 
188.514160 175.719910 
194.702927 176.781967 
201.437485 175.854996 
208.442123 177.423706 
201.484238 179.458466 
194.615097 181.410339 
188.239136 179.757202 
