68 2
129.936630 160.639603 
131.785995 175.255890 
134.159317 189.445343 
136.008362 203.743362 
139.872940 216.979126 
147.593353 227.247757 
159.385956 234.930725 
173.907333 238.844910 
190.920471 238.271164 
207.381287 236.674072 
220.944046 231.212921 
232.146164 223.441284 
239.259552 212.449860 
242.445038 198.583420 
243.876251 184.278992 
245.218750 170.146149 
246.236954 156.357773 
133.562088 141.306015 
138.480286 128.164978 
150.445862 120.698395 
164.552399 118.967842 
177.987686 121.972084 
193.851151 119.539825 
207.007324 115.990860 
220.422211 116.810028 
232.554230 122.813026 
239.590500 133.824005 
186.855331 133.409546 
187.144928 140.651260 
187.276917 147.698242 
187.408096 155.386307 
176.688477 170.418091 
182.414337 170.541443 
188.074844 171.008026 
193.859436 170.627731 
199.505066 170.346008 
148.957214 143.864243 
155.577988 137.754684 
164.057892 136.725174 
171.660477 142.363068 
164.670120 144.501221 
156.177063 145.554016 
202.588013 140.441422 
210.137375 133.929260 
218.572510 134.077194 
225.330460 139.324402 
219.199875 141.659698 
211.116730 141.829834 
165.052841 199.740051 
173.801544 191.807053 
182.109177 187.310852 
188.157913 188.454758 
194.571838 186.579514 
204.044754 190.810928 
213.300964 197.508026 
204.303879 198.946213 
195.950851 199.290619 
189.201874 199.732071 
182.962708 200.103180 
174.310364 200.435303 
168.978760 198.162582 
182.555099 193.581512 
188.525696 193.749695 
195.067734 192.694397 
209.464722 196.171860 
195.230194 192.336029 
188.577148 192.959778 
182.484222 193.425079 
