68 2
146.584579 115.637764 
147.598618 127.750946 
149.410934 139.466003 
151.572632 151.033157 
155.805176 161.807312 
162.662521 170.930344 
171.004547 178.567810 
180.462036 184.834061 
191.045410 186.837173 
200.957047 184.574554 
209.951202 178.296646 
217.922424 170.943390 
223.737595 161.790741 
227.192627 151.343872 
229.465469 140.736511 
231.381165 129.637161 
232.833145 118.016319 
155.409683 108.491898 
162.225113 104.507004 
170.274063 104.072189 
178.378738 105.784622 
185.375122 109.506218 
200.634109 109.565521 
207.534073 106.594147 
214.679916 105.286278 
221.719925 106.521164 
226.512817 110.713089 
193.599670 119.389313 
193.598877 126.805145 
193.536041 134.033142 
193.427979 141.378769 
183.979065 145.300644 
188.303543 146.638977 
192.460037 147.893463 
196.333801 147.349930 
199.999969 146.610855 
166.256882 116.814087 
170.934738 114.608849 
176.501068 115.066269 
180.256042 118.945663 
176.016800 120.032509 
170.511292 119.666382 
203.611740 120.476768 
207.804016 116.544571 
213.332550 116.654839 
217.419083 119.699623 
213.688232 121.948540 
208.473923 121.992340 
176.788788 159.785583 
181.688843 156.359894 
186.971817 154.667618 
190.746964 155.920639 
194.690964 155.277588 
199.257263 157.610626 
203.088943 161.102722 
199.059647 167.306702 
194.638428 169.703705 
190.520432 170.261368 
186.255447 169.487473 
180.986481 166.333557 
179.702698 159.676437 
187.014954 158.670822 
190.724503 159.255676 
194.377960 159.287170 
200.073120 161.044678 
194.358856 163.937180 
190.511673 164.545486 
186.618637 163.756516 
