68 2
134.414413 105.270439 
134.819061 122.148102 
136.057800 138.913513 
138.740265 155.763367 
144.096024 171.406555 
153.373505 184.921509 
165.448242 195.380157 
179.889832 203.704102 
196.857727 206.171646 
213.157043 203.954559 
227.047241 195.895264 
238.623367 184.884125 
247.346619 172.123672 
252.658798 157.017761 
255.571426 141.306137 
258.214752 126.027870 
259.758545 110.607895 
142.435593 92.607407 
150.616272 84.184654 
161.975037 81.408112 
174.184769 82.676437 
184.806503 87.390526 
214.501328 88.183670 
226.465637 84.811920 
238.139832 84.881973 
248.558838 88.985451 
254.853577 97.114250 
200.456268 103.171555 
200.218369 110.727890 
200.169922 118.093819 
200.062836 125.994370 
185.686630 136.082947 
192.195190 137.670380 
198.867340 139.380554 
205.654541 138.357117 
212.060425 137.094543 
156.330582 104.340057 
164.003174 101.164719 
172.472809 101.731804 
180.718597 106.251007 
172.347137 106.555702 
163.803543 106.356377 
217.584915 107.729149 
226.606583 104.012306 
234.633057 104.371750 
241.198380 108.108971 
234.737137 109.441986 
226.522949 108.889824 
166.353134 157.172546 
178.428360 152.177170 
190.516785 150.814941 
197.805023 152.639206 
206.482880 151.360565 
217.620316 154.300339 
228.053543 159.874969 
217.160034 169.634689 
206.175308 172.213058 
197.051804 172.454483 
189.092407 172.035446 
177.005692 168.486420 
169.932449 157.773941 
190.527557 155.546448 
197.837097 156.412247 
206.841614 155.825043 
224.003464 160.392853 
206.384460 165.722748 
197.403168 166.110428 
189.686951 165.784866 
