68 2
110.451202 103.604576 
110.844696 122.940971 
113.046989 142.054031 
117.413467 160.430008 
124.477753 177.482788 
134.242737 192.228455 
147.483093 205.003036 
162.104721 215.365128 
179.240753 218.291840 
195.158844 216.153534 
207.931931 206.282532 
218.693466 193.984680 
226.768738 179.782974 
232.338486 163.794250 
236.066895 147.665955 
239.765869 129.987778 
241.206024 112.650719 
125.854492 88.193748 
134.664856 81.363388 
146.164886 80.167984 
158.366013 81.987106 
168.885696 87.385414 
198.099670 89.169556 
208.829086 84.669037 
220.026932 84.197899 
230.400909 88.115005 
236.174881 95.931488 
182.099472 106.128174 
181.377686 119.238541 
180.702087 132.187500 
180.152298 145.291306 
167.633728 151.280319 
173.408112 154.293823 
179.447342 156.425369 
185.621124 155.156525 
191.285065 152.992996 
138.808060 105.336006 
146.203461 100.528603 
156.071121 101.429108 
163.560898 108.028030 
155.101547 110.111473 
145.507172 109.835167 
198.456055 110.250320 
206.717056 104.666481 
215.905869 105.103218 
222.024139 110.738853 
215.938080 114.201729 
206.864792 113.523415 
157.064392 179.638504 
165.266083 175.082306 
172.239243 172.766876 
178.947815 174.796509 
186.334900 173.742081 
193.539917 177.070374 
199.284454 181.665588 
193.785583 186.240173 
186.481613 188.769760 
178.978287 189.430252 
171.617081 188.067444 
164.879959 185.302048 
161.225739 179.678299 
171.502289 177.737488 
178.998688 178.868668 
186.759842 178.639587 
195.745605 181.157532 
186.954468 179.617249 
179.111679 180.577454 
171.583694 178.863770 
