68 2
125.238541 65.607185 
126.699707 76.190414 
128.484070 86.493317 
130.299423 96.749588 
133.645737 106.191856 
139.832626 113.972900 
147.951477 120.083954 
157.063538 124.923203 
167.744812 126.025772 
178.146332 124.781075 
186.888733 119.769775 
194.087585 113.409264 
198.930023 105.346161 
201.405975 95.740021 
203.078552 85.492088 
204.544739 75.515778 
205.431244 65.578339 
133.372711 54.927620 
137.638840 49.112049 
144.598877 46.246532 
152.037918 46.919632 
158.951645 49.707451 
178.166428 50.637840 
184.767593 48.542377 
191.100418 48.391117 
196.740921 51.120033 
200.063736 56.036919 
169.121216 59.490032 
169.328537 65.741142 
169.491913 71.761383 
169.632263 78.040367 
160.331894 84.707779 
164.607773 85.796227 
169.052795 86.807549 
172.849991 85.950409 
176.484436 85.284882 
141.504227 62.250957 
146.354004 59.680008 
151.796951 59.685982 
156.636063 62.763565 
151.602020 63.595627 
146.311249 63.718410 
178.930328 63.681206 
184.295410 61.071987 
189.586731 61.420853 
193.524841 64.125870 
189.467972 65.316124 
184.265976 64.864410 
151.696121 99.427177 
158.382156 95.452972 
164.550964 93.733078 
168.908600 94.711052 
173.314026 94.060516 
178.794357 96.095650 
183.866913 99.672539 
178.897995 104.698738 
173.557037 106.929108 
168.789841 107.786827 
164.057541 107.294022 
157.954117 105.071953 
154.492188 99.489174 
164.543076 97.269684 
168.860596 97.590218 
173.307861 97.391045 
181.345779 99.751656 
173.335754 101.901054 
168.720871 102.778717 
164.208298 102.199142 
