68 2
124.193886 107.329224 
124.917007 123.822319 
126.907623 140.370834 
131.173264 155.394135 
138.104736 169.327713 
147.944351 181.693497 
159.519089 192.518311 
171.382828 201.841446 
185.389725 204.974258 
199.930298 202.327560 
212.433167 193.706329 
223.923218 183.204041 
234.416824 170.957626 
242.355530 156.633102 
246.416931 141.319397 
248.543518 125.495590 
249.714767 109.224998 
137.254883 96.812408 
145.311722 89.975502 
156.058395 87.725792 
167.461746 88.717621 
177.358963 92.829132 
196.179550 91.565262 
206.861694 88.523811 
217.930115 88.241058 
228.694687 91.139732 
235.823730 98.007675 
185.588928 107.960953 
184.729065 118.793770 
183.894623 129.325378 
183.136505 139.933014 
171.729279 142.169678 
177.171951 144.959579 
183.547714 146.958801 
190.611633 145.140015 
196.928223 142.876251 
149.399796 109.270744 
155.925812 107.468674 
162.937683 107.273666 
169.069046 109.229576 
162.857361 110.995270 
155.934586 111.438545 
202.624405 109.052765 
209.720184 107.464813 
216.246231 108.121826 
222.086105 109.860535 
215.988083 111.753891 
209.336319 111.348267 
166.139694 160.735229 
170.741425 155.029556 
177.504364 151.378998 
184.380646 152.102203 
192.579086 151.775497 
200.341904 155.841293 
206.444534 162.131134 
200.102844 172.065659 
192.534775 177.526672 
184.292511 178.560287 
176.943741 177.173889 
170.465012 170.765854 
171.020462 160.134125 
178.099548 156.012604 
184.612167 156.214828 
192.715500 156.373627 
201.422058 161.351440 
192.886612 168.586075 
184.572922 169.849503 
177.627533 167.650528 
