68 2
115.406181 57.849915 
117.398369 78.632050 
120.734116 98.468834 
124.868866 118.517593 
130.764282 138.341614 
139.324112 156.132492 
151.921509 170.627258 
166.996201 180.570343 
186.894989 183.424789 
206.751053 181.131989 
224.529922 171.968262 
239.883362 158.989532 
251.696838 143.076767 
260.215820 124.493546 
265.028412 104.530205 
269.200226 83.613838 
272.272797 62.776909 
121.617035 33.577839 
130.739014 22.640430 
145.118622 20.059595 
160.020264 22.547951 
175.017456 26.962015 
201.824585 29.036734 
217.668991 24.370022 
233.615128 22.044813 
249.949646 24.686344 
261.746674 35.162872 
188.664108 42.199230 
187.780807 53.946804 
186.660812 65.938599 
185.613052 78.306061 
170.340576 91.603828 
177.593933 94.792595 
185.727951 96.928154 
194.945862 95.525726 
203.412598 93.402222 
136.980774 49.399433 
145.652039 43.321823 
156.908478 43.235310 
166.840164 49.718487 
156.668182 52.587070 
145.723511 53.367023 
213.004944 50.750736 
223.610901 44.385178 
235.148270 45.504410 
244.019211 51.697617 
235.262665 54.979950 
223.659882 53.980598 
157.571274 129.113159 
167.683594 120.745117 
177.720474 116.487465 
185.064835 119.045181 
193.910187 117.552963 
205.607407 122.650787 
217.087494 130.802490 
205.687042 141.019592 
193.614716 145.323013 
184.228851 145.798523 
175.739792 144.087769 
166.071884 139.129211 
162.848236 129.366562 
177.215759 123.301636 
184.978806 124.628105 
194.430801 124.331703 
212.057602 131.147217 
194.426712 133.294571 
184.809448 134.012161 
176.717804 132.479431 
