68 2
130.009064 64.097786 
132.654266 80.633408 
136.277267 96.371735 
140.507629 111.650970 
147.287918 125.198761 
156.733383 136.609146 
167.828705 146.770981 
179.564392 154.667419 
193.646957 155.604477 
206.567551 151.398453 
216.898026 140.575378 
225.733017 128.919266 
232.355362 116.323051 
235.982849 102.754486 
238.034668 88.575775 
239.631424 74.604408 
240.330566 60.296440 
139.451492 56.157654 
145.730194 47.692013 
155.995163 44.314701 
166.710464 45.504036 
176.522293 49.254868 
203.238495 48.752934 
212.094193 45.202240 
220.898010 43.728302 
229.242157 46.075665 
234.902237 52.454670 
190.799301 61.254246 
191.539474 71.216782 
192.238602 80.899261 
193.024063 90.960579 
179.972595 98.826378 
186.195038 100.158096 
192.741013 101.452682 
198.391144 99.439499 
203.787735 97.576126 
151.704651 65.734306 
158.473816 61.901184 
166.627258 61.390888 
173.819885 65.533485 
166.690277 67.445000 
158.627625 68.185425 
204.576187 64.924667 
212.134140 60.511456 
219.841156 60.335903 
225.852417 63.666340 
220.233505 66.423973 
212.637985 66.435791 
170.610168 119.341675 
178.767807 114.508560 
187.033752 111.803474 
193.054871 112.923325 
198.910080 111.274933 
206.193756 113.610703 
212.386505 117.037323 
206.820480 127.952934 
200.135239 133.761047 
193.587662 135.812088 
186.769394 135.365128 
178.154739 130.708603 
174.255768 119.568794 
187.012451 116.330513 
193.095428 116.596924 
198.868439 115.564278 
209.027390 117.700439 
199.502701 125.187103 
193.266357 127.243202 
186.772034 126.465195 
