68 2
161.305923 116.956314 
162.341049 131.202347 
164.272537 145.793472 
167.535553 159.978943 
173.569794 173.231339 
182.191223 184.433609 
192.981628 193.141205 
205.085007 199.770752 
219.173737 200.312729 
231.816574 196.512283 
240.617264 186.995407 
247.565842 175.940781 
253.170380 163.354691 
256.544464 150.114899 
258.268341 137.386887 
259.112671 124.734657 
259.010529 111.882172 
167.939926 104.633621 
173.641724 97.164520 
183.302780 94.244125 
193.639053 95.041718 
203.348267 98.236168 
220.957581 97.261932 
229.218613 93.013077 
238.254471 90.725136 
247.122009 91.745453 
252.541428 98.014549 
213.372116 108.030396 
214.312500 117.241005 
215.452087 126.345390 
216.463837 135.668930 
203.291428 141.745255 
209.319199 144.053146 
215.540802 145.522446 
221.927307 143.090439 
227.318253 140.272980 
180.139542 112.241325 
185.719360 109.106552 
192.178635 108.754303 
197.590851 111.778542 
192.184341 114.228325 
185.764694 114.700981 
225.949432 110.197334 
232.647812 106.539742 
238.888840 106.246422 
243.365891 108.673309 
239.290466 111.740936 
233.005264 111.893295 
195.015976 165.558960 
204.173050 161.821106 
212.000076 159.588684 
216.309296 160.458298 
221.131088 158.601105 
227.511993 159.504898 
233.845886 161.653748 
228.100998 165.906784 
221.985260 167.709076 
216.824768 168.368866 
212.083008 168.655411 
204.295410 168.287613 
198.758423 165.295349 
211.989563 162.840195 
216.402939 163.123062 
221.242676 161.928284 
230.814285 161.907639 
221.622391 162.054581 
216.612350 162.899628 
212.252960 163.094223 
