68 2
168.482407 110.626633 
168.043762 125.150200 
169.472488 139.001907 
171.587738 152.906982 
175.134705 166.095642 
181.249084 178.473633 
189.114853 189.745743 
199.217606 198.234955 
212.015640 200.700623 
224.128479 198.802872 
235.479034 191.205002 
245.701477 183.072891 
254.056671 172.603760 
259.899902 160.744400 
264.287964 148.521759 
268.825531 135.688782 
272.034790 122.210220 
174.604553 101.329353 
182.140854 92.874580 
193.286148 90.019867 
204.776062 92.539749 
215.029282 98.405045 
228.563416 98.686974 
239.527649 96.013092 
250.446960 96.300919 
260.495056 101.026978 
265.762085 109.985931 
220.154480 111.448456 
218.903488 121.729897 
217.434265 131.775284 
215.988724 142.007813 
206.171417 148.469604 
210.356247 149.599564 
214.700256 150.769592 
219.071838 150.461838 
223.163208 150.086243 
186.083633 108.703117 
192.455841 105.612968 
199.952301 106.655220 
205.503494 112.508575 
198.972977 112.954048 
191.609192 112.253365 
232.994736 115.241959 
240.192596 110.683968 
247.466965 111.565323 
252.675644 115.849213 
247.160568 117.974815 
240.172470 117.270279 
196.703552 168.148865 
202.779449 164.621857 
208.544250 161.594193 
212.055984 162.909103 
216.444122 162.462936 
222.440308 166.607590 
228.557449 170.365295 
222.116226 176.048264 
215.964539 179.265182 
211.356415 179.812271 
206.990540 178.780685 
202.131775 175.167633 
200.262024 168.535690 
208.288437 166.336594 
211.899872 166.684677 
216.269989 166.895157 
225.517639 170.329605 
216.414841 171.615067 
211.894821 172.366150 
208.231323 171.436264 
