68 2
142.634094 82.878159 
143.838928 98.092270 
146.282928 112.841408 
149.509460 127.288849 
154.305008 141.475937 
161.897797 154.380829 
171.337784 165.409760 
182.473465 174.586655 
197.281036 176.713623 
212.076950 174.194168 
224.494247 165.765594 
235.213837 155.178787 
242.868729 142.606033 
248.101486 128.593674 
251.255157 113.853065 
253.776688 98.507156 
254.598663 82.616318 
149.194275 76.354095 
155.768692 67.175629 
167.012619 64.287125 
178.853439 66.373734 
189.751114 70.583618 
207.346008 69.062546 
218.165939 64.952599 
229.382141 63.545731 
240.088730 66.982719 
246.364334 75.582169 
198.639679 82.238960 
198.276520 91.683739 
197.869675 101.086876 
197.448761 110.895851 
185.506317 117.283653 
191.481964 119.351616 
197.661285 120.770424 
203.893143 119.319336 
209.811920 117.939606 
161.523621 83.230309 
167.659149 79.029877 
175.787842 79.095467 
182.525421 84.262222 
175.730774 86.434471 
167.630722 86.608902 
213.746857 84.184753 
220.935776 78.959915 
228.704559 79.212234 
234.303192 83.166733 
229.135010 86.458282 
221.372147 86.447609 
178.555008 140.787704 
185.973923 136.654327 
192.794296 134.250534 
197.616623 136.037323 
203.213013 134.724899 
210.549973 137.723709 
217.717651 141.307190 
210.861832 148.133743 
203.591721 150.694672 
197.388062 151.400772 
191.754150 150.757507 
185.142090 148.023407 
181.629242 140.658722 
192.566666 138.017395 
197.698166 138.530823 
203.617249 138.297760 
214.886597 141.494583 
203.452118 143.778275 
197.326477 144.666626 
192.098663 143.774902 
