68 2
137.205078 63.629902 
137.267303 83.053192 
139.470596 102.442749 
142.591980 121.319443 
147.073547 139.644165 
153.879318 156.976700 
164.247360 172.467773 
176.452652 185.709457 
194.586502 190.325287 
213.030792 188.837784 
229.829865 179.321350 
245.331619 167.248047 
259.063202 152.681351 
269.118530 134.997589 
275.260315 115.848579 
280.036194 95.201385 
283.246185 73.615005 
138.006653 48.302193 
145.961319 39.218922 
159.214874 37.963486 
172.261475 42.014877 
184.980392 47.924973 
213.885040 49.755138 
229.320801 45.504745 
244.298477 42.712635 
259.565857 45.437893 
270.050751 54.911526 
197.339600 64.285591 
195.799133 75.594917 
194.170547 86.922264 
192.726379 98.688789 
180.893982 109.198631 
187.002151 112.339508 
193.832397 114.786583 
202.174561 112.763565 
209.996277 110.587570 
151.707535 64.041069 
159.642517 58.648926 
170.761444 59.196640 
179.297256 66.325531 
169.794998 69.077827 
158.800430 69.056587 
223.126114 67.718109 
233.074402 62.113499 
244.171280 63.272949 
252.396072 68.897209 
243.973572 72.716980 
233.161102 71.619270 
170.496399 139.308640 
179.970642 136.351166 
188.232117 134.319580 
194.214188 137.002487 
202.301224 135.092102 
212.936539 137.622635 
224.133148 141.697983 
213.012589 151.620132 
202.350113 155.418396 
193.487274 156.013596 
186.425919 154.565750 
178.799881 150.078323 
174.940125 140.813126 
187.881027 141.266815 
194.289856 142.643204 
203.057922 141.755264 
220.042831 142.555893 
202.979538 143.047287 
194.111694 144.144974 
187.572906 142.197647 
