68 2
106.729034 143.856079 
107.645592 157.027664 
110.005646 170.342407 
113.420204 182.910736 
118.282486 194.219177 
125.790787 204.055939 
136.401703 210.227081 
148.844971 214.177383 
162.454041 214.315979 
176.120438 211.247101 
188.374191 205.783859 
199.214050 198.892975 
206.429108 189.492188 
211.371826 178.074951 
214.028427 165.911514 
215.127975 153.284973 
215.331833 140.708069 
114.164345 126.161583 
120.444443 118.555382 
129.906113 114.804741 
140.391174 115.750107 
149.990234 119.664322 
164.808411 118.779732 
174.423386 114.348633 
184.725052 112.704689 
194.880035 114.646027 
202.267670 121.068886 
157.077530 130.083817 
156.718674 134.801865 
156.432297 139.372665 
156.236588 144.549438 
150.101990 158.587540 
153.944260 158.547379 
157.636841 158.503098 
161.785583 158.098694 
165.604797 157.593567 
124.956017 137.326889 
130.565994 132.672287 
137.614151 131.706192 
144.200912 135.193329 
138.194901 137.527725 
131.110184 138.576614 
171.390793 133.096603 
177.694321 128.620285 
184.747086 128.819901 
190.517029 132.511917 
185.115311 134.995575 
178.131775 134.952942 
143.074509 184.797119 
148.380997 174.886047 
154.773849 169.318542 
158.665466 169.988815 
162.621735 168.787613 
170.898392 173.684387 
178.643616 181.697891 
171.419952 186.196228 
164.265549 187.725250 
160.028870 188.277679 
155.909576 188.886826 
149.501297 188.254700 
146.574158 183.459320 
155.780090 176.505707 
159.414276 175.971573 
163.518723 175.877075 
175.096436 181.073792 
163.495819 180.253662 
159.169907 180.667877 
155.616379 181.265472 
