68 2
171.505219 114.624229 
172.314285 128.452866 
174.105179 141.801575 
176.155273 154.881027 
180.271408 167.217316 
186.997314 178.542892 
196.238220 188.209351 
206.115402 196.211105 
217.570236 198.035324 
228.610046 195.530457 
238.400391 188.097565 
247.056610 179.358429 
253.850067 169.137344 
258.197449 157.456848 
260.779144 145.446198 
263.749329 132.845978 
265.980591 120.126640 
179.254364 108.245865 
186.081009 103.519073 
194.733414 103.538139 
203.092087 106.237396 
210.511627 110.074768 
229.528152 110.496071 
237.860321 107.657089 
246.371933 106.670738 
254.536591 108.655518 
259.842926 114.342201 
220.353638 119.090729 
220.216934 127.498451 
220.004211 135.878204 
219.799286 144.548462 
209.181229 147.350250 
213.977036 149.650772 
219.003876 151.599670 
223.908127 150.252548 
228.410370 148.644119 
187.903137 118.066757 
193.136505 115.316734 
200.005920 115.911919 
205.434113 120.317101 
199.657684 121.498848 
192.828796 121.245331 
232.701874 121.984726 
238.858719 118.233795 
245.140900 118.705902 
250.055283 121.777397 
245.416122 124.269463 
239.027130 123.931084 
197.883896 162.368958 
205.507858 159.955536 
212.718109 159.090927 
217.474579 160.853622 
223.185837 159.997513 
229.685242 161.683167 
235.591690 164.577576 
229.169815 172.352921 
222.321671 175.752380 
216.244980 176.259583 
210.774750 175.268005 
204.018799 171.665222 
200.645920 163.049469 
212.390671 162.397675 
217.365753 163.474670 
223.167999 163.073181 
232.798996 164.902969 
222.605652 169.642273 
216.562149 170.395264 
211.491867 169.213394 
