68 2
131.749451 96.082329 
131.892120 110.936127 
133.666748 125.812637 
136.831970 139.952301 
141.242981 153.559708 
147.690338 165.791336 
157.219559 176.093323 
168.593399 183.982117 
183.095917 186.137955 
197.778351 184.122559 
210.490891 176.939484 
221.720276 167.195251 
229.987244 155.270020 
235.428955 142.049713 
238.621582 128.075882 
240.609268 113.549713 
241.926682 99.099037 
139.114563 83.185379 
145.428818 76.575104 
154.757523 74.570267 
164.288055 76.074959 
172.497345 80.120735 
196.003708 80.477608 
205.328796 77.625771 
214.871780 76.896576 
224.066589 79.173599 
230.256668 85.608833 
184.139954 92.408974 
183.915131 99.546249 
183.771774 106.695061 
183.662399 114.205582 
172.914642 123.995712 
177.910645 125.761505 
182.997665 127.012032 
188.867264 126.115463 
194.172852 124.616249 
150.241592 94.103203 
156.247131 90.304474 
163.517441 90.529243 
169.706100 95.065765 
162.977615 96.572418 
155.845230 96.645721 
199.272202 95.807220 
206.187805 91.867599 
213.201736 92.082909 
218.743896 95.625938 
213.242004 97.912300 
206.212952 97.596558 
164.034851 147.492416 
170.448166 140.619446 
177.293137 137.727356 
182.016205 139.238632 
187.557938 138.049377 
195.133987 141.575104 
201.735352 147.683899 
195.075043 153.002945 
187.783966 155.018036 
181.861725 155.354584 
176.515717 154.812531 
169.901871 152.690262 
167.421982 147.095825 
176.812744 142.913513 
181.918396 143.231186 
187.781082 143.000168 
198.530640 147.243149 
188.213684 147.313522 
182.254471 148.036880 
177.019226 147.281143 
