68 2
113.877914 140.404419 
114.222969 153.854752 
116.336319 167.452698 
119.700439 180.664322 
125.046227 192.479797 
132.904480 202.544434 
144.939941 209.013687 
157.634171 212.980606 
171.549744 213.254105 
184.969086 210.051178 
197.470093 204.436447 
208.221176 196.361374 
215.354401 185.834015 
219.961044 174.027802 
222.470108 161.741974 
223.235718 149.145142 
223.178574 136.499237 
121.914360 121.462006 
128.734528 114.870850 
138.568085 112.321243 
149.021942 114.206459 
158.150146 118.896523 
174.982529 118.773613 
184.469482 114.501740 
194.670761 112.688576 
204.575729 114.450958 
211.691391 120.546303 
166.541946 129.896484 
166.369675 135.441696 
166.341492 140.991669 
166.447357 147.031525 
157.915741 158.567337 
162.541702 159.287598 
166.962097 159.732697 
171.631454 159.109482 
176.027161 158.299866 
132.247467 133.966827 
138.081085 130.154968 
145.182205 129.821167 
151.815659 133.731033 
145.502274 136.069962 
138.184311 136.688629 
181.119446 132.848450 
187.496841 128.594162 
194.568085 128.885941 
200.241196 132.153458 
194.935257 134.959503 
187.908798 134.974991 
152.180298 182.114258 
159.101578 176.060043 
165.324066 172.037598 
167.984009 172.912354 
170.939117 171.887741 
177.829681 175.530289 
185.833984 180.037766 
178.508774 184.080841 
172.504135 185.434845 
169.259338 185.669403 
165.957169 185.869141 
159.841339 185.059860 
155.720184 181.271286 
165.915283 178.364685 
168.565918 178.220047 
171.457123 178.081543 
182.165771 179.670898 
171.496307 178.419571 
168.587555 178.398849 
165.904358 178.814178 
