68 2
146.751587 85.816803 
147.903503 107.638359 
151.085663 128.592789 
154.164261 148.346802 
159.937164 167.712708 
169.023010 185.093689 
181.166214 200.863647 
194.963104 214.033188 
212.816711 218.235367 
229.965958 216.453827 
244.931259 204.651062 
258.527496 190.998505 
270.216156 175.370575 
279.074768 157.592102 
285.289063 139.474884 
291.172821 120.394829 
295.499512 99.820824 
153.666336 75.871391 
163.875290 66.485199 
179.499817 67.189758 
193.863876 72.967827 
207.425400 80.583473 
236.661072 83.604630 
251.438751 78.983009 
265.994202 75.031807 
280.876587 76.070541 
290.146729 85.445564 
221.197754 95.004242 
220.167175 109.031578 
219.251526 123.112701 
218.325623 137.472717 
202.394318 142.952820 
209.429718 146.585022 
217.095459 149.622314 
225.658646 147.704407 
233.397110 145.370300 
168.326935 90.788101 
177.591309 85.700157 
189.506058 86.790451 
198.408203 94.890472 
188.333679 97.322701 
176.580490 97.066971 
242.717743 98.432343 
253.254227 91.941803 
264.719391 92.968475 
272.628235 98.755150 
264.809753 103.355728 
253.442688 102.177116 
189.732208 170.191833 
200.593597 168.552460 
209.474701 167.536194 
215.801514 170.472198 
223.558899 168.775543 
232.419708 170.915344 
241.432678 174.162186 
231.818497 182.435562 
222.887054 185.076599 
214.922531 184.895294 
207.383972 183.880035 
198.882507 180.225571 
194.105804 171.362564 
208.578369 173.800980 
215.787033 175.817825 
223.755356 174.792465 
237.487381 174.713745 
223.627167 174.032898 
215.589828 174.270584 
208.354034 172.736725 
