68 2
122.374634 129.405685 
123.158417 144.923248 
125.310532 160.333084 
127.781685 175.152634 
132.063171 188.870850 
139.652924 201.098297 
150.894699 211.657318 
164.347473 220.401520 
180.065750 223.832443 
195.097076 222.441864 
208.536011 215.689285 
219.987488 206.234909 
227.956085 193.608780 
232.586975 178.704620 
236.126678 163.454163 
239.899063 148.437027 
241.908371 133.384460 
135.329559 110.168709 
143.057251 103.215233 
153.173523 100.094131 
163.791092 101.324409 
173.499969 105.025810 
200.645218 106.929413 
210.703110 103.558929 
220.649353 102.985214 
230.063126 106.546623 
236.293182 113.744537 
187.130096 121.937347 
187.092484 132.168747 
187.152832 142.026718 
186.982010 151.999130 
175.463089 161.119858 
180.609741 162.713318 
185.765686 164.126175 
190.947144 163.395981 
195.859680 162.534439 
145.099716 124.021400 
152.481705 119.134315 
161.948776 119.725792 
169.689590 126.059364 
161.330963 128.108749 
152.105515 128.051804 
202.090424 128.249542 
210.810516 122.361847 
219.838913 122.843613 
225.723404 128.401260 
219.480331 131.605164 
210.709763 130.885468 
159.304321 182.747437 
169.133011 177.113922 
178.149399 174.140717 
185.464844 175.115494 
193.199631 175.081940 
201.243896 179.031418 
208.060028 185.532135 
200.440445 191.569763 
191.836639 194.607101 
184.016296 195.354935 
176.324478 194.016769 
167.861633 190.180847 
163.598679 182.792435 
177.787003 180.623566 
185.235855 180.602158 
193.154892 181.559341 
204.340012 185.158768 
192.611511 186.464432 
184.510284 187.120163 
177.044098 185.875305 
