68 2
95.002655 97.435715 
95.085899 111.100250 
96.114166 124.841171 
98.146027 138.431030 
102.617409 150.947968 
109.212578 162.102539 
117.957359 171.719574 
128.894836 178.184555 
142.205597 179.287399 
155.276794 176.684540 
165.705429 169.385605 
173.836365 159.657898 
180.347061 148.210999 
184.305237 136.164856 
186.542648 124.127594 
188.026459 111.759560 
188.985565 99.724228 
101.663216 79.264191 
107.811813 73.441170 
115.816933 70.494942 
124.786095 70.964020 
133.311188 73.442772 
154.212479 73.601929 
161.689331 70.632538 
169.438446 69.804550 
176.887024 71.475037 
181.676422 77.039833 
143.905930 85.141319 
143.694611 93.541351 
143.491760 102.013542 
143.287689 110.792389 
132.877930 117.981987 
137.342209 120.167099 
142.216721 121.526642 
148.057556 120.448959 
153.138947 118.539581 
112.721992 89.678383 
118.128090 86.333282 
124.670082 86.172966 
130.071320 89.802162 
124.519005 91.849213 
118.002632 92.105133 
155.889740 89.943771 
162.252792 86.217255 
168.524002 86.250191 
172.725113 89.540100 
168.599548 92.314133 
162.449005 92.034317 
123.309502 142.230530 
131.058960 139.056213 
138.050140 136.799103 
142.316452 137.575272 
147.035172 136.711975 
153.122833 138.831894 
159.402405 142.012604 
153.045593 143.836121 
146.864471 144.506973 
142.011948 144.876480 
137.341782 144.717209 
130.543564 143.830750 
126.808037 141.243591 
137.772827 139.766083 
142.274124 140.029968 
147.083984 139.578949 
156.079285 141.027954 
147.242493 139.057007 
142.354675 139.823212 
137.704178 139.660431 
