68 2
134.114380 110.594170 
134.419647 128.558914 
136.463074 146.259460 
140.340240 163.562866 
146.621338 179.845917 
155.934753 194.131470 
168.122864 205.457825 
182.510391 213.169647 
198.993256 215.287445 
214.441574 211.542343 
227.383347 201.946396 
238.143387 189.072372 
245.594177 174.896103 
250.423935 159.997742 
253.887314 144.673279 
256.507355 129.300873 
257.889404 113.195297 
141.078339 99.562485 
150.282150 91.771172 
162.722656 90.132904 
175.136795 92.697983 
185.867844 98.258636 
212.819901 99.554924 
224.538010 95.293755 
236.500977 93.705498 
247.883865 96.029266 
254.335129 104.479065 
201.284607 113.517487 
201.011505 121.501678 
200.929016 129.375275 
200.939011 137.771545 
186.396622 148.578751 
192.883148 150.053253 
199.398148 151.480392 
205.786758 150.543060 
211.742706 149.358505 
157.626038 112.838181 
165.179718 109.934814 
173.535461 110.322060 
181.076660 114.693222 
173.306015 115.858398 
164.913620 115.840752 
217.730743 116.491005 
226.884949 112.907753 
234.836075 113.378578 
240.820236 116.665176 
234.674637 119.089142 
226.453094 118.578842 
173.745743 172.867935 
184.094711 168.360291 
193.731873 166.324158 
198.371155 168.288712 
203.648987 166.527420 
212.069672 169.374496 
220.103333 174.402893 
212.101471 180.855820 
204.310852 183.564270 
198.480194 184.175110 
192.876709 183.668442 
183.676270 180.347275 
177.389801 173.160385 
193.438446 172.198807 
198.385284 173.079239 
203.921402 172.009567 
216.450394 174.472916 
204.203232 175.547241 
198.739883 176.422867 
193.453949 175.633408 
