68 2
163.683334 114.247925 
164.478027 128.609482 
166.816559 142.310608 
170.086227 156.511917 
174.565613 169.733017 
181.277344 181.703964 
190.563293 192.701279 
201.433167 201.171661 
214.840271 203.500412 
227.242004 200.593567 
238.127090 191.950867 
247.395325 182.255798 
253.922501 170.289383 
258.325134 157.253860 
261.925812 144.359039 
265.229645 130.970062 
267.144226 116.862457 
170.495529 104.170044 
177.844284 95.405685 
189.153030 92.193153 
200.687103 93.849915 
211.109909 98.273819 
223.993118 98.346161 
234.629990 95.488998 
245.120575 94.973175 
255.191299 98.399826 
260.970367 106.442154 
217.565079 110.436119 
217.352783 120.327362 
217.062225 129.998337 
216.804520 139.921310 
206.491516 147.941483 
211.150848 149.045059 
215.994293 149.994278 
220.307800 149.378250 
224.374954 148.428070 
182.368698 110.604912 
188.522247 106.783783 
195.986633 107.224640 
201.867584 112.615875 
195.477737 113.637833 
188.208359 113.479973 
230.179306 113.757294 
236.769394 108.582947 
244.062195 109.022095 
249.252823 113.036057 
244.040390 115.351143 
237.284561 115.236137 
199.762924 170.960144 
205.214661 165.426346 
211.235123 161.899918 
214.542557 162.908020 
218.445404 162.267761 
224.422058 166.425507 
229.247314 171.848846 
224.360840 178.914093 
218.591522 183.064682 
214.287140 184.060074 
209.950714 182.863892 
204.771317 178.441833 
203.035507 170.832535 
211.131027 166.982483 
214.332840 167.029266 
218.159058 167.069427 
226.799744 171.614685 
218.462311 174.721222 
214.412094 175.887558 
210.950989 174.668427 
