68 2
129.446198 79.285751 
129.136749 92.807182 
130.666260 106.455948 
133.700500 120.013535 
138.105011 133.019180 
145.221924 145.263260 
154.825500 155.616150 
166.264603 163.866348 
179.829803 166.216003 
193.449951 164.530670 
204.594162 157.007904 
214.062134 147.177139 
221.251663 135.490433 
226.056473 122.903946 
229.281219 110.018051 
231.308243 96.974136 
231.941238 84.084618 
137.354004 67.239212 
144.009537 60.999893 
153.422470 59.763142 
162.525024 62.339436 
170.395081 67.204086 
192.294373 68.448502 
201.234055 65.681702 
210.214554 65.284683 
218.960892 67.633965 
224.095566 74.432976 
181.533798 79.666412 
181.362213 87.733063 
181.196304 95.809975 
181.143005 104.118431 
169.680069 110.813484 
175.039108 112.533432 
180.591827 114.275444 
185.938538 113.054680 
190.913879 111.911156 
148.408813 79.410851 
154.217499 76.173676 
161.205826 77.022400 
167.021790 81.664398 
160.540161 82.886261 
153.529175 82.490982 
194.808578 83.196396 
201.494690 79.492180 
208.237701 80.144791 
213.467987 83.800819 
208.252869 85.979279 
201.534149 85.537514 
159.892441 130.400269 
167.663971 126.006523 
174.792511 123.685997 
179.712189 125.132362 
185.399246 123.982216 
192.922638 127.115326 
199.399033 131.414444 
193.015518 139.928680 
185.761032 143.790710 
179.805908 144.309189 
174.200928 143.686356 
167.082245 139.521515 
162.873413 131.099823 
174.526169 128.516495 
179.699249 128.672333 
185.775391 128.612701 
196.554291 132.023590 
185.836761 135.287506 
179.856155 135.851578 
174.589478 135.253357 
