68 2
93.436127 124.964424 
95.677460 151.808777 
99.784798 178.262039 
105.164520 203.415985 
113.921997 226.550751 
126.414169 247.267960 
144.335175 264.584503 
164.546738 277.362213 
187.902206 279.776489 
209.480820 274.862976 
226.814575 258.893341 
240.830917 239.379913 
251.931152 217.646667 
259.355438 195.785675 
264.225555 174.688416 
267.695038 153.113525 
269.392242 130.343811 
104.995644 112.122559 
117.325996 98.019409 
137.055313 95.206665 
156.470139 100.481895 
174.186340 109.111412 
207.341873 110.871216 
223.946838 104.953926 
240.093018 100.340752 
255.753036 102.916573 
264.375549 115.289566 
192.093399 127.107750 
192.260849 143.650116 
192.426010 160.009766 
192.820450 177.161560 
171.016678 185.601089 
180.320770 190.091690 
190.010956 194.033417 
199.844803 190.805603 
208.089050 186.706848 
123.972397 129.120346 
134.764343 122.275406 
148.406815 122.891708 
159.816879 131.127258 
147.951233 134.812744 
134.283203 135.340012 
214.612915 132.441360 
226.819855 125.155975 
239.864334 125.895302 
248.291092 132.588409 
240.012527 137.650940 
227.133850 136.822601 
152.107590 223.518890 
168.839493 219.992737 
181.235641 217.693604 
189.178543 220.697296 
198.971817 218.227310 
209.447922 220.658768 
219.264954 224.096176 
208.795135 232.927063 
198.157043 237.636475 
188.130188 238.654404 
178.809708 237.364685 
167.165894 233.462646 
157.228516 224.244019 
180.353165 225.752960 
189.260941 226.784180 
199.455765 225.582947 
214.653183 225.012024 
198.940338 225.322830 
188.664001 226.881042 
179.447495 225.425354 
