68 2
165.370178 77.132843 
166.295624 86.997597 
168.038834 96.733261 
171.016037 106.174088 
175.170288 115.032379 
180.719452 123.178482 
188.332214 129.822800 
196.923141 134.280212 
206.961502 135.222656 
216.796860 133.156799 
225.066956 128.138489 
232.189072 121.639320 
237.739822 113.664818 
241.151779 104.525749 
243.035950 94.493835 
244.172394 84.350494 
244.686142 74.122101 
170.875793 62.747482 
176.048737 58.830315 
182.916565 58.141350 
189.594589 59.283264 
195.500793 61.971146 
212.056625 61.114136 
218.441666 58.654732 
224.961929 57.517666 
231.486679 58.402195 
236.337708 62.223145 
204.385910 69.774261 
204.636612 75.360130 
204.887146 80.913910 
205.194885 86.713959 
197.460876 92.965698 
201.136261 93.986786 
205.032196 94.762833 
209.079269 93.922951 
212.781235 92.923889 
178.901352 71.549889 
183.155533 68.707245 
188.460251 68.586395 
193.034317 71.516266 
188.481125 73.173935 
183.220657 73.512421 
215.247757 70.975357 
219.932831 67.853645 
225.023407 68.115051 
228.967667 70.734619 
225.282181 72.703125 
220.217072 72.526459 
191.864609 109.271027 
196.515198 105.200081 
200.708176 102.771637 
204.590744 103.481316 
209.004822 102.594856 
214.190842 105.071182 
218.816605 108.217552 
214.149979 111.418091 
209.371841 112.817604 
204.953842 113.326088 
200.977615 113.115143 
196.711914 111.976082 
194.178558 109.019623 
200.856766 106.963959 
204.866974 106.769089 
209.334534 106.651901 
216.302902 108.179863 
209.187393 107.318558 
204.768967 107.924606 
200.870789 107.730225 
