68 2
117.726982 63.092197 
119.497543 76.894516 
122.567230 90.380051 
126.397423 103.167046 
131.729431 115.247261 
139.125992 125.860321 
148.450851 135.048309 
159.163788 142.684464 
172.185455 144.521454 
184.665466 141.407120 
194.872574 133.072968 
203.482208 123.480553 
210.133484 112.110771 
214.440872 99.436935 
217.004181 86.542023 
218.270508 73.018402 
218.581512 59.263191 
125.366249 54.676598 
131.778015 49.107586 
140.397491 47.917801 
149.287567 48.602367 
158.037903 50.203842 
174.018387 47.871330 
182.823807 45.548798 
191.246490 44.107380 
199.771439 44.209435 
206.240234 48.848877 
166.466904 59.017998 
166.880814 67.372528 
167.178253 75.793350 
167.551300 84.444138 
158.567459 91.151237 
163.200882 92.439270 
168.138565 93.220322 
173.052338 92.091782 
177.445297 90.545372 
135.983673 62.138420 
141.178070 58.745625 
148.010284 58.225002 
153.382248 61.762722 
148.043854 63.964573 
141.466370 64.630318 
180.086395 60.268162 
185.438202 55.776108 
192.159134 55.672318 
197.543671 58.662186 
192.886520 61.923042 
186.357559 62.128078 
155.584457 113.554924 
159.750214 107.796394 
164.353210 104.499481 
168.335648 105.412933 
173.048752 104.317055 
178.560989 107.532654 
183.615433 112.572128 
178.970383 116.729004 
174.080643 119.278046 
169.261856 120.253471 
164.865524 119.690933 
160.355453 117.419525 
158.943909 112.887840 
164.647141 108.887901 
168.764603 108.928848 
173.648941 108.653702 
180.586731 112.288055 
173.776428 111.615952 
168.991074 112.831482 
164.737427 112.069244 
