68 2
119.068901 102.380264 
121.297729 122.650375 
124.389595 141.798157 
128.218887 160.962601 
135.018906 177.929672 
146.156693 193.316727 
161.856308 204.406693 
178.312531 213.068939 
196.632782 215.096039 
214.407761 211.749771 
229.199768 201.257355 
241.814178 189.045364 
250.152176 173.699234 
255.045197 156.423355 
257.964447 139.163147 
260.406067 120.518837 
262.202850 101.873146 
130.970871 81.267059 
139.631516 69.714363 
153.937973 65.340065 
169.059143 67.396286 
182.111755 73.559395 
211.531952 72.454582 
224.021957 67.395020 
236.952118 66.491035 
248.859558 70.661774 
255.041260 81.698250 
196.944885 93.986221 
197.095642 104.690025 
197.212219 115.212959 
197.377380 126.114326 
181.207214 136.555817 
188.939911 138.457962 
196.525497 139.871902 
203.692734 138.997787 
210.424515 138.014465 
148.248291 98.896950 
156.271439 94.488953 
165.380447 94.512047 
173.868652 98.815094 
165.677017 101.440643 
156.498428 101.924133 
213.921570 98.958519 
222.128281 94.552856 
230.976746 95.287819 
237.970291 99.183632 
231.102539 101.879669 
222.298615 101.674530 
171.140259 167.070633 
180.102722 159.141800 
188.833023 155.684845 
195.793747 157.682739 
203.515793 156.712891 
213.377747 161.276901 
222.064468 168.773254 
213.855881 178.493469 
204.358170 181.769150 
196.072266 182.258194 
188.321030 180.981033 
179.800385 176.562637 
175.744476 167.038300 
189.246094 161.190811 
195.925690 161.790359 
203.824356 161.820068 
218.393585 168.645660 
204.185394 173.176865 
196.104187 173.632385 
189.156403 172.167465 
