68 2
113.470711 91.268600 
115.012695 114.292519 
118.495079 136.430115 
123.134888 158.317795 
129.776077 178.970795 
139.194122 198.189026 
152.633820 215.569946 
169.609863 229.415466 
191.310974 234.391846 
212.357300 231.732422 
230.901672 219.359039 
246.603485 203.445786 
259.330200 184.923447 
268.313110 165.098663 
275.071625 144.263626 
280.778442 121.712311 
284.048737 98.458214 
119.918144 72.175201 
129.820740 58.985744 
146.699219 56.267803 
163.720673 60.602951 
179.562714 67.602600 
212.680344 69.000092 
230.538651 63.610405 
247.587509 60.104099 
265.039001 63.368504 
275.182098 75.624298 
195.237228 85.196869 
194.182114 99.280205 
193.142166 113.308594 
192.003601 128.127594 
175.216690 140.305862 
183.491028 143.459061 
192.020096 146.364914 
202.250381 144.116028 
211.218613 141.600510 
137.387390 88.490639 
146.896332 82.319809 
159.361816 82.466690 
169.824448 89.861275 
158.991776 92.883827 
146.623306 93.488441 
222.939041 91.084717 
234.384201 84.457237 
246.726807 85.376015 
255.860413 91.600655 
246.575577 95.466034 
234.593262 94.566727 
162.032364 177.418457 
174.012955 173.981628 
183.772278 171.175720 
191.256699 174.321564 
200.495926 172.098877 
211.713593 175.489502 
223.424667 178.927185 
211.587418 189.483826 
200.351990 194.141800 
190.435410 195.118317 
181.654602 193.480347 
172.750656 189.017365 
166.679306 178.504288 
182.949020 180.168839 
191.315720 181.632935 
201.000839 180.459030 
219.040710 180.006119 
200.898224 180.700378 
190.914993 182.398010 
182.388840 180.125916 
