68 2
123.496231 131.123886 
125.151489 146.837692 
128.429794 162.731750 
131.838562 177.457230 
137.442276 191.104736 
146.770233 202.625656 
159.336624 212.476807 
173.175735 220.263489 
188.937637 222.719910 
202.992065 220.534256 
215.140549 212.319687 
225.330521 201.376648 
232.913498 188.549988 
237.079773 173.428574 
239.790710 158.016876 
242.613495 142.784119 
243.548340 127.600708 
135.074951 115.777641 
142.501816 107.904900 
152.898285 104.334015 
163.935287 105.085220 
174.429626 108.153275 
199.720200 108.569427 
209.975357 104.243378 
220.492615 102.673264 
230.818146 105.682549 
237.773010 113.155205 
187.645905 123.514053 
188.096451 134.390259 
188.772339 144.852478 
189.273651 155.415237 
177.792053 164.440186 
183.269638 165.862106 
188.786819 166.954910 
194.398956 165.638504 
199.564758 164.158966 
145.587128 127.927650 
152.866150 122.694931 
162.589935 122.769424 
171.095734 128.839203 
162.491180 131.207809 
152.775070 131.570435 
202.991364 128.669800 
211.310730 122.009506 
220.309555 121.831825 
226.725098 126.735542 
220.840973 130.430496 
211.935455 130.581604 
163.381866 184.470032 
173.620697 179.965500 
182.675430 177.324249 
189.233826 178.091812 
196.340729 177.166992 
204.923523 179.528870 
213.285736 183.098419 
205.102600 188.859436 
196.743347 191.702316 
189.703751 192.687607 
182.807098 192.351700 
173.778961 190.151917 
167.760834 184.547882 
182.759064 183.415482 
189.401810 183.387848 
196.797577 183.255554 
209.247025 183.482483 
196.833786 183.910721 
189.567581 184.652237 
182.843796 184.445755 
