68 2
162.074005 88.492119 
163.050629 100.662148 
165.058685 112.462685 
167.958313 124.023911 
172.244324 134.708618 
178.069168 144.660583 
186.281311 153.000610 
194.992493 159.676346 
205.745331 161.520370 
216.587570 159.008377 
226.133102 152.264084 
234.578720 144.484879 
241.003357 135.079620 
245.086746 124.127075 
247.398407 112.527748 
249.604950 100.620483 
251.120392 88.349297 
167.127869 80.272926 
172.399902 75.033997 
180.012970 73.817726 
187.641541 75.248329 
194.635117 78.118202 
212.952820 76.841881 
220.541718 74.174225 
228.508850 73.334679 
236.090225 75.264496 
241.409149 80.378922 
204.186279 86.524223 
204.223907 93.559517 
204.213394 100.531494 
204.264023 107.822433 
195.986710 112.748367 
200.094620 114.158989 
204.345154 115.097778 
208.868530 114.089874 
213.158386 112.813148 
176.049774 88.591278 
180.513977 85.565765 
186.300354 85.539810 
191.405029 88.816895 
186.449554 90.277458 
180.721268 90.556084 
217.306824 88.762634 
222.600433 85.445290 
228.139618 85.661903 
232.711182 88.388489 
228.413635 90.526314 
222.836472 90.285011 
189.177063 130.297470 
194.496658 125.497314 
200.141174 123.270981 
204.329620 124.446846 
209.438309 123.511299 
215.474030 125.982002 
220.967651 130.457214 
215.623093 136.134598 
209.573822 138.682800 
204.226395 139.317261 
199.466492 138.643631 
194.110031 136.020172 
192.321426 129.674591 
200.295486 127.021782 
204.402634 127.526108 
209.582413 127.062653 
217.733231 130.093445 
209.465500 132.154617 
204.199387 133.078171 
199.900085 132.217850 
