68 2
105.731415 99.668175 
105.165077 113.257515 
106.011932 126.785347 
107.979179 140.285645 
112.299232 152.881363 
118.598877 164.042953 
126.864975 174.378571 
137.223373 181.878052 
150.247711 184.220734 
163.621979 181.710754 
174.150955 173.754669 
181.806091 163.503845 
188.605103 151.996063 
193.136475 139.224182 
195.791321 126.642670 
197.067001 113.749710 
197.422180 100.953888 
112.415253 84.324753 
118.296349 78.201782 
126.883804 75.357330 
136.326324 75.856766 
144.834717 78.534073 
164.630554 78.139763 
171.881439 75.275642 
179.290573 74.683372 
186.429810 76.363762 
190.991333 81.850128 
154.330139 89.331963 
154.094131 97.889458 
153.994446 106.514397 
153.810608 115.331093 
141.854263 120.652435 
147.072693 123.265625 
152.818771 125.023315 
159.146805 123.226768 
164.669785 120.894005 
122.868149 93.532082 
128.471375 90.124451 
135.143326 89.863129 
140.634811 93.310028 
134.932205 95.007774 
128.586304 95.306061 
166.114731 93.304405 
172.780701 89.906456 
179.032440 90.039200 
183.035797 93.314880 
178.810883 95.561409 
172.800278 95.178375 
131.490524 145.854416 
139.067215 140.548218 
147.009445 137.361526 
152.759766 138.199722 
159.442627 137.351791 
166.875305 140.323059 
172.600601 145.332733 
166.682388 151.926620 
159.291168 155.394348 
152.113205 156.364563 
145.750565 155.501602 
137.951065 151.731430 
134.832413 145.813843 
146.551193 142.305252 
152.771378 142.068390 
159.709656 142.534607 
169.742615 145.595901 
159.577225 147.981720 
152.525635 149.095367 
146.174988 148.046524 
