68 2
162.916916 90.190750 
164.217468 102.365898 
166.658035 114.285858 
169.704483 126.297768 
174.176514 137.174347 
180.601074 147.310242 
189.058960 155.860779 
198.472305 162.504333 
209.708191 163.618530 
220.567566 160.751053 
229.706406 153.205261 
237.564270 144.536453 
243.542236 134.800690 
247.116348 123.894012 
248.923691 112.541748 
250.880829 100.761932 
252.077850 88.640739 
168.809616 82.971573 
174.599106 77.779419 
182.588974 76.868721 
190.690781 78.037880 
198.165100 80.676559 
215.561707 79.779388 
223.108719 77.107002 
230.903351 76.071449 
238.323593 77.320824 
243.671707 82.024338 
207.462677 89.027397 
207.675720 96.305283 
207.892349 103.544113 
208.118866 111.209854 
199.378235 116.096085 
203.598846 117.839111 
208.033096 119.154839 
212.555817 117.693398 
216.664856 115.965179 
177.873810 90.787628 
182.444199 87.717705 
188.544418 87.678368 
193.860504 91.181549 
188.595596 92.653656 
182.620758 92.998009 
219.734070 90.744858 
225.074844 87.147675 
230.890976 87.259171 
235.425125 89.916222 
231.310379 92.203629 
225.501465 92.154755 
191.259064 132.274048 
197.632156 129.254456 
203.543213 127.741997 
207.730774 128.980042 
212.638260 127.846626 
218.663666 129.383957 
224.557190 131.926086 
219.203415 138.349045 
213.055191 141.097000 
207.776093 141.716736 
202.966415 141.201004 
196.998047 138.906982 
193.642960 132.310120 
203.362732 130.987091 
207.833572 131.509048 
213.038620 131.008911 
222.200394 132.251434 
212.916199 135.628204 
207.539246 136.460144 
202.989288 135.813477 
