68 2
126.379379 112.103447 
126.888603 131.034302 
129.511169 149.891891 
134.061859 167.635300 
140.758820 184.299362 
150.086838 199.381744 
162.432800 211.575821 
176.844742 220.797180 
193.417999 222.623718 
208.977600 219.439667 
221.940552 210.026077 
232.757706 196.746643 
240.859192 181.814682 
246.222977 165.713791 
249.790222 149.409882 
252.468811 132.227127 
253.756134 114.728760 
133.905899 102.640991 
143.552887 95.751396 
155.709610 95.196503 
167.595001 98.395805 
178.455276 103.824669 
207.524521 104.251801 
219.002808 99.353394 
230.695663 97.048515 
242.179993 98.363739 
249.537292 105.337914 
194.067993 118.546616 
194.151657 127.371513 
194.275742 136.163696 
194.466049 145.175446 
181.006897 156.036133 
187.282715 157.300827 
193.581863 158.414429 
199.503708 157.487595 
205.195526 156.355057 
149.015244 116.959923 
156.512604 113.047272 
165.622696 113.890503 
173.366837 119.458565 
165.048889 121.050568 
155.921478 120.811317 
211.911072 120.478989 
220.603836 114.902428 
229.238144 114.814301 
235.724396 118.835342 
229.751770 122.340874 
220.991425 122.317833 
169.047440 180.869919 
178.848602 175.813766 
187.974854 173.330292 
193.081696 175.137039 
198.854126 173.471008 
207.050644 176.236877 
214.470306 180.919510 
207.581360 188.590332 
199.922470 192.851028 
193.472031 194.104263 
187.371521 193.475266 
178.371948 189.843445 
172.860382 181.240326 
187.583557 178.580536 
193.124802 179.276367 
199.382813 178.469742 
211.384598 181.411423 
199.751129 183.741608 
193.549133 185.218842 
187.721802 184.358673 
