68 2
138.900635 121.571617 
140.162628 134.214813 
142.602325 146.703415 
145.720795 158.409973 
150.641586 169.510010 
157.865173 179.085205 
166.405304 187.316727 
175.880432 193.286240 
186.339172 195.040848 
196.152710 191.816147 
204.950394 184.375107 
212.872559 176.575836 
218.820496 167.388916 
222.478210 156.834839 
224.750458 146.224457 
226.856415 135.152679 
228.642761 123.389961 
148.139175 114.402069 
155.343521 109.520706 
163.960449 108.346748 
172.839325 109.956635 
180.457687 114.112762 
195.522217 113.870514 
202.641220 110.871063 
210.018753 109.885048 
217.058762 111.935135 
221.776077 116.724663 
187.699768 125.231285 
187.598434 132.814316 
187.477982 140.119690 
187.278687 147.754791 
177.175171 151.603256 
181.714096 152.743423 
186.189316 153.795792 
190.496765 153.384995 
194.481842 152.799866 
159.841400 123.568573 
164.502518 121.358749 
169.925812 121.890289 
173.979462 125.489243 
169.439377 126.419449 
164.223572 126.080170 
197.942795 126.980331 
202.413681 123.370689 
207.897339 123.712189 
212.060669 126.601654 
208.069031 128.612167 
202.930267 128.461838 
171.703796 167.643555 
175.761459 163.061050 
180.382736 160.552750 
184.222275 161.461624 
188.469131 161.242004 
192.802383 164.628372 
196.292923 168.996628 
192.692535 176.154053 
188.575256 178.927872 
183.844391 179.611740 
179.279129 178.399094 
175.098251 174.303711 
174.598694 167.455719 
180.340637 164.485825 
184.234268 164.944199 
188.302643 165.240768 
193.597549 168.947968 
188.377472 172.046906 
183.983536 173.052719 
179.894592 171.754013 
