68 2
91.128479 104.119698 
90.916046 118.410019 
92.232574 132.724442 
95.030533 147.023178 
99.900162 160.928635 
105.782089 174.239410 
113.293121 186.142441 
124.355988 194.063660 
137.662155 195.625229 
151.985489 191.480743 
162.695663 182.031067 
171.184021 170.597137 
177.313828 157.308136 
181.530869 143.800446 
184.335739 130.009201 
185.603653 116.518486 
186.234116 102.880203 
96.369354 88.353622 
101.642754 81.696144 
110.023979 79.062256 
119.102676 79.767937 
127.293945 82.232353 
148.658478 82.155838 
156.555923 78.938118 
164.957581 78.248039 
173.341003 80.166473 
178.482071 86.547432 
137.262131 94.393829 
136.910065 103.105972 
136.724960 112.013351 
136.610550 121.080536 
124.897530 126.200836 
130.366516 128.244415 
136.438034 129.859177 
143.316513 127.891304 
149.369186 125.873062 
105.627350 98.157387 
110.695038 94.378540 
117.218475 94.512230 
122.463638 98.074509 
116.970688 100.032509 
110.744141 100.122559 
151.804108 97.645538 
157.598862 93.708725 
164.196136 93.873314 
168.957245 97.257385 
164.227585 99.509018 
158.114197 99.432861 
117.085991 156.341141 
121.889320 147.163300 
130.175339 142.701370 
136.676880 143.672775 
144.067841 142.412384 
152.270844 146.696442 
156.882690 155.518616 
152.638367 166.808777 
144.789139 173.541687 
136.443375 175.300903 
128.653244 174.001297 
120.634003 168.021500 
119.783676 156.465866 
129.667465 149.338669 
136.508331 148.892349 
144.365723 149.153076 
154.150696 156.014816 
144.612228 163.398422 
136.399628 165.756485 
129.105682 164.141876 
