68 2
135.646820 131.411453 
137.098068 147.955765 
140.481903 164.190323 
144.466232 179.968994 
150.668350 194.558899 
161.030685 206.878922 
173.305557 217.152924 
186.814819 225.768631 
202.451859 227.993591 
216.471649 224.758698 
228.247498 215.386368 
238.749817 204.069870 
246.864563 190.968658 
251.416199 176.132950 
254.029785 160.551636 
256.416290 145.322571 
257.077179 129.545761 
146.715759 114.620323 
153.747528 107.144569 
164.025955 102.537682 
175.059433 102.897583 
184.896515 106.171425 
215.675262 105.724693 
225.709335 102.039131 
235.819443 101.405060 
245.071320 105.138092 
251.385468 111.837555 
200.931992 123.147026 
201.647583 133.151505 
202.323227 142.880402 
202.849609 152.595016 
191.565536 162.932556 
197.021790 163.958237 
202.559814 164.912842 
207.623718 163.648666 
212.602051 162.324371 
158.407852 127.986954 
165.413437 122.595497 
175.214478 122.462608 
183.679214 128.329498 
175.206604 130.822433 
165.686935 131.301956 
216.315109 128.097488 
224.516815 122.049873 
233.614182 121.870102 
240.299454 126.816864 
234.072891 130.221680 
225.137436 130.151718 
176.671844 186.088684 
185.658661 179.045029 
195.158340 174.951843 
202.785141 175.501495 
210.255234 175.007828 
218.838608 178.715363 
226.695724 184.756790 
219.129715 194.818817 
210.421463 199.979279 
202.458191 201.377396 
194.307434 200.440979 
184.838409 195.788025 
180.943314 185.940536 
195.055405 181.133331 
202.839706 180.509140 
210.710358 181.003571 
222.705414 184.891418 
210.476868 191.449219 
202.334702 192.621521 
194.458725 191.860291 
