68 2
118.011948 94.723892 
117.590073 110.240898 
118.283417 125.832062 
120.194054 140.904633 
125.251450 154.317123 
133.576660 166.366348 
143.985107 176.671768 
155.409012 185.332306 
168.589905 187.937408 
181.062912 185.649918 
192.126831 177.944061 
202.862366 169.620087 
211.652374 159.121902 
217.734100 146.611847 
220.913116 133.211014 
223.024139 118.887939 
224.710266 103.705795 
126.131073 92.882439 
133.791336 85.544281 
145.304504 84.137589 
156.966660 86.265541 
167.595428 90.813042 
181.151566 91.570282 
191.909088 88.412003 
203.146576 87.470787 
214.071960 90.872810 
220.474579 98.868996 
174.425995 99.750740 
173.989761 110.481903 
173.475143 120.999481 
173.103973 131.878494 
160.361298 134.557159 
165.799820 137.098694 
171.725693 139.149826 
177.707489 137.796997 
182.986877 135.692078 
138.273911 99.308151 
144.452637 96.050255 
151.933411 96.523727 
157.972305 101.578369 
151.345078 102.868057 
143.866455 102.619461 
187.384872 103.438316 
194.270966 99.063301 
201.670547 99.910362 
207.240280 103.763931 
201.612885 106.091362 
194.376068 105.606316 
150.250946 152.966476 
157.335037 149.611771 
164.657013 148.663086 
169.520294 150.402603 
175.510818 149.478455 
182.217117 151.829651 
188.002747 155.236526 
181.796234 162.911880 
174.716064 166.570984 
168.519745 167.085587 
163.155762 165.724075 
156.395889 161.204941 
153.588928 153.016785 
164.577042 151.579239 
169.468597 152.674835 
175.452942 152.276642 
184.907959 155.095428 
175.297424 159.495087 
169.131653 160.157608 
164.068420 158.735504 
