68 2
173.702942 64.385414 
175.403198 80.178894 
178.406784 95.615982 
182.119843 110.331863 
187.987701 124.385811 
196.770523 136.989334 
208.116684 148.099365 
220.198318 156.879547 
234.091064 157.929398 
246.434143 154.204041 
255.993378 143.720886 
264.391693 131.663147 
271.287018 118.554947 
274.566406 104.541435 
276.472229 90.250725 
277.921021 75.561264 
278.372864 60.927925 
183.289993 65.054558 
191.512985 59.781357 
201.489395 58.226692 
211.776688 59.612663 
221.425644 62.590839 
241.558212 60.952339 
250.311844 56.564423 
259.840454 53.772659 
269.497894 54.150665 
276.329651 59.239441 
231.959717 70.434906 
232.441132 81.557617 
232.973557 92.703865 
233.479111 104.066978 
221.095505 107.424034 
227.151703 109.315819 
233.558670 111.130424 
239.457108 109.196350 
244.700623 106.996559 
194.607025 72.219032 
201.064621 69.253166 
209.018005 68.934013 
215.504822 72.767792 
208.941071 75.352966 
200.966995 75.893456 
245.432587 71.177727 
252.421112 66.461517 
259.873749 65.959602 
265.635620 68.556572 
260.793579 72.554825 
253.439453 73.036591 
212.689087 126.324188 
221.232269 124.277031 
228.355148 122.705238 
233.167450 124.051483 
238.728683 122.602432 
245.565704 124.276283 
252.753494 124.854721 
245.985031 131.591095 
239.606445 135.553802 
233.531677 136.730148 
227.972794 135.986420 
220.824280 132.301895 
216.185898 126.250763 
228.457092 125.588531 
233.289764 126.407906 
238.990646 125.371864 
249.187393 125.420570 
238.930771 127.450371 
233.122635 129.053513 
228.084930 127.951500 
