68 2
150.958939 69.643723 
151.681030 83.518547 
154.033081 97.320526 
157.457581 110.521637 
162.891571 123.210381 
170.067490 135.201843 
178.706635 145.590897 
189.575104 153.000839 
202.527420 153.773758 
215.298981 150.318817 
225.097046 141.213318 
233.293289 130.750549 
238.976974 118.591339 
243.299911 105.439400 
245.573242 92.095436 
246.766525 78.237473 
246.996826 64.983307 
157.596329 60.172836 
163.799423 54.566067 
172.936310 52.614388 
182.669144 54.107910 
191.020462 58.016785 
207.495438 57.319199 
215.431473 51.859249 
224.432327 48.626785 
233.898926 48.981346 
240.397919 54.306305 
200.324326 67.327461 
200.885635 78.272896 
201.434479 89.409279 
201.809891 100.452522 
189.900238 102.920059 
195.557053 105.151825 
201.674576 106.881996 
207.534119 104.317169 
212.380035 101.546806 
167.991623 68.116333 
173.753906 65.083214 
180.861862 65.272972 
186.673828 69.407013 
180.558960 71.304573 
173.591827 71.371780 
212.363251 67.897598 
218.467102 62.720840 
225.217484 62.054661 
230.648651 64.601952 
226.002213 68.192162 
219.563354 68.789017 
182.050827 122.273300 
189.132874 118.688568 
196.211243 116.175362 
201.294220 117.093964 
206.814362 115.470184 
213.850204 116.985352 
220.256653 119.071289 
214.662048 126.862793 
208.255280 131.848480 
202.009521 133.730484 
196.040207 133.227356 
188.876587 129.885986 
184.531158 122.777954 
195.951019 120.454468 
201.416275 120.255005 
207.384628 119.636841 
218.067902 120.100060 
207.702744 124.716881 
201.579651 126.582558 
195.987823 126.088776 
