68 2
135.688477 109.700714 
138.039780 125.419380 
142.424713 141.063126 
147.599762 155.746155 
154.542557 169.805313 
165.439789 181.476624 
178.494827 190.758667 
193.005402 197.379822 
208.376831 197.921921 
222.173889 194.127625 
233.889236 184.674423 
243.934296 172.789169 
251.263840 159.343124 
254.105896 144.321075 
255.483887 128.772522 
256.318115 113.770897 
255.301025 98.924576 
146.917908 96.342949 
153.392685 87.541031 
163.716080 82.721130 
175.237015 82.604500 
186.023865 85.557770 
212.560303 82.761086 
222.605133 78.345123 
232.710236 76.947258 
242.411438 80.128784 
248.868332 87.084023 
200.419861 99.769203 
201.514191 109.643524 
202.739838 119.196014 
203.897125 129.060028 
193.484619 140.541550 
199.097977 140.737808 
204.601532 141.167603 
209.580627 139.917786 
214.394806 138.930603 
159.646561 105.930176 
166.600967 100.872879 
175.640915 100.336449 
183.497391 105.485229 
175.963531 107.919640 
166.961502 108.804466 
216.345856 103.156158 
223.971710 96.758591 
232.468643 96.342758 
239.108612 100.471550 
233.542557 104.133881 
225.052261 104.663681 
180.583313 160.129974 
190.887543 155.158936 
199.557953 151.833344 
205.578201 152.682617 
211.925644 151.069702 
221.209335 153.449417 
229.930237 156.201782 
221.687637 163.220551 
213.368698 167.319504 
206.480789 168.933044 
200.026245 168.753418 
191.194397 165.823639 
184.943924 160.258606 
200.282059 159.217102 
206.029266 158.893188 
212.592743 158.200256 
225.766541 157.063217 
212.390564 158.813278 
205.868576 160.204224 
200.111008 160.020325 
