68 2
106.999313 32.342640 
107.980705 54.701061 
112.215385 77.338745 
116.575653 98.408897 
122.839897 119.014526 
132.084335 138.459656 
144.348785 156.384216 
159.053162 171.668365 
179.942825 176.625717 
200.597061 173.905304 
218.699417 161.728577 
234.674561 145.752960 
248.592041 128.139221 
259.022858 108.227737 
265.540497 85.987198 
269.932007 62.881538 
272.158966 38.601273 
109.977104 12.855423 
120.709000 1.906103 
137.243225 1.694846 
152.695496 8.311178 
166.618332 17.154928 
195.042419 16.791161 
211.036438 9.278228 
227.840408 4.117253 
245.250305 6.214696 
257.207550 16.220852 
179.632874 32.661377 
178.855347 47.545341 
177.766113 62.623779 
176.910568 78.141472 
161.298447 88.475327 
169.097595 92.368622 
177.555603 95.694756 
187.670776 92.818512 
197.431137 90.057976 
124.158775 32.667709 
133.418839 26.261026 
146.790176 27.129259 
157.618469 36.170296 
146.058472 39.638016 
132.827850 39.557617 
207.694641 37.513088 
219.645401 29.344051 
232.537979 29.988770 
241.887695 36.419529 
233.292236 42.155071 
220.298904 41.536221 
150.777679 121.923424 
161.812134 118.083183 
170.580673 115.615196 
178.071335 119.041107 
187.670731 116.543129 
198.687714 119.304024 
211.045959 123.464264 
199.371582 132.826111 
188.668365 136.596268 
178.226746 137.349625 
169.434753 136.277435 
160.763901 132.378555 
155.718872 123.662216 
169.956863 124.138031 
178.454453 125.821198 
188.472046 124.714569 
206.312851 124.552559 
188.540344 124.094986 
178.270813 125.228775 
169.670013 123.310944 
