68 2
119.366562 108.766808 
122.602646 132.153503 
127.735634 154.607605 
133.414352 176.182175 
142.401993 195.678864 
155.705399 213.017151 
171.388809 228.350281 
186.528900 242.028183 
205.392944 245.788956 
223.589279 241.981934 
239.720078 228.211838 
254.489532 212.465424 
266.340698 192.828064 
274.095703 171.272125 
277.365234 149.178360 
279.869415 125.433067 
279.993500 100.593979 
128.322586 105.795906 
137.979874 93.638199 
153.931900 89.517143 
170.178802 91.227043 
184.604187 97.093025 
213.958633 92.678604 
228.911621 84.989456 
244.543243 81.228676 
260.678833 83.924339 
270.284332 95.411446 
200.726990 112.735207 
201.260315 129.125229 
201.654266 145.441727 
201.985611 161.829529 
184.624359 166.799866 
192.559921 170.776703 
201.467361 174.047562 
210.688339 170.884140 
219.113754 167.575775 
146.080994 115.778549 
155.132645 109.556534 
166.972488 109.034760 
176.570190 116.226601 
166.685898 118.713432 
155.133179 119.524139 
222.990173 112.863396 
232.279510 103.861343 
244.120987 103.082565 
252.898865 108.366493 
245.261658 113.287415 
233.980957 114.255684 
175.214096 196.215561 
183.210144 190.487396 
193.264374 188.129623 
200.289124 190.403427 
209.196182 189.010788 
220.514206 192.602829 
231.781876 197.374649 
222.469086 213.296631 
211.237442 221.185196 
201.411057 222.649307 
192.523392 220.754822 
182.471207 211.973846 
179.825012 196.212265 
193.095184 193.316010 
200.343201 194.887299 
209.288498 194.060715 
227.023636 197.952896 
210.923264 208.106110 
201.592346 209.859451 
193.462524 207.491058 
