68 2
139.845123 113.933075 
141.610565 128.127151 
144.656021 142.524551 
148.079224 156.543213 
153.771652 168.966476 
163.381363 179.222229 
176.533142 186.553192 
191.131104 191.851044 
206.226334 192.612244 
219.811249 189.662415 
231.852753 183.086182 
242.190994 174.971130 
249.789230 163.974518 
253.145432 150.476990 
254.780655 136.553528 
255.821121 122.666733 
256.207886 109.039787 
150.505676 93.652489 
158.101547 85.392929 
168.826035 82.333099 
180.525879 82.252625 
191.317657 85.317726 
211.511169 83.986183 
221.870407 80.438873 
232.326584 80.330849 
241.789063 83.636101 
248.091690 90.490875 
201.219330 94.881134 
201.745193 101.310638 
202.464020 107.814522 
203.182632 114.945816 
191.375778 126.785553 
197.169937 127.510956 
202.947372 128.562637 
208.383957 127.501114 
213.523010 126.854927 
162.095703 101.015045 
168.826523 95.364906 
177.875000 94.904289 
185.506775 100.068237 
177.957687 102.591888 
169.184387 103.280937 
215.756241 98.933296 
223.168564 92.728531 
232.004120 93.091911 
238.679123 98.178947 
232.489441 100.884201 
223.910477 100.780746 
176.782181 150.875626 
186.529846 142.468353 
197.048889 138.239502 
203.552017 139.164093 
210.766083 137.924011 
220.595535 141.660080 
228.937668 148.949387 
221.279221 159.228043 
212.014008 163.434341 
204.100800 164.266327 
196.832184 163.902710 
186.244125 160.367508 
180.262619 150.970398 
196.866272 143.568451 
203.747864 143.218048 
211.398163 143.186890 
225.460419 149.265198 
212.047577 155.952988 
204.018127 156.957397 
196.966492 156.665680 
