70 2
141.620300 67.151810 
141.426071 80.446899 
142.881683 94.199440 
145.384216 107.995010 
150.692154 120.404755 
158.735886 131.654480 
167.840363 141.692337 
178.578674 149.615814 
191.807083 150.962738 
204.208908 147.792221 
213.931961 138.994324 
222.307968 128.395676 
229.589005 116.832275 
234.603195 103.759979 
236.611572 90.167030 
237.418457 76.292572 
237.481552 62.856628 
147.287643 54.599865 
153.352524 48.683914 
162.301544 46.934269 
171.668488 48.391254 
180.015640 52.298279 
197.670059 52.392670 
205.822540 47.273335 
215.091522 44.683830 
224.321060 46.369724 
230.187912 53.005966 
189.221436 61.628399 
189.475403 71.710167 
189.852402 81.742210 
190.155289 91.908707 
178.280685 95.282616 
183.784363 97.921600 
189.936203 99.842857 
196.116791 97.379593 
201.434814 94.775894 
156.706009 62.655083 
162.245956 59.599251 
169.294479 59.843185 
174.945724 63.662434 
168.813904 65.336792 
161.937790 65.404724 
202.812561 63.584663 
209.140686 59.523342 
215.733475 59.328133 
220.767548 62.212090 
216.114319 65.073471 
209.616150 65.309013 
170.332138 113.303619 
178.490738 110.780502 
185.437683 109.517540 
190.695023 110.489929 
196.193420 109.337914 
202.681061 110.194191 
209.568420 112.019264 
202.823257 116.473671 
196.270401 118.280777 
190.306946 118.967232 
184.763260 118.582191 
177.933609 117.123672 
173.838028 113.066002 
185.153290 112.703415 
190.729431 113.454796 
196.100830 112.557877 
206.219940 111.937111 
196.101791 112.964890 
190.327454 113.824432 
184.840134 113.323326 
166.600006 62.200001 
213.000000 61.400002 
