68 2
138.757645 121.638641 
141.281097 139.117249 
145.509720 155.617126 
149.851013 171.898773 
156.607468 186.341309 
167.084991 198.220093 
180.956436 206.680908 
196.269318 213.481781 
211.526794 214.620071 
226.468475 210.595123 
239.456436 201.776611 
251.177032 191.779099 
259.542633 178.668518 
263.557617 163.322037 
265.625397 147.752380 
267.761688 131.913315 
268.980743 115.490112 
150.425430 100.727119 
159.985901 93.840240 
171.642578 91.564735 
183.885040 91.861397 
195.285660 94.889175 
219.037247 93.095673 
230.435059 89.486481 
241.944305 88.746048 
252.619980 91.299667 
260.328247 97.651390 
206.958908 105.388206 
207.436432 113.365845 
207.931488 121.573090 
208.524185 130.093338 
196.575912 144.009995 
202.644623 144.522415 
208.493561 145.341980 
214.053024 144.350784 
219.519257 143.792053 
163.983566 111.159210 
171.118134 105.590195 
180.427963 105.154404 
188.536514 110.503998 
180.612366 113.005135 
171.498566 113.739624 
223.827774 109.538200 
231.832977 102.835709 
241.243027 103.122841 
248.274658 108.214630 
241.907532 111.415543 
232.619980 111.546394 
182.873337 172.101059 
192.605530 163.517227 
202.707550 158.466187 
209.430649 159.319977 
216.044128 158.252975 
225.235229 162.925064 
233.105438 170.006531 
225.255508 179.296951 
216.226959 183.158142 
209.054352 184.221817 
202.044312 183.828918 
191.829254 180.663605 
186.976318 171.446518 
202.773010 164.553055 
209.467224 164.013779 
216.098709 164.329269 
228.520935 170.163330 
215.876770 174.795303 
208.904480 175.603989 
202.231995 175.460907 
