68 2
150.060760 69.558289 
150.001038 83.135742 
151.670227 96.807159 
154.265213 109.919342 
158.681885 122.656403 
165.208176 134.834641 
173.917130 145.711166 
184.917908 153.556381 
197.897980 154.909271 
210.696411 151.994110 
221.424240 143.955872 
230.317734 134.545273 
237.196854 123.001045 
242.054382 110.238892 
244.835144 97.113899 
246.994385 83.315689 
248.096924 69.433983 
156.105423 65.453178 
163.166916 60.247097 
172.584091 59.231487 
182.371399 61.547913 
190.872238 66.096207 
205.227646 65.691048 
213.974731 60.147095 
223.668472 56.676243 
233.926300 56.955425 
240.937805 62.697170 
198.973389 74.178642 
198.933533 85.488525 
198.929703 97.046158 
198.693741 108.568733 
186.901260 109.407768 
192.346649 111.992027 
198.310822 114.277191 
204.540237 111.711990 
209.720856 108.823624 
166.039490 73.362801 
171.764465 70.817421 
178.758438 71.286247 
184.494019 75.538246 
178.245621 77.298737 
171.312317 77.177055 
211.769836 75.082123 
218.108215 70.031342 
224.768173 69.375481 
230.485107 71.826759 
225.741318 75.678429 
219.032440 76.255295 
177.653015 126.530205 
185.142303 124.732460 
191.837524 123.240440 
197.001129 124.408585 
202.988800 122.856285 
210.249146 123.841637 
217.610001 125.185760 
210.944443 131.027451 
204.048630 134.693207 
197.516602 136.013214 
191.547333 135.381470 
184.541473 132.641663 
180.526733 127.029938 
191.660828 127.023422 
197.165756 127.362946 
203.105652 126.501495 
214.769592 125.941422 
203.441330 128.299820 
197.271606 129.588745 
191.778961 129.009094 
