68 2
132.957458 168.627823 
134.256454 182.348495 
136.473053 195.432785 
138.317490 208.573639 
141.791534 221.299973 
149.251266 231.353897 
161.063980 239.058517 
174.777664 243.374329 
191.315521 243.241272 
207.286026 240.897354 
220.384460 234.790833 
230.794922 226.386719 
237.590149 215.635696 
240.891220 202.630722 
242.411346 189.041443 
243.684647 176.124680 
244.629227 163.138412 
136.327271 152.390091 
141.430008 139.894211 
152.948700 132.911606 
166.640060 131.002899 
179.680496 134.079056 
194.154129 132.433411 
206.875748 128.534561 
220.135254 129.230026 
232.290359 134.838684 
239.242126 145.229660 
187.846573 145.548187 
187.966248 151.938080 
188.034149 158.166016 
188.156265 165.041412 
177.534103 179.876083 
183.289459 180.151642 
188.984024 180.678726 
194.852509 180.047623 
200.494431 179.718338 
151.497971 156.395615 
158.240677 151.908508 
165.830551 150.656296 
173.243256 154.165115 
166.580505 156.374207 
158.823486 157.472519 
202.709610 151.942062 
210.591827 147.653763 
218.047485 147.899368 
224.608780 151.227570 
218.434616 153.167465 
211.042725 153.335037 
166.472992 208.104675 
175.477814 200.664368 
183.802673 196.307480 
189.200439 197.443222 
194.784103 195.531525 
204.407043 199.515244 
214.191788 205.826004 
204.961609 208.526367 
196.286346 209.235840 
190.247452 209.473633 
184.651642 210.000061 
175.810730 209.981659 
170.324554 206.839691 
184.547546 202.875366 
189.596420 202.973557 
195.228516 201.984894 
210.336746 204.865662 
195.413147 201.950378 
189.669815 202.318039 
184.495148 202.900772 
