68 2
151.152054 95.145233 
153.913208 108.282753 
157.540833 120.912323 
162.068085 132.985672 
167.938858 143.790588 
176.276627 152.620819 
187.290421 158.385895 
199.689636 161.405640 
213.286972 160.809616 
226.686432 157.732193 
238.455948 152.123703 
248.706726 144.736511 
255.753113 134.588364 
259.716309 122.702583 
261.265900 110.378006 
261.756775 97.860626 
261.706329 84.842117 
158.412277 71.485100 
165.247055 65.388412 
174.092209 62.049393 
183.700989 61.249382 
193.190796 62.698460 
212.021927 60.329895 
221.459259 57.934685 
230.812317 57.355217 
239.761230 59.037399 
247.589279 63.295059 
203.296021 73.284187 
203.657043 79.281715 
203.890335 85.344879 
204.234009 91.708244 
196.270813 103.797630 
201.015961 103.788010 
205.601563 103.608620 
210.380524 102.867813 
214.851837 101.947052 
169.515457 83.638176 
175.133560 79.171715 
182.427353 77.887596 
189.609924 80.608818 
183.315735 83.254608 
176.166382 84.664467 
218.652527 77.591156 
225.192688 73.368744 
232.212616 73.472519 
238.251633 76.747299 
232.638840 79.007599 
225.598984 79.080299 
189.160675 127.228477 
193.027496 117.789619 
199.446594 112.059059 
206.036346 111.606506 
213.015869 110.672989 
220.615280 114.726143 
226.227966 123.049034 
221.297852 127.391273 
214.772903 130.077240 
208.089386 131.410095 
201.739365 131.602142 
195.206726 130.433350 
193.139282 125.216728 
200.462097 117.499214 
206.641846 116.109062 
213.517502 116.255951 
221.865845 121.817177 
214.388885 124.138023 
207.491821 125.540161 
201.371399 125.301544 
