68 2
153.104919 93.915611 
155.777283 107.130295 
159.568192 119.694794 
163.799072 132.068542 
169.315765 143.531174 
177.229355 153.012527 
188.765701 159.320313 
201.825333 162.219910 
216.502319 160.923096 
230.559814 156.898026 
243.473663 151.029083 
254.349197 142.256775 
261.175903 131.497986 
264.531616 119.076797 
265.326324 106.109634 
264.845154 92.908234 
263.785217 79.855431 
157.429886 73.485718 
163.152206 65.375092 
172.263168 60.781609 
183.016479 59.386578 
193.204651 61.448624 
210.528854 59.012432 
220.618454 54.517979 
231.378204 53.349987 
241.972443 55.892776 
250.577469 61.713005 
203.154800 69.838974 
203.364548 75.491127 
203.466187 80.838715 
203.672150 86.668884 
197.176865 101.811249 
201.857361 102.104118 
206.826599 101.870941 
211.801804 100.550209 
216.384216 99.050293 
170.837830 81.896210 
176.523849 77.410393 
183.535339 75.583397 
190.722351 78.000900 
184.734940 80.833260 
177.540833 82.572647 
219.693161 74.529510 
226.587952 70.305740 
233.762878 70.135895 
239.908264 73.280396 
234.300125 75.530937 
226.972565 75.768089 
190.638733 127.143280 
197.973709 120.519257 
204.690735 115.925606 
208.458344 116.367783 
212.257187 115.033554 
220.813202 117.857895 
230.511688 121.741508 
221.565216 125.746704 
213.737152 126.891998 
209.657959 127.576675 
205.690018 128.067886 
198.889755 128.010742 
194.434387 125.291840 
205.569366 122.177277 
209.174728 121.695679 
212.805649 121.334686 
226.058487 121.384384 
212.456970 121.023224 
208.683609 121.426788 
205.160461 121.879868 
