68 2
117.066353 110.233040 
118.181122 138.298019 
122.767090 165.742722 
127.931831 191.600327 
135.348541 217.176056 
146.944748 240.826660 
163.094955 261.813324 
183.202087 277.120178 
207.998734 279.784698 
230.794815 275.558167 
249.706360 260.292572 
265.447052 240.012970 
277.482819 217.231186 
285.472015 192.128586 
289.680695 166.650818 
292.315521 140.749985 
293.461700 115.039215 
123.599907 102.782654 
134.805649 89.212837 
154.863953 87.908737 
174.255402 93.563477 
192.387115 101.521782 
219.566238 101.997833 
238.194519 93.429657 
256.601624 86.946999 
275.749664 87.285667 
286.876099 99.838097 
205.118271 113.996918 
205.391510 131.604736 
205.794800 149.436340 
206.250671 167.820068 
185.616943 177.616043 
195.500946 181.630966 
206.382797 184.767639 
217.577957 181.028137 
227.354202 177.167114 
142.108154 115.671738 
152.685333 109.067604 
166.674957 109.722694 
178.178192 118.701454 
165.861649 121.646835 
152.183380 122.121490 
232.467285 117.594307 
244.517029 108.167694 
258.218872 107.763054 
268.154205 113.889252 
259.713379 119.851158 
246.097305 120.418320 
171.776230 211.138016 
185.267639 205.464905 
197.213394 203.174805 
205.527191 206.795105 
215.516068 204.008163 
227.512558 206.990784 
239.106262 211.746994 
227.899689 226.960510 
216.160751 233.409744 
205.014740 234.418350 
194.949036 232.696777 
183.324203 226.183762 
177.924088 211.678894 
196.786331 209.559357 
205.548676 211.630402 
215.757019 209.934555 
233.545303 213.171387 
215.674316 219.496857 
204.973434 220.946487 
195.740387 218.830124 
