68 2
159.928070 71.045059 
161.924866 86.105072 
165.085999 101.016586 
168.678955 115.093925 
174.444275 128.792496 
183.143707 140.317993 
194.198425 149.903458 
206.257202 157.747620 
220.046753 158.757248 
232.687225 154.853226 
242.431717 144.773865 
250.671844 133.161926 
256.900146 120.072876 
259.968201 106.479156 
261.660095 92.834190 
262.478729 78.684418 
262.583679 64.735207 
168.859451 64.566383 
175.776535 58.590149 
185.241028 56.266571 
195.359955 56.923271 
204.850906 59.581535 
223.026962 57.227444 
231.851135 52.281567 
241.297638 49.446003 
250.808029 49.755367 
257.982635 54.834278 
215.192688 68.003242 
215.593811 77.007446 
216.016663 85.930458 
216.509476 95.163559 
205.427444 102.667633 
210.965759 104.151398 
216.958801 105.383400 
222.772156 103.866318 
228.212921 102.237457 
179.522079 72.675102 
185.634735 69.359650 
193.285934 68.530006 
199.884674 71.698853 
193.574936 74.397095 
185.950226 75.452126 
229.174149 69.308952 
235.807800 64.786705 
243.096741 64.291977 
248.583466 66.768127 
243.975586 70.375748 
236.734695 70.882301 
199.419769 125.537811 
206.898926 121.139191 
213.279587 118.422432 
217.685791 119.958427 
222.634155 118.262665 
229.856964 120.734062 
237.065643 123.705780 
230.951279 132.350891 
224.528259 136.268143 
218.842590 137.398010 
213.426941 136.574234 
206.740585 132.813980 
203.246094 125.095734 
213.466873 121.849190 
217.842102 122.562378 
222.850037 121.704796 
233.242508 124.053558 
223.461807 128.193329 
218.102448 129.714951 
213.370819 128.416153 
