68 2
81.441925 98.530960 
82.038589 118.415230 
84.643112 137.179489 
87.860504 156.097427 
93.184349 174.772034 
101.918510 191.791092 
115.094635 206.241516 
131.646301 216.539093 
150.780075 219.566223 
170.210037 216.590820 
186.919128 206.619934 
200.132843 192.947433 
209.352188 176.547333 
214.671600 158.473190 
218.374451 139.874054 
221.590073 120.940659 
222.245193 102.191788 
92.553658 79.921448 
102.117004 71.651825 
114.740372 68.896149 
127.489311 71.482925 
138.886688 75.726952 
164.582169 75.047150 
177.396576 71.378746 
190.046585 69.966263 
202.521301 72.075897 
211.056320 79.552284 
152.437927 94.090424 
151.954590 105.420624 
151.346191 116.791107 
150.706528 128.370789 
137.959305 138.996704 
144.342712 141.762085 
150.915787 143.927383 
157.205994 142.050125 
163.013885 139.873886 
108.327354 96.838226 
116.502701 92.267456 
126.554184 92.568359 
134.858826 98.952850 
126.085518 101.397041 
116.151627 101.029022 
169.658920 99.421211 
178.311462 93.051552 
187.904633 93.148758 
195.689377 98.385315 
188.615646 102.054642 
179.028976 101.855576 
123.869911 170.176819 
133.342072 161.350204 
143.371429 157.583679 
150.212006 159.747818 
157.586441 158.392990 
168.504959 163.034637 
178.592651 170.498032 
168.759201 182.180801 
158.189178 187.036972 
149.837021 187.913696 
142.160950 186.882828 
132.281067 181.677948 
128.726578 169.967712 
143.097519 164.933701 
150.087219 165.346008 
157.958878 165.296494 
174.270996 170.589783 
157.889908 175.592636 
149.787704 176.472229 
142.658401 175.779922 
