68 2
104.878349 79.463348 
104.473549 103.225296 
106.214935 126.594879 
109.823944 150.782501 
116.317345 173.966583 
128.953644 194.541733 
149.035416 209.651245 
173.490570 219.109528 
201.775085 221.687805 
230.448242 219.332916 
255.476242 210.582611 
275.858795 196.046814 
289.148285 175.824707 
297.374146 152.448898 
301.054962 128.386810 
302.890015 104.618469 
303.378784 81.853844 
122.622276 46.348488 
133.242081 28.852365 
151.634689 20.253267 
172.305969 21.546211 
190.637329 29.555389 
220.729111 28.695761 
240.218964 22.972389 
260.334839 23.563412 
278.433014 32.462765 
288.467682 48.784206 
207.044739 51.661446 
206.210526 63.921116 
205.164078 75.684898 
204.393066 88.578735 
184.147476 110.820686 
193.821289 113.780365 
203.894226 116.327553 
214.231400 114.740181 
223.436951 112.820404 
143.979004 64.616394 
155.697922 57.801888 
168.694641 57.457607 
181.465012 64.389618 
168.659103 67.079086 
155.773911 67.354828 
230.919464 64.772110 
244.772842 59.071716 
257.683624 60.202408 
268.385681 67.218170 
257.242004 68.950470 
244.339813 68.107452 
159.018295 153.124146 
176.392059 141.361740 
192.343201 135.702972 
202.663879 137.376801 
213.091736 136.075714 
229.831223 143.506378 
245.438690 153.709183 
229.495041 166.223877 
213.484802 171.725281 
202.209274 172.874786 
191.218964 171.789749 
175.035446 165.537613 
164.861603 152.731705 
192.136551 144.929062 
202.459671 145.075409 
213.336365 145.346191 
239.486160 153.921417 
213.054138 159.325577 
201.869949 160.534470 
191.170410 160.080734 
