68 2
169.670578 82.365234 
170.664551 95.237579 
173.115845 107.742500 
176.541962 119.793335 
181.042465 131.250290 
188.116104 141.571472 
197.026520 150.373032 
207.713257 157.006729 
219.109238 158.214890 
229.813263 155.917038 
238.934952 148.267059 
246.934143 139.592712 
252.812363 129.079651 
256.432159 117.380287 
259.114716 106.134567 
261.419434 94.466103 
262.373596 82.302452 
178.475708 71.545898 
185.443436 65.262787 
194.936874 62.732864 
204.988419 63.928238 
213.867538 67.921188 
224.549744 67.550629 
233.257187 64.481384 
242.325958 63.591038 
250.918777 66.218292 
256.309662 72.190643 
219.610428 78.370209 
219.705582 86.807213 
219.944534 94.959938 
220.153152 103.450203 
211.238235 110.939278 
215.357437 111.794403 
219.502808 112.566216 
223.038712 111.808426 
226.370148 111.019264 
188.186874 78.973175 
193.590286 75.306068 
200.349228 75.708481 
205.594330 80.823563 
199.943466 81.703857 
193.251373 81.490219 
230.614502 80.678703 
235.935135 75.750305 
242.157059 75.771530 
246.957275 79.401352 
242.808456 81.692276 
236.712540 81.863594 
204.876953 130.792969 
210.838806 125.384262 
216.975082 122.040131 
220.089752 123.019409 
223.373306 122.223846 
228.275696 125.485176 
232.847000 130.065598 
228.292343 135.499557 
223.714752 138.092224 
220.141739 138.827225 
216.410126 138.336655 
210.866760 136.156525 
208.437408 130.020081 
217.358322 126.475868 
220.042419 126.739082 
222.967224 126.475624 
229.555664 129.513168 
222.963486 131.410324 
219.953934 132.013550 
217.133377 131.708557 
