70 2
107.551598 157.570496 
108.968460 179.576172 
112.347618 201.789047 
116.755669 222.875427 
124.779190 242.497040 
136.356400 260.523560 
151.844238 274.665436 
169.820160 285.002533 
187.895935 286.616730 
202.978958 282.130066 
214.277817 269.189331 
223.955719 253.913681 
231.968445 236.764999 
237.736160 219.493347 
242.679138 202.194336 
246.428467 184.116394 
248.254990 165.567703 
123.505196 160.882629 
137.677078 156.143845 
153.374573 159.529358 
167.524353 165.267578 
180.897598 171.810196 
206.009583 171.247467 
217.550064 164.695694 
229.459579 159.311493 
241.641953 155.905548 
249.771133 161.471359 
193.923660 184.084808 
194.801910 196.485107 
195.958252 208.987640 
197.193741 221.895035 
177.977722 228.097351 
185.616074 230.509140 
193.451019 232.873291 
200.302826 230.700134 
205.985901 227.298706 
138.700241 178.166840 
148.653290 175.900757 
159.090057 176.915863 
167.760635 182.287842 
158.290558 183.843155 
147.582703 183.418640 
210.101746 182.001022 
219.438828 176.461975 
228.972733 175.900940 
236.202209 178.206055 
230.036728 182.996017 
220.397552 183.502716 
160.548981 247.745468 
173.213409 246.002441 
184.288269 245.254669 
189.888855 247.665695 
196.128311 244.904358 
203.634262 245.660080 
211.049042 246.660751 
203.873856 256.153198 
196.489120 262.054291 
189.586700 263.855286 
182.736145 263.617737 
172.189621 259.712555 
165.338806 248.981857 
184.091278 250.355057 
189.878952 251.637268 
196.340775 249.377167 
206.551224 247.876526 
196.363647 251.465256 
189.800537 253.673889 
183.640610 253.303528 
153.285721 178.714279 
224.428574 178.857147 
