68 2
126.377060 54.714691 
128.473419 76.864441 
132.201263 99.343002 
136.453140 120.874214 
143.407715 141.931335 
153.636337 161.275284 
167.398193 177.531296 
183.255219 190.566849 
205.169540 193.916565 
226.387741 190.836166 
243.911514 178.552429 
259.198517 162.761078 
271.834534 144.630661 
280.777222 124.859589 
286.240356 104.008102 
289.271637 82.482971 
291.215210 60.608868 
130.926514 39.927444 
140.265884 26.535227 
156.977280 23.381031 
174.100479 27.690590 
190.307556 34.524551 
220.982651 35.505672 
237.560577 29.296526 
253.802414 25.163071 
270.162262 27.584284 
280.831085 38.951309 
206.119492 51.150990 
205.347519 64.343407 
204.578156 77.376617 
203.928452 90.954430 
186.817657 104.551201 
194.910614 108.106506 
203.605301 110.939766 
213.550217 108.048096 
222.736328 104.954407 
148.516693 55.573257 
158.319016 49.742378 
171.025635 49.648979 
181.884201 56.387680 
170.605499 60.342991 
158.069168 61.134800 
231.363831 56.580921 
242.490204 50.429958 
254.848251 51.016376 
263.700836 56.488411 
255.324600 61.246834 
243.082138 60.722038 
173.894669 141.241684 
186.701859 135.860886 
197.079025 132.771332 
204.423935 136.036804 
213.886551 133.144562 
225.302567 136.290939 
237.288788 141.299988 
226.388733 151.078339 
215.102478 154.635681 
204.730072 155.396301 
196.177673 154.767197 
185.908279 151.572693 
179.257385 142.238693 
196.685013 141.516296 
204.658585 142.844543 
214.729553 141.243668 
232.630646 142.170471 
215.104095 141.946609 
204.829346 143.003738 
196.748550 141.566559 
