68 2
102.208473 57.991943 
102.078972 75.552704 
103.115738 93.226791 
107.271820 109.048866 
114.349800 124.544014 
122.775200 139.046112 
133.235199 152.695709 
145.185135 163.159576 
160.036728 166.753799 
176.042999 163.490631 
190.762390 154.493591 
204.291885 142.781708 
215.899963 129.404861 
226.020050 113.968109 
230.851944 96.773140 
233.507919 78.940315 
235.104950 60.317436 
110.695625 46.705460 
118.786308 38.274467 
130.822464 36.472557 
143.530701 38.456467 
154.209152 43.708817 
173.725708 42.260040 
185.833557 38.039619 
198.739563 37.165630 
211.495300 39.766922 
219.079590 47.555893 
163.242126 58.419441 
161.661407 71.097450 
160.197113 83.565819 
158.729660 95.979492 
146.091919 95.410088 
152.151321 99.889130 
159.643372 102.808220 
168.227539 100.111252 
175.767487 96.667564 
124.680840 59.939453 
131.520493 57.452541 
139.077164 57.656513 
146.747559 60.317730 
139.171371 62.090347 
131.688416 62.300156 
181.975281 60.602985 
189.518921 58.120613 
196.886612 58.813286 
203.607117 61.083878 
196.815536 63.016560 
189.486176 62.781956 
139.942520 115.575089 
145.650208 111.836357 
153.225662 109.714386 
160.276581 110.183800 
168.927429 110.188316 
177.337189 112.708229 
185.326904 116.883507 
177.183182 130.296661 
168.639786 137.385178 
159.598236 138.900589 
151.666504 137.284485 
144.531113 129.803162 
143.978180 115.946098 
153.194870 112.713554 
160.488861 112.919411 
169.268219 113.085022 
180.698715 117.274506 
169.103577 129.330948 
159.897583 131.085907 
152.001190 128.820862 
