68 2
117.879601 75.238655 
119.567421 88.514473 
122.424751 100.851227 
126.012169 113.281120 
131.373718 125.076118 
138.339035 135.675598 
147.635315 144.938477 
158.304947 152.023209 
170.339218 153.512421 
182.543457 150.932983 
192.756409 143.994766 
201.585281 134.599686 
208.105804 122.898003 
212.240829 110.435669 
214.536453 97.271271 
215.945801 83.649055 
216.394943 70.208481 
124.412857 71.873283 
131.423904 67.668114 
140.192734 67.492287 
148.788467 68.867081 
157.230576 70.951103 
172.278748 68.622665 
181.110382 65.827759 
189.888138 63.796204 
199.017990 63.365025 
206.015427 67.425934 
165.202087 76.764435 
165.716156 86.907631 
166.261536 97.224449 
166.831787 107.706779 
156.277512 109.675873 
161.331696 112.067703 
166.961563 113.831841 
172.786194 111.567055 
177.845642 108.846252 
134.845520 77.436302 
140.346375 74.445541 
147.123535 74.222504 
152.474960 77.992615 
146.972214 79.606819 
140.249268 80.114693 
178.133942 76.630447 
183.920471 71.915932 
190.618073 71.781357 
196.187424 74.385628 
191.551331 77.521019 
184.960159 77.950401 
150.286041 126.425079 
156.399414 124.336685 
161.892471 123.302437 
166.639359 124.160957 
172.381348 122.885117 
178.791382 124.024361 
184.988144 125.895317 
179.031891 129.335098 
172.871948 131.117081 
167.009705 131.721756 
161.926483 131.207336 
156.385742 129.590149 
153.301773 126.079926 
162.038925 125.493843 
166.760193 125.835358 
172.853851 125.136215 
182.072083 126.047348 
172.602814 125.007896 
166.605240 125.702988 
161.725723 125.239761 
