68 2
167.458984 121.360191 
169.402771 135.276718 
172.663971 148.321899 
176.212219 161.408234 
181.675674 173.514221 
188.860687 184.621796 
198.156326 194.205978 
208.276474 201.682007 
219.817108 203.308517 
230.843262 200.040009 
240.100128 191.783630 
247.902039 181.897995 
253.597382 170.325470 
257.235016 158.322418 
259.212128 145.767273 
261.467651 132.682968 
262.702881 119.129990 
173.212723 117.714073 
179.984039 112.412155 
188.941757 111.836334 
197.736237 113.815796 
205.789352 117.106812 
222.755066 115.812691 
231.415604 112.197548 
240.397079 110.364937 
249.256042 111.604507 
255.970398 116.535263 
215.411819 124.515472 
215.781372 132.921463 
216.104324 141.315369 
216.411194 150.058411 
206.602097 153.657745 
211.376282 155.616806 
216.413513 157.101898 
221.358292 155.279465 
225.879745 153.168839 
183.340164 125.335358 
188.418915 122.155792 
195.428177 122.215088 
201.224548 126.353241 
195.297989 127.870834 
188.353210 128.132248 
228.044220 125.588593 
234.008606 120.968231 
240.482910 120.815948 
245.715271 123.503418 
241.146652 126.477608 
234.600586 126.726753 
198.625519 169.598022 
204.972794 166.886002 
211.710403 165.745789 
216.542313 166.940704 
222.048523 165.270981 
228.812988 166.150116 
235.119797 168.445587 
229.557861 177.065765 
223.103195 180.797974 
217.289536 181.913300 
211.723495 181.578415 
204.680740 178.313248 
201.413315 169.932266 
211.804276 169.606186 
216.771927 170.099426 
222.390717 169.019470 
232.219452 169.014099 
222.657303 174.612793 
216.944260 175.783417 
211.753799 175.307953 
