68 2
96.527496 73.959259 
96.388390 89.092560 
97.170212 104.795502 
99.453667 119.923248 
104.957062 134.368622 
113.736816 146.647415 
124.706856 156.999329 
137.317505 164.644806 
152.802948 166.075989 
167.391769 163.377731 
179.395081 154.302689 
188.955399 143.256516 
196.884949 130.753098 
202.201477 116.480904 
204.864807 102.718559 
206.292191 88.157303 
206.926544 73.660698 
105.325508 54.805740 
112.090752 47.409885 
122.566460 44.536373 
133.276184 45.360214 
143.394562 48.459049 
162.126617 48.955673 
171.780273 45.123859 
181.882416 43.397514 
191.664490 45.017464 
198.648483 51.709274 
153.074493 60.356148 
153.044174 70.331078 
153.291077 80.241158 
153.350113 90.434494 
140.290100 98.493301 
146.230225 101.288612 
152.603577 103.039024 
159.585480 101.014435 
165.710403 98.262390 
117.731461 64.319633 
123.857506 60.313766 
131.402695 60.094955 
137.729111 64.589127 
131.226242 67.109940 
123.683418 67.498047 
167.415726 64.235321 
174.505920 59.238491 
181.760254 59.206867 
186.902283 63.016438 
182.339172 66.326248 
175.185516 66.468903 
129.286041 123.112289 
138.460938 119.179146 
147.360519 116.973877 
152.693542 118.238998 
158.569473 116.920914 
166.549500 118.861069 
174.043259 121.821060 
166.806534 125.897308 
158.987289 127.246666 
152.726425 127.416168 
146.721497 127.247803 
138.201904 126.101143 
133.414169 122.621826 
147.183716 120.565292 
152.625122 121.088081 
158.506042 120.449707 
170.101257 121.619438 
158.882385 121.467110 
152.814590 122.009239 
147.216354 121.646431 
