68 2
124.257813 141.292236 
123.809990 158.614365 
124.251640 175.923767 
126.064423 192.857941 
131.067932 208.343857 
139.692810 222.064514 
150.969391 233.518738 
163.137955 242.369415 
177.691376 245.295715 
192.180649 243.450928 
205.530212 235.673645 
218.459229 226.943344 
229.024109 215.147263 
236.668625 201.008713 
241.068283 185.456345 
243.811737 168.768875 
246.091095 151.369797 
130.943222 133.780945 
139.337982 126.848618 
151.514648 125.985840 
163.574768 128.487030 
174.755569 132.786987 
192.375305 133.130829 
204.742081 130.091858 
217.340652 129.157196 
229.443115 132.646912 
237.054413 141.268326 
183.255096 144.904160 
182.337219 156.598038 
181.469788 168.129822 
180.479843 179.826096 
167.515396 184.698669 
172.974472 187.145065 
179.073410 189.108215 
185.604385 187.917084 
191.617096 186.348221 
144.015625 144.054916 
150.898560 140.601486 
158.973221 141.444153 
164.923065 146.747101 
157.955521 148.356415 
149.761246 147.895981 
200.146790 148.794846 
207.776978 144.275681 
216.128036 145.089279 
222.040665 149.138367 
215.794785 151.987106 
207.630051 151.304855 
155.893967 206.203857 
163.152344 202.375381 
171.196320 200.454681 
176.901474 202.457092 
183.600479 201.456604 
192.175476 205.080353 
199.920166 209.589478 
191.426849 218.214432 
182.284744 222.003967 
175.235535 222.398010 
168.985123 220.800797 
161.528397 215.756729 
160.034409 206.339401 
170.988724 204.316025 
176.565582 205.444122 
183.215546 205.421280 
195.847321 209.426682 
182.754074 212.890472 
175.984924 213.542938 
170.101486 211.888657 
