68 2
159.199890 79.690643 
161.187683 90.498268 
163.435715 101.047707 
166.934372 111.521400 
171.561935 121.360512 
178.112869 130.115799 
186.972153 137.084793 
196.945419 141.733704 
208.554504 142.251968 
219.376892 139.532578 
228.240784 133.482544 
235.636414 125.816864 
240.886856 116.829681 
243.854279 107.047409 
245.485428 96.636292 
246.633240 86.065392 
247.367371 75.766945 
166.085861 61.212421 
171.763107 56.225704 
179.449158 54.771618 
187.497391 55.794727 
194.482193 58.619308 
212.183899 57.448040 
219.424026 55.264954 
226.710602 54.344315 
233.826141 55.996178 
238.952530 60.197849 
203.956100 67.516243 
204.275116 73.353020 
204.597870 79.151634 
205.000809 85.144600 
196.507629 92.922455 
200.628525 93.945137 
204.899475 94.711250 
209.346832 93.764877 
213.469559 92.592125 
175.395325 70.343369 
179.949814 67.060158 
186.006165 66.661812 
191.402359 69.652557 
186.226547 72.032516 
180.237000 72.699226 
215.686386 69.069366 
220.695618 65.908051 
226.364685 66.376907 
230.842773 69.231567 
226.668762 71.459259 
221.066910 71.273239 
190.422134 112.180023 
195.610458 106.554741 
200.518341 103.394447 
204.800095 104.218140 
209.648575 103.204460 
215.423309 106.342461 
220.831451 110.932098 
215.849197 115.084435 
210.531830 116.365929 
205.635864 117.026474 
201.228790 116.745331 
196.195557 115.559113 
193.206604 111.832062 
200.698700 107.879089 
205.042267 107.615967 
210.023132 107.563408 
217.861435 110.839195 
210.261002 110.305870 
205.336960 111.061188 
201.066635 110.760994 
