68 2
148.922943 105.916801 
150.311447 117.955406 
152.279022 129.754257 
155.003265 141.099960 
159.365997 151.383453 
166.606003 160.529510 
176.458527 167.209656 
187.259109 172.190491 
198.683929 173.334656 
210.157196 171.348083 
220.216370 165.625290 
229.232742 158.564346 
235.353699 149.514465 
239.681427 138.945236 
242.042831 128.116913 
243.493896 116.463135 
244.322266 104.764793 
157.409119 85.352127 
163.715759 80.072693 
172.025574 77.881744 
180.779587 79.041405 
188.466141 82.289207 
208.893738 82.698509 
216.718231 79.148193 
225.041397 78.309509 
232.974396 80.934204 
237.890488 87.305206 
198.950562 98.296608 
198.884216 104.676895 
198.879410 110.895676 
198.832626 117.246422 
190.001251 124.204712 
194.168274 125.133965 
198.268921 125.796333 
202.332336 125.532745 
206.276703 125.279839 
167.989944 98.878510 
172.913864 95.309784 
179.249466 95.990501 
184.548325 100.809341 
179.038101 102.489532 
172.778503 102.202614 
210.366440 101.448387 
215.005707 97.015961 
221.015808 97.021500 
225.786499 100.638893 
221.505829 103.160583 
215.585571 103.391205 
182.546249 142.673279 
187.540802 136.424866 
193.289001 133.480316 
197.887955 134.556198 
203.280655 134.324219 
209.324188 138.242111 
214.113281 143.876465 
209.252136 149.799866 
203.399429 152.891174 
197.524750 153.463272 
192.264587 152.205154 
186.926727 148.373672 
185.121399 142.479996 
193.009232 137.729584 
197.863647 137.905289 
203.552979 138.375153 
211.412872 143.729584 
203.662659 146.771133 
197.824341 147.424133 
192.690704 145.969055 
