68 2
102.703873 60.966797 
103.941788 78.043671 
105.749847 95.531204 
110.492371 111.789757 
118.469376 126.720734 
129.034729 140.585312 
141.456039 152.697586 
154.627197 162.345276 
169.543839 165.154495 
184.646805 162.117249 
198.109436 152.031357 
210.321655 140.293045 
220.963593 126.670502 
229.239670 111.502892 
233.484924 94.593033 
235.142899 76.481224 
235.886230 58.154995 
112.484406 49.383598 
119.865761 39.640366 
132.477036 36.748421 
146.029037 37.950054 
157.619690 42.937740 
176.956726 42.049690 
189.666733 37.688507 
203.138855 36.998367 
216.053070 40.028454 
223.993851 49.043400 
167.952606 59.348579 
168.023743 71.801544 
168.088715 84.005280 
168.325455 96.294205 
154.695740 98.825218 
161.309814 102.058281 
168.812408 103.955757 
176.476990 102.012924 
183.263580 99.611069 
128.085480 60.618912 
134.890686 58.516743 
142.374954 58.280926 
150.207336 60.338482 
142.812439 62.204582 
135.126495 62.842556 
185.427567 60.601040 
193.037628 58.794548 
200.267548 59.513386 
206.954208 61.093071 
200.236603 62.947918 
192.861160 62.743233 
149.285294 117.021988 
156.957108 115.358887 
164.190201 114.680801 
169.987961 115.949013 
176.591537 115.154991 
184.407455 116.639214 
191.185028 118.267319 
183.625793 127.487740 
176.059509 132.383148 
169.337128 133.297409 
163.026672 132.284119 
155.803772 127.036324 
153.255997 117.063828 
164.028748 117.109619 
169.928375 118.368637 
176.297775 117.675941 
186.838348 118.199135 
176.091675 124.245468 
169.455017 125.051254 
163.446808 123.817314 
