68 2
136.875000 97.550911 
138.266678 113.785629 
141.125443 130.036301 
144.859161 146.016327 
150.908508 160.509766 
160.976135 172.876785 
174.685547 182.274643 
189.994247 189.310059 
205.680435 191.437988 
220.317276 188.066620 
233.274658 180.900238 
244.083084 171.661804 
252.308517 159.556641 
256.680054 145.170334 
259.668304 130.561386 
261.947052 115.549522 
262.903015 99.851036 
150.775085 73.361153 
160.654144 67.514374 
171.703751 66.014297 
183.392059 66.584045 
194.122711 69.676262 
218.525726 69.679886 
229.017899 66.968353 
239.279022 67.336472 
248.497620 70.518532 
255.566193 76.127365 
205.714661 82.503708 
206.124100 89.181549 
206.712311 96.063225 
207.265244 103.345078 
195.471298 116.903671 
201.021515 117.526718 
206.589050 117.866104 
211.547333 117.526962 
216.341919 116.869835 
163.415512 86.531860 
171.015427 80.854355 
180.502625 80.813354 
188.249054 86.943443 
180.228699 89.259895 
170.871231 89.515648 
220.822403 87.614220 
228.844910 81.283112 
238.054474 81.912140 
244.633545 87.722305 
238.267853 90.646759 
229.230652 90.147057 
181.125061 145.210541 
190.245041 135.665909 
200.124466 130.205307 
206.825241 130.860458 
213.529999 130.419403 
221.695114 136.309692 
227.629227 145.792389 
221.154678 154.657181 
213.061157 158.475128 
205.585648 159.645691 
198.292542 158.802094 
188.986267 154.705246 
185.180389 144.864670 
199.640106 136.443832 
206.616608 135.873352 
213.648514 136.885803 
223.698181 145.443176 
213.296616 150.306580 
205.754730 151.436813 
198.755692 150.515686 
