68 2
93.385094 106.363960 
93.258125 120.010445 
94.009697 133.686600 
95.630989 147.467072 
99.940506 160.699692 
106.192886 172.764877 
114.452217 183.267181 
124.434433 191.831024 
137.668777 194.143127 
150.717850 192.231781 
161.775711 184.553879 
169.965195 174.598175 
177.127472 162.826828 
182.121353 150.056824 
185.311401 136.959976 
187.479919 123.550751 
188.825333 110.311234 
99.273476 95.952698 
105.526764 89.894684 
114.407593 87.958031 
123.933685 89.559845 
132.603500 92.971786 
148.978577 93.817314 
157.734283 90.611565 
166.996902 89.329643 
175.848511 91.247261 
181.684616 97.325302 
140.813919 103.541199 
140.257675 113.116859 
139.865433 122.805870 
139.412064 132.723694 
128.222549 136.474442 
133.419724 139.342438 
139.184479 141.209213 
145.469986 139.645081 
150.873886 137.302246 
110.266479 103.744461 
116.065010 100.814117 
122.931274 101.198555 
128.081421 105.638084 
122.107788 107.426147 
115.337616 107.165344 
153.546478 106.835907 
160.435837 102.912094 
166.980774 102.723412 
171.915390 105.938324 
167.316376 109.203514 
160.754150 109.115234 
119.734093 158.670105 
127.660927 155.871521 
134.776550 154.479797 
138.873596 155.790665 
143.770279 154.807526 
150.296707 156.368378 
157.310364 158.754532 
150.210602 161.749039 
143.830963 162.616760 
138.592484 162.571396 
133.997192 162.100861 
127.403252 160.946960 
123.159828 158.371078 
134.640564 157.367188 
138.893478 158.283218 
143.717453 157.617615 
153.788498 158.250717 
143.866089 157.349884 
138.888733 157.959167 
134.543793 157.340439 
