68 2
135.531235 110.590500 
136.302795 124.493340 
137.667923 138.715012 
140.999481 152.468491 
146.994980 165.235352 
156.625168 174.814865 
168.568039 182.515244 
181.234695 187.729340 
196.192993 188.258698 
211.003601 185.282043 
224.054474 178.882095 
235.928085 170.126587 
245.589417 158.883652 
251.873566 145.888901 
253.463516 131.133301 
252.977814 116.201065 
251.936691 101.309433 
144.140625 87.095146 
150.591385 80.882782 
158.956940 78.089607 
168.179550 77.077545 
177.561798 78.431236 
198.600800 75.973907 
207.934601 72.572815 
217.391083 70.989868 
226.992859 71.735413 
234.866180 76.857605 
188.931732 91.219772 
189.181503 99.355354 
189.411041 107.497627 
189.674072 115.714302 
179.017029 124.947281 
184.670227 125.595406 
190.600891 125.877144 
197.080719 124.670776 
203.311295 123.584755 
155.991486 100.364868 
161.971634 96.924393 
168.695251 95.442451 
175.069901 96.569733 
169.141708 98.505844 
162.831238 100.008942 
205.815018 93.047073 
212.029892 90.337173 
219.113220 90.308235 
225.213074 92.580963 
219.237411 93.874321 
212.474716 93.970428 
171.007629 146.184341 
174.503342 137.574951 
182.172928 132.925507 
189.902832 132.987961 
198.166183 132.437561 
207.256165 136.613052 
214.504196 143.817001 
207.557083 151.207870 
199.186325 155.869659 
191.158615 157.143570 
183.408340 156.723938 
175.812805 152.343445 
175.655670 144.598618 
182.808884 138.887436 
190.328674 138.821655 
198.113342 138.402557 
209.135101 143.045197 
198.755493 146.347534 
190.664902 147.791626 
183.180450 147.218414 
