68 2
155.577469 88.407455 
157.164703 99.972710 
159.601334 111.463486 
162.005066 123.083809 
165.973007 133.369812 
173.001953 142.474091 
181.730957 150.018723 
191.703918 156.210007 
203.607010 157.660889 
215.124573 155.260391 
224.769714 147.901215 
232.544678 139.131485 
237.883759 128.934479 
240.512772 117.847137 
241.477264 106.207787 
242.408173 95.106842 
242.930984 83.502235 
161.508377 78.734322 
165.531036 71.395493 
173.271729 67.861633 
181.574646 68.787895 
189.168884 71.619667 
210.628357 71.706985 
218.002136 68.668198 
225.551941 67.969543 
232.319031 70.643250 
236.317383 76.729767 
201.134399 82.244995 
201.720062 89.326675 
202.284286 96.160225 
202.885254 103.361496 
193.524338 110.833755 
198.175690 111.845222 
202.975235 112.709175 
207.330322 111.385201 
211.328033 110.302109 
172.035492 85.426018 
176.972260 82.799927 
182.659821 82.638885 
187.757477 85.355621 
182.604385 86.512909 
177.092575 86.964600 
212.522949 84.958527 
218.619995 82.070930 
224.188065 82.166801 
228.668457 84.527718 
224.101135 86.075897 
218.578796 85.813118 
184.598175 126.421715 
192.042023 123.678764 
198.674759 122.516060 
203.283463 123.717545 
208.290359 122.241669 
214.491516 122.968102 
220.534988 124.680038 
214.947342 131.526291 
209.031357 134.666061 
203.736465 135.881927 
198.669815 135.685532 
191.818680 133.358734 
187.196075 126.762642 
198.699585 126.523331 
203.366150 127.173531 
208.478775 125.922607 
218.070847 125.246979 
208.619247 128.699982 
203.403290 129.985931 
198.653488 129.608673 
