68 2
163.905823 92.703613 
164.920700 106.453339 
167.993423 119.509995 
171.652267 132.170975 
176.170471 144.334335 
182.589111 155.443787 
190.953064 165.050201 
201.594437 171.830124 
213.004288 173.880554 
223.700119 171.008118 
233.683029 163.652786 
241.980957 154.314255 
248.587814 143.315201 
252.864151 131.509415 
255.975586 119.561310 
258.486694 106.913628 
259.950012 93.683815 
174.042130 80.466866 
181.754501 75.520386 
190.943573 74.542969 
200.053482 76.099327 
207.835327 80.483086 
220.336792 80.548218 
229.163605 76.883148 
238.457825 75.748772 
247.449295 77.847878 
253.289520 83.669830 
213.804214 91.352814 
213.587448 100.468185 
213.521927 109.419884 
213.452911 118.578331 
205.537033 124.776649 
209.206451 125.890541 
213.102524 126.794418 
216.816116 125.912529 
220.209625 124.668785 
183.374374 91.255447 
189.056915 87.860855 
195.775665 88.312508 
200.841339 93.678047 
195.168869 95.072319 
188.547760 94.848511 
226.063736 93.703590 
231.330673 88.404266 
237.846359 88.300758 
242.724197 92.053459 
238.375488 95.032341 
232.129074 95.270111 
200.598129 144.885818 
204.764084 139.851624 
209.207336 135.914932 
212.332840 136.436111 
215.718460 135.840546 
220.084335 140.208069 
223.409927 144.651535 
219.753006 149.397018 
215.813721 152.898087 
212.273407 154.199524 
208.363937 153.383972 
204.388367 150.057159 
203.935928 144.569473 
209.335754 142.240067 
212.407394 142.147308 
215.642487 142.248581 
220.172409 144.449402 
215.526489 144.598328 
212.283264 145.930908 
209.021240 144.978012 
