68 2
108.556419 110.871399 
109.421738 123.411659 
111.554558 135.277863 
114.888618 146.676483 
120.108276 156.719650 
126.541779 165.194977 
134.929581 171.986877 
145.026093 176.725266 
156.950455 177.859436 
169.031281 175.247620 
179.437988 169.698868 
188.081284 162.186142 
194.210159 153.130035 
198.649796 142.884735 
201.257263 131.955490 
202.789688 121.112518 
203.499298 109.820000 
116.441490 92.365433 
121.640541 85.462418 
129.695374 81.615669 
139.054855 81.142303 
147.253632 83.315041 
162.571457 83.070580 
171.295319 81.151436 
180.412582 81.643692 
188.603287 84.803429 
194.424637 90.938530 
154.453979 95.268257 
154.269379 99.437859 
154.074219 103.606834 
153.970444 108.158554 
146.828049 120.162437 
150.690552 120.555191 
154.546310 120.695610 
158.637177 120.371933 
162.593811 119.833168 
125.803017 101.299370 
130.753433 97.457184 
136.924286 96.957214 
142.773590 100.192055 
137.315460 101.935341 
131.199768 102.651482 
167.319260 99.729614 
172.885910 96.082916 
178.856857 96.487183 
183.905273 99.785538 
178.887451 101.474846 
173.015564 101.286209 
139.497894 143.826645 
144.338501 134.924011 
150.276749 129.877090 
155.298019 130.234314 
160.357666 130.174576 
166.401794 135.225906 
170.492676 143.234985 
165.856812 148.356827 
160.014786 150.445755 
154.722122 151.037750 
149.553879 150.412506 
144.069351 148.533508 
142.301849 142.788025 
150.147751 135.294479 
155.383499 134.478821 
160.829285 135.520004 
168.007904 142.650528 
160.300873 144.997986 
154.700012 145.557098 
149.545151 144.843231 
