68 2
150.795746 108.188370 
150.852127 123.836510 
152.852722 139.335663 
156.377609 154.086472 
161.988892 168.254028 
169.953842 181.075912 
180.547791 191.713715 
193.229401 200.827103 
208.196106 203.817276 
222.460373 200.976013 
234.715759 192.237915 
245.195251 181.946533 
253.188156 169.970688 
259.021912 156.215256 
262.560822 142.064423 
265.630920 128.013687 
267.342560 113.338654 
160.315659 85.324432 
167.830063 79.499168 
177.861557 78.332939 
188.203903 80.643524 
197.531754 84.777176 
227.400436 85.384064 
237.432556 82.288307 
247.253799 81.528366 
256.680054 83.119507 
262.691406 89.533188 
212.475906 100.393639 
212.131500 107.265572 
211.714523 114.305542 
211.451050 121.449432 
201.285919 132.969147 
205.858078 133.916031 
210.504456 134.570007 
215.165497 134.350418 
219.673965 133.773621 
171.553162 101.917076 
178.393005 98.439728 
186.475067 98.779793 
193.557617 102.871613 
186.227432 104.365112 
178.451385 104.326553 
229.307617 104.508080 
236.911697 101.138336 
244.373810 101.684082 
249.923203 105.625992 
244.033371 107.526749 
236.634277 106.712990 
187.327713 159.927063 
194.334564 152.029800 
202.986176 147.991333 
209.657990 149.224380 
216.963776 148.858383 
224.750793 154.112579 
230.386902 162.274109 
223.968124 170.197678 
215.975922 174.070236 
208.264328 174.919479 
201.011658 173.669022 
193.136398 168.926926 
190.900208 159.798050 
202.471405 154.318329 
209.488159 154.236206 
217.512390 154.898117 
227.008926 162.176361 
216.849045 165.005936 
208.761780 165.928253 
201.619797 164.563904 
