68 2
153.210754 96.117271 
155.914490 109.235077 
159.965897 121.609772 
164.886200 133.539688 
170.323837 144.683502 
178.362671 154.080078 
189.635010 160.474792 
202.785233 164.090393 
216.457092 163.683105 
229.273712 159.731827 
240.823654 153.636139 
250.506836 145.232254 
257.318237 135.203018 
261.104279 123.373955 
262.739960 110.827309 
263.071655 97.830826 
262.243805 84.692963 
158.988312 74.028519 
165.595520 67.184074 
174.480896 63.953171 
184.879044 63.001724 
194.581940 64.925758 
213.407654 61.948906 
222.354294 58.292465 
232.156555 58.005180 
241.221619 59.938896 
248.732727 64.740425 
204.733917 74.666351 
204.924866 80.107697 
205.076050 85.498108 
205.224045 91.255394 
198.988464 104.781891 
203.330490 104.996407 
207.577759 104.764252 
211.973404 103.878036 
216.131531 102.692459 
172.108139 84.235695 
177.593460 79.527779 
185.003494 78.200531 
191.667786 81.397774 
185.878983 84.474472 
178.644302 85.761078 
220.647842 78.248634 
226.833466 73.684410 
233.793594 73.583038 
239.952255 77.267906 
234.695862 80.008591 
227.549011 80.174454 
194.121750 131.243729 
198.754120 121.962456 
204.657440 116.175819 
208.876404 116.603607 
213.074936 115.552925 
220.559067 120.083580 
228.163544 127.253403 
221.956909 131.931137 
215.450867 133.906219 
211.007996 134.732071 
206.606506 134.926041 
200.424973 134.101974 
197.609192 129.822098 
205.789291 122.740082 
209.797684 121.943710 
214.157654 122.172661 
224.721771 126.826797 
214.230301 126.957329 
209.708328 127.614761 
205.937653 127.907265 
