68 2
111.016449 92.030418 
111.146675 107.952232 
112.803871 125.260605 
114.785889 142.134949 
118.554497 158.630478 
126.055038 174.180405 
136.764664 187.954498 
151.247742 198.817123 
170.040939 202.160919 
191.145782 201.249969 
210.150009 194.227798 
225.847916 182.880539 
237.779922 167.282410 
245.083496 148.704987 
248.859436 129.657837 
252.172119 111.289406 
254.227890 92.716705 
115.374298 65.564926 
123.761070 57.218403 
135.892731 55.687199 
148.436661 58.375534 
158.955017 64.048309 
184.752396 63.869736 
198.629761 56.698383 
214.092712 54.684238 
229.403320 58.455635 
239.355545 69.386192 
171.659729 76.038322 
169.949600 91.046989 
168.266159 106.164474 
166.624802 121.212906 
151.249847 123.835663 
158.862122 128.126358 
167.721115 131.613754 
178.098450 128.696762 
187.643295 126.154404 
125.627533 79.326836 
134.183655 73.481163 
145.235306 74.406891 
154.191971 81.754898 
144.173523 83.525185 
133.348099 83.530495 
193.954102 83.102745 
204.852005 76.363319 
215.971481 76.855469 
224.063126 83.289268 
215.991974 86.552208 
205.175629 86.043518 
138.074646 143.983261 
147.163300 137.949158 
158.378891 135.944672 
167.970932 137.654358 
179.908966 136.536819 
193.628754 140.130066 
205.751160 146.657684 
192.809921 153.895340 
179.707245 157.462006 
167.847931 158.035339 
158.257141 156.549866 
147.622421 151.779434 
142.769287 143.852264 
158.769592 143.436203 
168.153214 144.756226 
179.949341 144.209518 
199.789856 146.218948 
180.129913 148.221100 
168.114502 148.382996 
158.734039 146.811142 
