68 2
152.379532 95.806381 
154.754211 109.190720 
158.252747 122.061783 
162.571838 134.486115 
167.963608 145.849289 
176.167709 155.372101 
187.368576 161.840042 
200.653351 164.902908 
214.436951 164.240616 
227.798065 160.578918 
239.918564 154.429688 
250.058380 146.264984 
257.008484 136.250046 
260.678375 124.276695 
262.380981 111.832245 
263.136017 98.899872 
262.691010 85.594574 
158.445267 73.467514 
164.728226 66.244843 
173.779709 62.611240 
184.242996 61.996758 
194.007385 64.269073 
212.033737 61.771809 
221.642273 58.114475 
231.711700 57.537006 
241.369736 59.587708 
249.428162 64.741814 
203.560898 74.855881 
203.787659 80.241661 
203.889084 85.457115 
204.094543 91.190971 
196.922531 105.535957 
201.484116 105.549255 
205.841019 105.515884 
210.643753 104.715324 
215.177765 103.572197 
170.247253 84.790855 
175.947479 80.208649 
183.442017 78.910431 
190.516678 82.147003 
184.214035 84.946198 
176.728577 86.155602 
219.414398 79.362152 
226.159927 74.866119 
233.399872 74.697075 
239.802277 78.339752 
234.067490 80.856682 
226.605820 80.992271 
189.960876 132.550125 
195.728058 123.252525 
202.382370 117.767334 
207.206650 118.174248 
211.944778 116.980103 
219.939041 121.244453 
227.809570 128.224792 
220.883270 132.734024 
213.576172 134.419296 
208.589447 135.364975 
203.668091 135.715515 
197.046021 135.145142 
193.349182 131.083328 
203.232849 124.273651 
207.841949 123.225639 
212.717346 123.466850 
224.084534 127.714005 
212.675964 127.720184 
207.744080 128.671371 
203.318649 129.106033 
