68 2
135.381714 104.993484 
135.975815 121.076569 
137.810226 137.380554 
142.029587 152.924683 
149.314911 166.768127 
159.927414 178.280380 
172.339569 187.493790 
184.690598 194.938690 
198.661606 197.176453 
212.623138 194.904236 
225.458221 186.956131 
237.449707 177.492447 
247.691437 165.492645 
255.121170 152.093781 
259.443939 137.527115 
261.460571 121.986420 
262.526703 105.801590 
148.545715 92.549240 
156.468796 85.689186 
166.897415 83.427513 
178.346649 84.208588 
188.939514 87.578300 
207.602341 87.316467 
218.481812 84.407928 
229.933182 83.854301 
241.218124 86.561974 
249.033508 93.029816 
197.405365 103.518250 
196.725662 113.758232 
196.069687 123.853897 
195.571320 134.018570 
184.407028 139.173065 
189.823135 141.494080 
195.874878 143.039642 
202.600311 141.638596 
208.739182 139.894012 
161.256378 106.016762 
167.797150 104.156250 
174.480728 103.671730 
181.130005 105.417198 
174.820358 107.078972 
167.956726 107.729034 
214.540298 105.542709 
221.678162 103.991302 
228.289246 104.780876 
234.415665 106.250992 
228.141327 107.911720 
221.414474 107.597160 
178.163147 158.925049 
185.463791 156.331497 
192.282089 153.955307 
196.903671 154.935440 
202.766876 154.253326 
210.421204 157.159180 
218.611679 159.958908 
210.718033 169.126175 
203.031677 172.864441 
196.911377 173.400101 
191.542908 172.498856 
185.045547 168.168259 
182.709229 159.224304 
192.268723 157.017227 
196.967361 157.434067 
202.874191 157.378769 
213.932541 160.115921 
203.281845 164.585571 
197.177948 165.035950 
192.310471 163.998749 
