68 2
88.585785 119.092613 
88.945427 134.688553 
90.209297 149.617203 
91.993126 164.498032 
95.738121 179.149124 
102.708359 192.169434 
113.991158 203.326843 
128.099258 211.736740 
143.046463 215.368088 
157.901917 213.820801 
171.506271 207.896790 
183.105789 198.904404 
191.422180 186.912521 
196.654541 172.972595 
200.316833 158.873505 
203.683762 144.480362 
205.767105 129.760452 
101.010895 103.541092 
109.266975 98.062447 
119.793579 97.060097 
130.307953 99.866585 
139.382263 104.756012 
160.275772 104.448334 
169.712463 101.547371 
179.423370 100.898956 
188.584412 102.648270 
195.352844 107.308533 
149.677170 118.293198 
148.841125 128.282410 
148.077042 138.109100 
147.273712 148.243622 
135.791382 153.965363 
140.975311 156.883728 
146.483780 159.076965 
152.182434 157.553970 
157.298904 155.455261 
112.975822 118.202850 
119.874649 114.706406 
127.924301 115.430801 
134.264572 121.015839 
127.135406 122.601646 
119.304062 121.856079 
163.231354 122.810738 
170.267288 117.932823 
177.918808 118.202652 
183.950333 122.750908 
178.234314 125.386192 
170.735992 124.993912 
121.904755 173.995804 
131.603973 169.835632 
140.286102 168.157471 
145.806625 169.648239 
151.910507 168.941544 
160.030396 171.862183 
168.429718 176.821396 
160.369614 185.212585 
152.005646 188.824875 
145.224396 189.401581 
138.968872 188.356796 
130.397675 183.974716 
125.511475 174.747971 
139.842819 172.105774 
145.756454 172.725388 
152.218399 172.939117 
164.954300 177.124893 
152.016983 181.634552 
145.374695 182.048264 
139.353806 181.170624 
