68 2
125.317413 139.064758 
126.770348 153.125549 
129.982422 166.635742 
133.802902 179.847244 
138.930939 191.948914 
147.126328 202.174469 
158.856659 209.058533 
172.784683 213.204208 
187.611954 212.596527 
202.099304 209.539291 
215.033005 203.393921 
225.872162 194.739685 
232.936005 183.740356 
237.018829 171.026840 
238.728546 158.086319 
239.505341 144.875778 
238.957382 131.881439 
133.101395 120.870026 
139.402664 111.360321 
150.120178 106.670830 
162.425308 107.013306 
174.125458 110.427307 
189.457550 110.872322 
200.099533 106.692978 
210.875290 105.400208 
221.425262 107.971344 
228.948349 114.766144 
181.187683 121.839386 
181.121262 127.269341 
180.965622 132.804581 
180.997116 138.931244 
173.123489 153.797852 
177.682220 153.703659 
182.004471 153.876572 
186.643051 153.317932 
191.234558 152.806870 
145.356949 130.679993 
151.727707 125.893471 
159.488708 124.845512 
167.053772 128.795105 
160.235809 131.479080 
152.264389 132.599716 
195.818542 127.096161 
202.950867 122.170425 
210.707657 122.469727 
216.971497 126.287491 
211.223221 128.996887 
203.535309 129.021622 
165.051788 180.797409 
172.081406 171.788635 
179.051926 166.434586 
182.912033 167.257141 
187.068390 166.120300 
195.601715 170.814957 
204.698914 178.118088 
196.485748 183.332825 
188.774200 184.746719 
184.195969 185.203720 
180.015045 185.564087 
172.987610 185.062424 
168.598465 179.693466 
179.845886 173.017639 
183.446564 172.503357 
187.807678 172.642761 
200.931107 177.812927 
187.908905 177.169022 
183.485336 177.198318 
180.017609 177.789444 
