68 2
134.357315 146.909988 
133.880447 164.338806 
134.331131 181.867340 
135.988922 199.134872 
140.905212 215.424072 
148.850906 229.692947 
159.784348 242.014465 
172.648956 251.832657 
187.858978 255.026611 
202.624207 253.262726 
215.955215 245.391190 
228.755798 235.968689 
239.280975 224.097382 
247.154785 209.728973 
252.054306 194.182556 
255.215515 177.324326 
257.369751 159.866302 
142.670502 143.967667 
151.330811 136.232285 
164.109863 135.839752 
176.814041 139.023361 
187.997787 144.939865 
205.717331 145.641525 
218.327835 141.716492 
231.135361 140.388611 
243.551056 143.100067 
250.872040 152.166046 
196.795975 155.469833 
195.743637 167.794556 
194.648254 180.213364 
193.601852 192.935089 
179.464325 195.204315 
185.447052 198.134781 
191.944672 200.698257 
198.802277 199.163940 
205.077316 197.404510 
156.156921 153.047440 
163.232559 149.512558 
171.772568 150.643280 
177.985779 156.585632 
170.469208 157.725021 
161.896683 157.069016 
213.394821 159.357941 
221.069626 154.370026 
229.887939 155.094818 
236.005646 159.514786 
229.776474 162.567902 
221.234680 161.933533 
170.370895 217.784180 
177.515762 214.008881 
184.607681 212.072418 
189.479462 214.084122 
195.346527 213.020859 
202.486664 216.686356 
209.457321 221.337479 
201.982681 228.949295 
194.455994 232.224930 
188.249619 232.408234 
182.564133 231.114471 
175.892624 226.601791 
174.498154 218.003281 
184.179901 216.158844 
189.144745 217.235062 
194.867035 217.102432 
205.290909 220.882813 
194.999573 222.744202 
189.037506 223.209412 
183.727112 221.805740 
