70 2
129.501770 115.798149 
132.262970 132.475464 
136.263000 148.892273 
141.303726 164.758301 
149.577942 178.543289 
161.719330 189.074631 
176.836456 196.538635 
192.761536 201.869186 
208.210342 201.926834 
220.862122 197.148056 
228.899628 186.613724 
234.131271 175.139893 
237.519287 162.117020 
238.758331 148.392868 
239.735779 135.722412 
239.907043 122.607819 
238.249451 109.939316 
146.888550 93.559753 
154.124237 85.585083 
164.402817 81.872139 
175.966019 80.956146 
186.493408 84.747208 
212.984863 84.600319 
220.477036 81.300690 
228.113068 81.454933 
234.708496 84.745514 
238.107590 90.631332 
202.677795 101.790009 
204.769836 111.372154 
206.992981 120.815483 
209.328171 130.422882 
195.183960 140.844269 
201.325150 141.797577 
206.956512 142.611176 
211.101273 141.730682 
214.743713 140.326599 
161.966736 107.135307 
168.483383 102.966011 
176.101791 102.795067 
182.748642 106.771858 
176.090668 108.967804 
168.538025 109.529510 
212.635040 106.875488 
219.061111 102.450851 
226.040909 102.631783 
230.596115 106.696411 
226.147461 108.877136 
219.369049 108.705917 
183.854736 168.025085 
193.316589 160.967514 
201.716553 157.135345 
207.638641 157.796616 
212.979202 156.438293 
218.151123 159.400711 
220.695343 165.039520 
218.932693 170.856766 
214.092331 174.767075 
208.710449 176.361526 
202.609085 176.008698 
194.027756 174.338348 
187.636368 167.355270 
201.445404 161.764328 
207.572250 161.310715 
212.927307 160.927643 
217.760269 164.749786 
213.302887 167.260574 
207.893494 169.052872 
201.841980 168.823349 
169.199997 105.199997 
219.000000 104.800003 
