68 2
131.260986 77.688866 
131.009628 91.675552 
132.689438 105.939835 
135.642136 119.870361 
140.480286 132.971878 
147.043320 144.999832 
156.335526 155.395721 
167.710007 163.225021 
181.137482 165.492233 
194.736908 163.682831 
206.046555 156.386475 
215.349701 146.592407 
222.313843 135.053009 
227.411819 122.893028 
231.572159 110.343773 
234.431229 97.330437 
235.366241 84.070236 
141.091446 64.413788 
148.801682 58.850445 
158.205673 58.013496 
167.746429 60.116394 
175.886658 64.718727 
196.488632 65.747078 
205.142639 63.108353 
213.959930 63.171501 
222.207657 65.440636 
227.345612 71.632584 
185.852539 76.489578 
185.530563 83.332756 
185.370010 90.246323 
185.331573 97.529297 
174.659729 106.871658 
179.395355 108.313492 
184.060425 109.613205 
189.143265 109.058197 
193.731903 108.227577 
151.394653 75.593880 
157.522156 71.746788 
165.173111 72.440018 
171.435074 77.822784 
164.618164 79.503593 
156.916183 79.183815 
198.136505 79.929535 
204.711365 75.399673 
211.998962 75.952705 
217.333664 80.277328 
212.456970 83.130951 
205.163818 82.689484 
166.235107 129.607742 
172.466599 123.347687 
178.690125 120.043732 
183.178162 121.527252 
188.144455 120.546059 
193.690384 124.787804 
197.928177 131.361801 
192.629578 137.818680 
187.282578 140.497986 
182.117279 140.932587 
177.145279 140.182190 
171.599731 136.647385 
169.929169 129.301697 
178.560211 125.437653 
183.043228 125.804970 
187.913300 126.054985 
194.523087 130.836441 
187.550110 131.458038 
182.621002 132.053314 
178.104507 131.085205 
