68 2
151.942993 74.584015 
152.303055 88.827316 
154.141876 103.082458 
157.515228 116.849937 
163.669952 129.463364 
171.166199 140.738266 
179.940552 150.858261 
190.668808 158.869446 
203.735916 159.968643 
215.930466 157.230743 
225.873596 148.674835 
234.165497 138.187347 
240.710968 125.815765 
245.282043 112.482407 
247.370987 98.706139 
248.563232 84.560936 
249.009583 70.410027 
157.536896 64.066994 
162.959656 57.348530 
172.168549 55.386539 
181.784698 56.761307 
191.049301 60.236267 
207.338745 60.607952 
216.331589 55.586842 
226.094589 52.628799 
236.189148 54.078976 
242.566864 61.468567 
199.820908 72.090172 
200.371078 82.534210 
200.946045 93.029205 
201.452179 103.504684 
190.000198 107.384979 
195.527374 109.320305 
201.626968 110.720779 
207.589233 108.771606 
212.916626 106.691795 
167.742477 71.643906 
173.220078 68.770340 
180.087524 68.935577 
186.021500 72.616554 
179.988586 74.291000 
173.232361 74.477974 
213.233841 72.288712 
219.752457 67.962433 
226.288132 67.851181 
231.483673 70.502426 
226.563309 73.373260 
220.115158 73.593781 
182.577942 124.911797 
190.324020 122.374405 
197.383575 120.806953 
202.664856 121.675522 
208.151291 120.450142 
214.980469 121.384552 
221.391541 122.562759 
215.002579 126.962975 
208.513977 129.311127 
202.712341 130.200195 
197.237091 129.874023 
190.325302 128.254028 
185.673035 124.894287 
197.372177 124.452301 
202.946640 125.015778 
208.355774 124.161774 
218.615387 122.663483 
208.133713 123.534233 
202.431992 124.459663 
197.010529 124.080902 
