68 2
142.672592 113.403633 
142.910965 130.753067 
144.713196 147.929703 
145.770370 165.133514 
148.946472 181.561203 
156.336472 196.356171 
167.127228 208.885605 
180.320099 220.459610 
196.965088 224.078308 
212.704239 222.488693 
226.569153 213.256744 
238.272812 200.540970 
247.177597 185.993134 
252.391632 169.707947 
255.514893 152.567947 
258.909546 135.083023 
261.094849 117.563080 
147.951569 107.017570 
155.491959 97.586143 
167.730865 94.188965 
180.735657 96.095673 
192.506287 100.964821 
209.810272 101.269089 
222.510574 97.703896 
235.317841 97.265785 
247.494873 101.876762 
254.894913 110.763458 
201.282852 114.932404 
200.500839 125.717072 
199.685760 136.488541 
198.850235 147.614746 
187.172607 155.404755 
192.747452 157.623322 
198.420029 159.660263 
204.714874 158.414612 
210.474625 157.008255 
161.530960 115.135468 
168.798096 110.114258 
178.209778 110.916542 
184.950638 118.136909 
177.052170 120.384171 
167.723877 119.767090 
217.645187 119.432617 
225.624008 112.773247 
234.705215 113.177002 
241.377686 118.669624 
235.059402 122.618248 
226.114075 122.251137 
174.669724 180.502975 
183.842560 178.279160 
191.918808 176.287842 
197.040848 178.320633 
202.963089 176.826141 
211.509033 180.159851 
221.602036 184.015686 
211.569336 190.386246 
203.370605 191.491287 
196.920425 191.801620 
190.915619 191.101181 
182.900650 188.328766 
178.566330 181.712418 
191.479614 182.897034 
197.072739 183.611740 
203.065384 183.214890 
217.318054 184.281799 
203.209854 182.991852 
197.190933 183.573730 
191.585266 182.539551 
