68 2
142.931763 112.450294 
144.066757 130.051437 
147.185028 147.429443 
151.334824 164.404022 
157.855469 179.583527 
167.629333 192.865051 
180.073685 202.972656 
195.008926 210.271790 
211.426895 211.620285 
226.332214 207.976288 
238.055481 198.437927 
247.417786 186.366669 
254.024734 173.221054 
257.760406 159.496887 
260.623047 145.036423 
263.283142 130.441208 
263.987366 115.325943 
154.646912 99.482338 
163.573288 91.741791 
175.638214 90.315956 
187.684418 93.174255 
198.533798 98.282753 
226.325348 98.820541 
236.785858 95.175629 
246.917801 93.873184 
256.455933 95.536613 
261.921356 102.822113 
213.772614 112.321587 
214.001984 120.133476 
214.447327 127.946098 
214.887009 136.192688 
201.257950 147.493958 
207.123596 148.573532 
213.039627 149.613205 
218.224411 149.067123 
223.175430 148.207642 
168.738800 112.018150 
175.887299 108.040894 
184.485260 108.711266 
191.893982 114.092560 
184.042908 115.680748 
175.501968 115.429283 
229.024597 115.465019 
236.697647 110.766983 
244.487381 111.059319 
250.270996 115.089966 
244.787567 117.972061 
236.827179 117.649048 
187.220032 172.997482 
197.251831 166.240585 
206.768555 162.931015 
212.118454 164.802643 
217.444901 163.331039 
224.647507 166.895813 
231.007019 173.504532 
224.546906 180.082199 
217.797028 182.729431 
211.809494 183.339249 
205.704819 183.165344 
196.298447 180.164429 
191.041092 172.758057 
206.443573 169.161911 
211.981842 169.560623 
217.486954 169.169769 
227.528152 173.506454 
217.703308 173.965302 
212.043106 174.815735 
206.297836 174.556610 
