68 2
114.201080 93.781235 
115.084869 115.320435 
118.002670 137.170441 
122.465118 157.753296 
130.189926 177.321655 
139.865646 194.388275 
153.139099 208.400009 
169.488235 218.805344 
190.031219 222.123993 
210.690369 219.136322 
229.049210 209.377991 
246.631943 197.649521 
260.445923 182.614502 
269.953278 163.194031 
275.221069 142.652069 
279.478180 120.739189 
282.928162 98.763733 
119.435562 64.506149 
127.523422 50.536785 
143.042114 45.409718 
159.763107 47.852909 
175.202927 54.023392 
207.366104 55.268337 
225.142395 49.783646 
243.002197 48.094532 
260.603394 53.568275 
271.628265 67.760323 
189.824036 73.480385 
188.570602 84.152512 
187.239182 94.636307 
185.745422 106.003693 
171.193466 121.935898 
178.632401 124.578804 
186.502884 126.497940 
196.204056 125.052773 
205.371353 123.350723 
135.832581 81.449570 
144.864853 74.802689 
157.024185 74.311424 
167.937973 80.788643 
157.123535 83.841660 
145.427094 84.692444 
217.599960 81.249245 
228.961395 75.613037 
241.123260 76.956612 
249.981750 83.590363 
241.110001 86.133141 
229.151474 84.784760 
158.527344 165.017029 
168.792084 155.366913 
179.441223 150.261215 
187.424088 152.731766 
197.039642 151.199615 
210.038025 157.171143 
222.545532 167.315536 
210.809799 178.229050 
198.109695 182.574478 
187.749207 183.008453 
179.015350 181.444611 
168.289520 176.190247 
164.007889 165.126450 
179.234085 159.459015 
187.670258 160.265076 
197.699402 160.065613 
217.427460 167.045715 
198.059631 168.885849 
188.092545 169.362747 
179.499969 167.402710 
