68 2
147.329376 106.012871 
148.115005 117.905724 
149.987579 129.344482 
152.540298 140.589600 
156.348022 150.794022 
161.336075 160.654556 
168.975739 169.107285 
177.185059 176.559265 
187.816147 178.816132 
198.285614 176.781357 
208.064026 170.391113 
216.681442 162.171814 
223.042023 152.336731 
227.392731 141.139343 
230.106415 129.623459 
232.248596 117.607178 
233.824249 105.203178 
150.035583 95.897987 
155.344208 91.650513 
162.855438 91.355873 
170.256821 93.174286 
177.002228 95.989540 
193.520340 95.416672 
201.390228 92.853241 
209.464401 91.992599 
217.187668 93.643349 
223.239029 98.102394 
185.474457 103.759369 
185.290665 111.091599 
185.041061 118.315399 
184.723511 125.861557 
177.302582 129.968079 
180.921906 131.899521 
185.064621 133.349609 
189.764572 132.109604 
194.266663 130.670334 
158.370285 104.584534 
162.680542 101.473259 
168.675003 101.760750 
173.541565 105.585854 
168.403198 106.865761 
162.581390 106.833832 
199.217010 106.190399 
204.397919 102.526611 
210.129333 102.790497 
214.740417 105.857033 
210.451691 108.080093 
204.702759 107.726685 
171.519852 146.950760 
176.222656 143.842728 
181.420837 142.681412 
185.481552 144.062469 
190.337189 142.965744 
196.617188 144.726974 
202.338760 147.963608 
196.939194 154.462097 
190.692764 157.328476 
185.632309 157.908981 
180.890228 157.055313 
175.821045 154.028809 
173.670731 147.236710 
181.238220 146.548096 
185.650208 147.224304 
190.662048 146.703613 
200.008362 148.068497 
190.682556 151.170319 
185.579529 151.927246 
180.992462 150.855301 
