68 2
98.610840 99.760406 
98.828735 113.130638 
100.434769 126.755890 
102.979553 140.152771 
108.094452 153.083847 
115.190849 164.708069 
123.968575 174.604614 
134.896912 182.392014 
148.137466 184.207825 
161.242218 181.065125 
171.486526 171.932358 
179.454132 161.001373 
185.983490 148.768829 
190.209305 135.692780 
192.683289 123.151894 
194.327774 110.394287 
194.694992 97.506683 
105.848602 84.982033 
111.740181 78.930771 
120.691650 77.101303 
129.955139 78.464119 
138.576263 81.903069 
156.597351 81.514252 
165.048737 77.901428 
173.803360 76.347672 
182.511398 77.819260 
188.078934 84.425522 
147.620865 91.420570 
147.650894 100.789131 
147.822968 110.137733 
147.901688 119.758911 
136.112656 123.690216 
141.484161 126.180946 
147.484879 128.103760 
153.932816 125.852364 
159.376297 123.296051 
115.981377 94.390800 
121.114975 91.088181 
127.658936 91.071442 
133.125244 94.589989 
127.492035 96.398163 
121.100777 96.612877 
160.927597 94.340630 
167.289001 90.687225 
173.597198 90.865814 
178.461700 94.010254 
173.819550 96.502220 
167.674744 96.331558 
128.098816 146.543671 
135.735092 142.233948 
142.929367 139.418747 
147.760178 140.275818 
153.431244 139.088318 
160.086517 141.067825 
165.886536 145.253967 
160.257706 150.420761 
153.657486 153.355957 
147.792587 154.296524 
142.185059 153.887650 
135.351776 151.653702 
131.538559 146.583771 
142.969604 145.165802 
147.986023 145.146225 
153.775604 144.734528 
162.593933 145.382751 
153.743912 145.699677 
147.748947 146.800430 
142.662125 146.252457 
