68 2
149.924484 115.166412 
149.595840 127.883247 
150.547256 140.928024 
152.840134 153.923416 
156.715088 166.603485 
161.680664 178.868958 
168.839218 189.808502 
178.696091 197.891251 
191.714630 199.964615 
205.727951 197.425156 
217.447968 189.421570 
226.861404 179.203186 
234.110275 166.870132 
239.037460 152.981659 
241.720032 139.545563 
243.108124 125.818466 
243.467178 111.840096 
152.675522 97.202209 
158.063400 91.619934 
165.651520 90.184967 
173.766571 91.113640 
181.151184 94.169701 
199.907425 93.444733 
207.928162 89.655464 
216.645935 88.411781 
225.171524 89.683868 
231.519150 95.446503 
190.444153 103.428947 
189.814728 112.444122 
189.298904 121.330429 
188.717606 130.645599 
178.603729 136.626099 
183.694260 139.714905 
189.494415 141.864044 
196.193314 139.563065 
202.158524 136.998871 
161.750870 106.652344 
166.586029 102.703857 
173.396988 102.679718 
179.018204 106.657150 
173.156342 108.850937 
166.698181 109.224358 
204.175201 106.548157 
210.415573 102.042381 
217.609100 102.266632 
222.786194 106.019875 
217.977982 108.680450 
211.067520 108.812683 
172.460587 162.208145 
178.321228 157.470383 
184.962860 154.894058 
190.137558 155.831604 
196.272430 154.516953 
204.352478 156.751953 
211.225021 161.212585 
204.773895 168.403946 
197.125549 172.014740 
190.417206 173.189377 
184.306976 172.311646 
177.617050 168.856247 
175.202148 162.313538 
184.790115 159.719559 
190.341278 159.495941 
196.745224 159.578033 
208.626648 161.800842 
196.859390 164.567581 
190.224197 165.881287 
184.564758 164.835785 
