68 2
172.370667 133.149384 
172.661301 149.318359 
174.230133 165.242477 
176.278427 180.882019 
181.230057 195.064072 
190.609787 207.757538 
203.021179 217.423508 
216.587860 225.622177 
231.571609 229.071777 
245.856659 227.707840 
258.432404 220.241531 
269.775513 211.073242 
278.657318 199.313293 
284.310608 185.632385 
288.194977 171.167557 
291.463745 157.002029 
293.067017 142.515167 
187.673477 114.865341 
195.937057 108.139984 
206.926941 105.300186 
217.617950 107.244690 
227.388870 111.470375 
256.906738 114.161064 
266.544434 111.853241 
275.852112 112.136078 
283.914093 116.231094 
289.237946 122.928467 
241.072510 130.451599 
240.743164 140.102325 
240.691574 149.634842 
240.684738 158.915817 
227.656631 168.334778 
232.930206 169.950180 
238.337082 171.252136 
243.528976 170.932281 
248.380127 170.294037 
198.366455 130.391953 
205.747955 126.326225 
214.752045 126.984550 
222.168579 132.692566 
214.136887 134.519608 
205.255890 134.279510 
255.936829 136.003143 
264.391022 132.372375 
272.578003 133.599625 
278.091309 138.436798 
271.839935 140.768173 
263.721588 139.590134 
211.261169 188.930710 
221.802551 183.883728 
230.513321 180.891663 
237.405548 182.084412 
244.509109 182.187271 
251.453934 186.529678 
257.150238 193.132919 
250.273712 196.368439 
243.047302 197.742630 
236.147537 197.820770 
228.903915 196.790955 
220.938293 194.148178 
216.201996 188.875137 
230.150986 187.431808 
237.042862 187.616653 
244.150208 188.691086 
253.430099 192.206635 
243.900803 189.935684 
236.717636 190.051132 
229.905243 189.242126 
