68 2
131.925568 85.972588 
133.914932 103.761002 
137.851501 121.005707 
142.054916 137.791565 
148.091843 153.937805 
157.324966 167.908432 
170.316620 178.763657 
185.616699 186.501343 
202.102783 187.958588 
217.564728 184.160080 
231.448624 175.258224 
242.930481 163.240616 
250.543381 148.541168 
254.317352 132.575607 
256.746277 116.148834 
259.193268 98.952843 
260.207977 81.623077 
141.112366 75.403442 
150.271317 68.676651 
162.026672 67.302910 
173.534790 69.545822 
184.506424 73.297867 
204.453064 71.178276 
216.436768 67.009483 
227.988708 64.269669 
239.867249 64.814011 
249.221359 70.008026 
195.701324 86.327637 
195.800980 96.932770 
196.076401 107.639931 
196.233231 118.635582 
185.352844 127.675224 
191.050903 129.892593 
197.069366 131.465897 
203.068909 129.448212 
208.614044 127.088448 
156.420624 87.565651 
163.781921 83.176758 
172.753830 83.463310 
179.875305 89.729980 
172.323090 91.798409 
163.335434 91.615379 
212.225647 88.396141 
219.302307 81.403267 
227.946259 80.805222 
235.028397 84.998688 
229.349960 89.324181 
220.757156 89.894943 
176.792465 150.561050 
185.092545 146.128769 
192.864029 143.634216 
198.001877 145.380219 
203.504486 143.394669 
211.921082 145.524719 
221.133209 148.388519 
213.058701 155.170349 
205.454422 158.520233 
199.239151 159.804474 
193.283691 159.429688 
185.327133 156.664276 
180.290222 151.178665 
192.975037 149.636383 
198.482040 149.811127 
204.321167 148.747986 
217.811340 149.152023 
204.530334 150.400925 
198.561005 151.307053 
193.000549 150.962799 
