68 2
128.068985 112.390938 
130.276184 128.649597 
134.489075 144.625732 
139.755646 159.940399 
147.139481 174.349045 
158.048660 186.822830 
170.995041 197.576294 
185.267685 205.131485 
200.412888 206.279480 
214.376205 201.559143 
225.575928 191.253418 
234.939697 178.821808 
241.858368 164.872864 
245.187088 149.783142 
247.030334 134.684860 
248.380585 119.803925 
247.840500 104.462631 
138.619934 98.366776 
145.479187 89.996101 
155.580963 85.234131 
167.070145 85.599640 
177.426453 88.857849 
205.439026 86.711365 
215.357346 82.443214 
225.328278 81.033623 
235.015167 84.550217 
240.985840 91.580475 
192.019714 103.881432 
192.906921 113.842621 
193.890503 123.459068 
194.832291 133.407654 
184.464783 144.753738 
190.002563 145.217651 
195.448944 145.769592 
200.625031 144.750626 
205.571564 143.990906 
151.286484 109.576973 
158.335739 104.607841 
167.715683 104.229149 
175.671570 109.785538 
167.836624 112.154755 
158.569260 112.831032 
207.978333 108.057816 
215.501587 101.431854 
224.230042 101.061073 
230.787170 105.440125 
225.400528 109.033112 
216.808868 109.620209 
174.461182 166.969528 
183.204895 160.117813 
191.627411 156.150970 
196.958084 157.129333 
202.804260 155.896896 
212.083618 159.453918 
220.222382 164.549622 
213.423660 175.346252 
205.182022 180.883652 
198.719894 182.168533 
192.682755 181.484482 
183.840027 176.695679 
179.166153 166.596130 
192.462814 162.928528 
197.351700 162.925430 
203.158310 162.665070 
215.964767 164.974670 
203.884460 171.311951 
198.037277 172.545624 
192.818085 171.682861 
