68 2
161.703613 81.115334 
163.687988 92.628860 
166.219299 103.718719 
169.746033 114.243813 
174.488373 124.166298 
181.307312 132.861343 
190.581619 139.621872 
200.837265 144.405029 
212.140060 145.038666 
222.902725 142.100540 
231.859756 135.841919 
239.629211 127.886948 
244.990784 118.619820 
248.069763 108.306236 
249.441238 97.490776 
250.403152 86.467072 
250.736633 75.639580 
168.627029 62.259567 
174.766663 57.351738 
182.909256 56.042427 
191.143204 57.046421 
198.306259 59.994308 
215.942978 58.680759 
223.275940 56.238270 
230.731689 55.229500 
237.935791 56.864258 
242.883301 61.278389 
207.885681 68.841919 
208.324112 74.681938 
208.863983 80.520874 
209.486847 86.526054 
200.322006 94.260376 
204.710876 95.408096 
209.187759 96.211411 
213.617355 95.230156 
217.642532 93.856285 
178.443573 71.837433 
182.970062 68.459732 
189.096832 68.126617 
194.653534 71.247826 
189.386703 73.465508 
183.349350 74.133148 
219.466171 70.554771 
224.441010 67.013000 
230.184494 67.483101 
234.527771 70.522202 
230.472412 72.680855 
224.782288 72.482964 
194.007507 113.720482 
199.337723 108.032784 
204.505234 104.709175 
208.775009 105.382652 
213.769180 104.463387 
219.477722 107.930359 
224.768539 112.621429 
219.621765 116.784142 
214.229218 118.416588 
209.206985 119.204468 
204.735321 118.908447 
199.605331 117.264366 
197.137344 113.126022 
204.716629 109.255638 
208.996124 108.997505 
214.076736 109.013092 
221.504349 112.367645 
214.002655 112.147621 
208.962677 113.074257 
204.698853 112.741447 
