68 2
110.240875 126.218437 
111.095573 151.158691 
114.440224 175.100677 
120.117432 197.957581 
127.767632 219.547440 
137.487808 239.448730 
150.727356 256.244568 
166.119080 268.431488 
186.580338 272.687653 
208.173706 269.979004 
226.506454 257.295837 
242.573181 241.816406 
256.034058 223.230972 
265.717865 203.077774 
272.311554 182.325058 
277.140259 159.752945 
280.281128 136.694107 
118.655434 107.996429 
129.908981 95.547821 
146.400940 94.244293 
163.338806 99.332962 
178.877655 107.115738 
209.547424 107.805367 
226.712952 102.582298 
243.019348 99.079491 
259.432495 101.573090 
268.557800 113.883873 
193.433243 123.792023 
192.174973 137.314270 
190.799332 150.694199 
189.545105 164.782104 
171.450638 176.862747 
179.558182 180.959412 
188.436768 184.362808 
198.737991 182.020676 
207.879868 179.048889 
135.047424 126.030411 
144.748505 120.552399 
156.827271 120.589615 
167.410019 126.964966 
156.427216 129.604370 
144.626404 130.094971 
217.929001 128.905441 
229.203308 123.189606 
241.225555 124.666397 
250.070374 130.702408 
240.971817 133.484421 
229.142899 132.425537 
155.092224 214.896652 
167.166763 205.740997 
179.433899 202.199112 
186.837570 205.533768 
196.596680 203.313934 
209.433411 207.960373 
220.230957 217.437912 
209.588135 232.064636 
196.628815 238.054855 
185.665466 238.643585 
176.510086 236.969315 
164.836731 230.422577 
160.107574 215.396378 
178.839905 209.697083 
186.773438 210.807816 
197.348877 210.240784 
215.486267 218.012604 
197.212830 224.603363 
186.326477 225.629349 
177.830780 223.724503 
