68 2
190.102112 104.673347 
190.806396 123.502235 
193.145309 141.804520 
196.082443 159.757492 
202.185059 176.239182 
211.756729 191.387634 
224.570526 204.169495 
240.019989 214.291153 
256.926208 217.129578 
271.549042 213.534531 
283.660309 203.336502 
293.614105 190.600266 
300.898590 176.187592 
305.826782 161.487610 
310.258301 146.546524 
314.015015 131.200623 
316.596527 114.878311 
203.464417 101.243912 
213.905807 94.885788 
226.896698 94.859009 
240.032333 98.241142 
251.937500 104.432953 
274.651855 105.468140 
286.109955 101.261604 
297.803345 99.260323 
309.083527 100.725357 
314.756561 109.047844 
264.432526 116.994904 
264.654816 126.634071 
265.008423 136.300339 
265.485046 146.314758 
249.487091 154.055496 
256.225464 155.956970 
263.262329 157.700272 
269.103516 156.682297 
274.505951 155.081024 
218.452789 114.791901 
226.239990 112.359001 
234.757980 113.047325 
242.478348 117.627281 
234.286682 118.479767 
225.877869 118.215210 
279.279236 120.067169 
287.527222 116.620255 
295.321655 117.178238 
301.430420 120.268768 
295.396942 122.782440 
287.531006 122.247101 
233.372284 174.571182 
244.448624 171.333069 
254.548065 170.021591 
260.631683 172.008743 
266.860107 170.787811 
273.910919 173.234192 
280.309601 177.019562 
273.445190 184.037857 
266.564056 187.520691 
259.680298 188.654800 
252.796570 187.638138 
243.092209 183.841736 
237.071854 174.796936 
253.870193 174.110336 
260.401733 175.160797 
266.785797 174.553986 
277.004364 177.087509 
267.029785 179.597031 
260.236877 180.864807 
253.360245 179.796387 
