68 2
139.963455 153.510040 
139.297836 171.238342 
139.989349 188.722260 
141.694168 205.828506 
145.908463 221.954132 
153.061157 236.565704 
163.147308 249.590988 
174.791321 260.141266 
189.556808 263.559082 
204.707199 262.351196 
218.308060 254.074524 
231.377991 244.371063 
242.259521 231.802597 
250.595871 217.147369 
255.716095 201.386566 
258.739929 184.854980 
261.028748 167.357452 
147.345306 151.541733 
155.214996 144.154129 
167.558212 144.278061 
179.241714 148.387741 
190.175217 154.183899 
207.294785 154.990097 
219.106842 150.332016 
231.525040 147.844193 
243.926208 149.313232 
251.809402 157.928864 
198.662903 163.037079 
197.416641 175.146057 
196.164963 187.456665 
194.929916 200.076584 
181.833115 203.492126 
187.480698 206.075562 
193.697937 208.273804 
200.580551 207.252640 
206.718658 205.464737 
160.414047 160.924088 
167.597488 158.632187 
175.818497 159.695679 
182.034073 164.135559 
174.635834 165.585327 
166.468918 164.978104 
214.864334 166.407654 
222.522522 162.705261 
230.634735 163.275864 
236.720032 166.483383 
230.580734 169.550949 
222.583282 169.112732 
172.456573 224.676651 
178.641861 220.945358 
185.912201 218.956665 
190.927658 221.080856 
197.121124 219.947693 
204.941681 223.557678 
212.307922 228.219299 
204.104706 237.177917 
195.584717 240.851776 
189.212448 240.709122 
183.300674 239.414627 
176.684845 234.041428 
176.271332 224.691116 
185.464142 222.315155 
190.579285 223.305313 
196.746338 223.133972 
208.413025 227.766083 
196.425598 232.141251 
190.120193 232.356033 
184.547638 230.925125 
