68 2
119.466011 62.232437 
121.108871 75.765404 
124.172417 88.745728 
127.663071 101.413925 
132.791962 113.066719 
139.998108 123.622803 
149.352402 132.888550 
160.104980 140.524719 
172.579971 142.807312 
184.274704 139.959839 
194.240158 132.035721 
202.830566 122.481415 
209.766541 111.007416 
214.205368 98.257965 
217.014008 84.985107 
218.219040 71.281754 
218.426575 57.295940 
127.596573 52.885643 
134.121201 47.853748 
142.555588 46.760902 
151.263199 47.463455 
159.499237 49.204384 
175.042191 46.819016 
183.740936 44.096516 
192.171906 42.689968 
200.493469 42.967911 
207.179962 47.351128 
167.520874 57.149033 
167.973679 65.814957 
168.393799 74.474518 
168.837189 83.344826 
159.638779 88.976814 
164.273499 90.498001 
169.155655 91.497231 
174.070831 90.052338 
178.443604 88.193573 
137.927200 60.878983 
143.178131 57.492294 
149.762497 57.079475 
155.126892 60.213020 
149.812714 62.305962 
143.458786 62.963543 
180.784103 58.655437 
186.093689 54.358158 
192.681458 54.178329 
197.960129 57.102863 
193.243576 60.068279 
186.941711 60.245258 
155.725342 110.764893 
160.297363 105.281158 
165.186584 102.182426 
169.485992 102.864769 
174.555237 101.856651 
180.185608 104.896179 
185.057083 109.879669 
180.681824 114.690903 
175.752991 117.968506 
170.479309 119.261353 
165.622208 118.454308 
160.754044 115.407906 
158.990250 110.254097 
165.268967 105.977226 
169.832214 105.934570 
175.142685 105.605042 
182.215820 109.535614 
175.549454 110.812706 
170.264435 112.509148 
165.492676 111.466759 
