68 2
148.708740 88.868011 
149.676178 102.164696 
152.170135 115.347603 
155.879730 127.835121 
161.057800 139.744812 
168.114807 150.651749 
177.363373 160.015854 
187.833740 167.551682 
201.398453 169.547287 
214.860275 167.298798 
226.519897 159.851013 
235.865540 149.971893 
242.797363 138.554382 
246.905090 125.800499 
248.895782 112.459229 
250.550262 99.041183 
251.062286 85.738396 
155.815323 76.443832 
161.739868 70.723274 
170.738098 69.427750 
179.826477 70.950912 
187.807297 74.999352 
206.822586 73.762985 
215.319946 69.933334 
224.342346 68.300591 
233.350693 69.178833 
239.843430 74.341141 
197.961563 83.427727 
198.098541 90.764374 
198.320938 98.128571 
198.548279 105.936256 
188.870026 114.301849 
193.665115 115.855415 
198.766449 116.904732 
204.147949 115.722206 
209.033386 114.021713 
165.665955 85.993683 
170.997757 82.250084 
178.002426 81.922058 
184.312134 85.897614 
178.121552 88.212593 
171.149353 88.787735 
211.218048 85.277458 
217.465073 80.984467 
224.349991 81.241844 
229.732559 84.721146 
224.808014 87.500122 
217.968140 87.392548 
182.028000 135.464905 
188.347061 131.140366 
194.114227 128.339569 
198.387238 129.738098 
203.380447 128.254440 
210.821167 131.292404 
217.992950 135.092560 
210.960709 139.238159 
204.056519 140.732513 
198.785370 141.333633 
194.063004 140.985168 
188.464294 139.240280 
184.874802 135.371887 
194.102432 134.205643 
198.602844 134.319687 
203.629745 134.023499 
214.999939 134.943069 
203.869431 133.570969 
198.753250 134.187393 
194.319290 133.866989 
