68 2
147.563690 99.604141 
147.644394 117.794937 
149.105286 136.221786 
152.921417 153.699173 
159.500671 170.160858 
168.775085 185.164169 
179.892151 198.629013 
193.030411 209.487823 
209.663025 213.529037 
226.684006 211.695007 
242.404617 203.336853 
256.051636 191.681061 
266.925568 176.793045 
274.601501 160.281036 
278.811310 143.793045 
281.698730 126.295570 
284.092163 107.620361 
158.780762 90.267418 
167.427536 83.439949 
179.239609 83.315834 
191.211349 86.330544 
202.113998 91.418732 
221.663651 92.191864 
234.615372 89.082840 
247.202362 88.176727 
259.370117 90.460709 
268.113037 97.928108 
210.225906 104.795982 
208.679138 117.373848 
207.129913 130.104080 
205.669342 142.908386 
194.380539 145.488205 
200.172791 149.174622 
207.075302 151.560394 
214.610199 149.602768 
221.720749 147.534775 
171.973938 104.547310 
178.753723 102.914162 
186.252960 103.221848 
193.495193 105.791656 
186.376129 107.570656 
178.751266 107.598213 
230.349442 108.069923 
238.275208 107.066292 
245.757813 108.365486 
252.326477 110.712242 
245.143066 112.359283 
237.698517 111.337982 
187.105148 163.889069 
195.286560 161.223465 
203.008774 161.307312 
208.850067 163.293350 
216.109604 162.110672 
226.378769 163.962280 
235.509216 168.662735 
225.837967 176.223221 
215.469147 179.020035 
208.107864 178.722412 
201.580200 177.718948 
194.404480 173.558411 
191.395691 164.215881 
202.829895 165.649475 
208.892395 167.071976 
216.069763 166.525101 
231.069885 168.106201 
215.708618 171.048035 
208.515045 170.708923 
202.168350 169.565704 
