68 2
122.928139 79.003426 
124.128746 96.996529 
126.555092 114.631714 
130.005096 131.682556 
135.971573 147.619843 
144.394531 162.314499 
154.901260 175.237595 
166.656860 186.215515 
181.782150 188.189377 
197.084503 185.375061 
210.078033 175.173386 
221.584106 162.762039 
230.500809 148.198593 
237.043869 132.758286 
241.040741 115.827583 
243.516815 97.928040 
245.282745 79.468964 
128.963394 75.923378 
136.386383 69.168167 
147.196426 68.483696 
158.082779 69.883095 
168.755264 72.438560 
191.545135 71.177612 
203.653259 68.620880 
215.213318 67.201454 
226.612274 68.290558 
234.497833 75.192169 
179.605164 84.627106 
179.349350 95.991264 
178.800629 107.229668 
178.392303 118.510986 
166.609451 124.547577 
172.524414 126.053238 
178.694778 127.314629 
185.246658 126.436928 
191.587234 125.536514 
142.657028 84.496300 
149.436813 81.250092 
157.606110 81.129601 
163.928284 85.313713 
157.210129 87.236198 
149.203033 87.516785 
196.965210 85.882912 
204.269745 81.229057 
212.401947 81.528343 
219.087097 84.914581 
212.673233 88.275986 
204.635971 88.082016 
161.479507 149.850159 
165.827301 143.988205 
172.520950 141.273773 
178.276245 142.841782 
184.749710 141.923416 
192.998550 145.331665 
199.220871 151.007965 
193.327118 160.792175 
185.506104 165.624725 
178.782730 166.222702 
172.522751 164.906799 
165.778305 159.643997 
164.903183 149.628601 
172.611282 146.279938 
178.470352 147.295303 
184.963318 147.326813 
195.803101 150.864151 
185.441284 155.617020 
178.916931 156.449158 
172.897430 154.968018 
