68 2
134.117752 112.309242 
135.810577 123.688110 
138.323181 134.815765 
140.939758 145.768188 
144.541977 155.887833 
151.099274 164.788834 
159.511551 172.354950 
169.208282 178.675964 
180.479065 180.599915 
191.287567 177.644180 
200.924423 170.686478 
209.348083 163.012222 
215.386658 153.893143 
218.542435 143.294327 
220.280701 132.558563 
221.769714 121.380371 
223.028137 109.763222 
140.977036 102.968193 
147.748276 97.593452 
156.508408 96.143547 
165.573303 97.612183 
173.338242 101.882759 
189.036835 101.448212 
195.997498 97.977432 
203.598709 96.822945 
210.987457 98.481529 
215.960846 103.131813 
181.903519 111.273842 
182.046555 118.716637 
182.180618 125.969765 
182.242462 133.404373 
172.567978 138.251663 
177.003525 139.311340 
181.326233 140.301941 
185.509262 139.797440 
189.400726 139.175644 
153.549622 110.033394 
158.399002 107.432999 
164.200653 107.891701 
168.546555 112.307693 
163.904129 113.222015 
158.129456 112.995544 
192.033386 113.242462 
196.316513 108.664185 
202.084366 108.820114 
206.461182 112.032593 
202.587997 114.258598 
197.123230 114.440865 
165.229492 152.258942 
170.793381 149.186844 
176.053268 147.703934 
179.867538 148.939026 
184.133621 148.265350 
189.265152 150.357941 
193.892792 153.102951 
189.266464 158.991669 
184.105392 161.532486 
179.559998 162.257248 
175.007721 161.357529 
169.774490 158.061874 
167.489883 152.403046 
175.751633 151.374054 
179.871796 151.817978 
184.127579 151.965759 
191.453445 153.452118 
183.912659 155.787918 
179.395401 156.741364 
175.164200 155.870285 
