68 2
118.964981 79.876595 
120.078461 97.825470 
122.794342 115.182549 
126.268341 132.143646 
132.379608 147.536011 
140.836121 161.268524 
151.761673 173.164963 
164.393005 182.706635 
179.498489 185.084229 
194.343384 182.425598 
206.537521 173.154831 
217.451279 162.076828 
226.676865 148.591156 
233.075989 133.768204 
236.963928 117.298775 
239.711945 99.711792 
241.386230 82.177658 
126.058388 70.195038 
133.769516 62.687820 
144.787491 61.747166 
155.686722 63.191921 
166.423630 66.084854 
190.609909 64.728729 
202.272247 61.934788 
213.306702 60.557137 
224.149002 61.105591 
231.600906 67.889351 
178.751129 79.866325 
178.746033 90.374817 
178.445374 100.702728 
178.436600 111.234642 
167.121735 118.861626 
172.614182 120.062187 
178.398407 121.145470 
184.232361 120.390045 
189.624619 119.488403 
139.924072 80.241730 
146.951584 76.541122 
155.692581 76.399467 
162.373627 81.061478 
155.402649 83.376480 
146.917099 83.679001 
194.921051 81.262833 
202.265930 76.266777 
210.755432 76.340607 
217.464676 80.177460 
211.174896 83.964005 
202.822021 83.756233 
161.814423 147.192001 
165.985535 139.174896 
171.928207 134.951889 
177.915833 136.345459 
184.441589 135.126877 
190.979538 139.680939 
195.650406 147.533585 
190.954041 155.493866 
184.651398 159.880310 
177.830002 161.037094 
171.392227 160.066696 
165.787460 155.417160 
165.756012 146.669266 
172.471924 141.751556 
178.330353 141.961945 
184.963684 142.046005 
191.570648 147.102646 
184.502762 148.776291 
177.932373 150.288666 
171.953644 148.867813 
