68 2
115.438042 67.950188 
116.604996 79.702148 
118.417198 91.308548 
120.770889 102.962189 
124.947968 113.482750 
131.311493 122.546455 
139.505127 130.281921 
148.829895 136.603958 
160.653214 138.452698 
172.091492 135.927505 
181.945847 128.900131 
189.936050 120.915527 
195.533066 111.573669 
198.632889 100.968163 
200.320862 89.493088 
201.655212 78.296791 
202.549118 66.916061 
122.155975 56.709091 
126.683228 49.870193 
134.100830 46.406082 
142.218964 47.046310 
149.697205 49.905991 
170.665298 50.300701 
178.255203 47.967243 
185.677567 47.610580 
192.339096 50.705078 
196.439240 56.416672 
160.716492 60.596085 
160.878616 67.204224 
161.026672 73.633118 
161.218201 80.489655 
151.817627 88.559769 
156.317978 89.308128 
160.937744 90.113045 
165.395782 89.356758 
169.663818 88.655037 
131.083450 64.373978 
136.309494 61.424786 
142.390045 61.237934 
147.822693 64.407433 
142.271057 65.702560 
136.363205 65.977356 
172.326599 64.702919 
178.380478 61.762104 
184.131836 61.988754 
188.588409 64.842926 
183.986633 66.359451 
178.331406 65.950104 
143.265320 106.599701 
149.559509 101.773155 
156.382843 99.509811 
160.940292 100.335663 
165.679138 99.431183 
171.950592 101.847832 
177.504395 106.375069 
171.987579 114.135040 
166.115158 117.882637 
160.974915 119.036530 
155.940842 118.544540 
149.073181 115.064072 
146.315369 106.767014 
156.446838 103.640877 
160.912659 103.693359 
165.720795 103.306549 
174.499420 106.536469 
166.009689 111.489975 
160.974869 112.822411 
156.245850 112.062752 
