68 2
171.366669 81.179642 
172.772522 91.431190 
174.924454 101.582352 
177.843155 111.253418 
181.943863 119.976891 
187.664246 127.930420 
194.917648 134.451874 
203.232819 139.025940 
212.852417 140.004715 
222.306854 137.820984 
230.264267 132.269485 
236.788513 125.345619 
241.543839 116.899796 
244.423584 107.764244 
245.916916 97.971329 
247.083069 87.954384 
247.745117 77.859253 
177.737137 67.013451 
182.697189 63.698444 
188.792358 63.031723 
194.879211 64.038445 
200.430466 66.030090 
217.540421 65.149734 
223.607605 63.369820 
229.369064 62.522915 
235.085419 63.365524 
239.630341 66.582603 
209.613342 73.969963 
209.958466 79.263802 
210.360138 84.553719 
210.794678 90.121796 
203.592468 96.902176 
207.095764 97.776581 
210.830841 98.446747 
214.353455 97.664368 
217.606125 96.701126 
185.181229 75.929581 
188.935608 72.980095 
194.074951 72.890160 
198.688934 75.809120 
194.154236 77.325233 
189.168884 77.704193 
219.649963 75.465118 
223.963516 72.316078 
228.888489 72.612183 
232.967392 75.186676 
229.334259 76.999977 
224.404449 76.940872 
198.466110 113.217552 
202.848450 108.569717 
206.943787 106.067268 
210.647766 106.749008 
214.562454 105.983353 
219.237900 108.579132 
223.408325 112.395958 
219.310425 116.234703 
215.022430 117.892807 
211.029236 118.557159 
207.194550 118.186768 
203.023163 116.650841 
200.990524 112.962006 
207.030457 110.030426 
210.801132 109.914917 
214.843048 109.825882 
220.936127 112.270828 
214.844696 112.150574 
210.901917 112.916336 
207.169739 112.557083 
