68 2
172.158112 77.307777 
173.659485 86.630058 
175.599258 95.716827 
178.265549 104.638184 
182.337097 112.718231 
188.096664 119.948471 
195.687500 125.791420 
204.162277 130.388062 
213.714340 131.127014 
222.959167 129.112610 
230.513916 123.840851 
236.849426 117.534760 
241.562668 110.194870 
244.180450 101.655502 
245.362976 92.771858 
246.320038 83.743073 
246.898407 74.807045 
177.857956 61.361065 
182.496796 57.082413 
188.970215 55.813648 
195.572830 56.715511 
201.642502 59.029480 
216.993134 58.144695 
223.425308 56.365311 
229.622589 55.977219 
235.859406 57.217617 
240.538223 61.170166 
210.301117 65.967133 
210.573090 70.854095 
210.961182 75.730766 
211.355087 80.834991 
204.583145 88.123222 
207.794128 88.761024 
211.171768 89.265106 
214.629456 88.729515 
217.849792 88.100822 
185.423828 69.197212 
189.452637 65.859161 
194.899429 65.785103 
199.688004 69.163269 
194.793411 70.470947 
189.602325 70.789139 
219.785599 69.032562 
223.866684 65.531891 
229.060715 65.848785 
233.278427 68.771683 
229.537048 70.495247 
224.543259 70.346016 
198.899338 105.141464 
202.650070 99.575790 
207.121277 96.247086 
210.942322 96.686630 
215.205902 96.290375 
219.944519 99.738884 
223.946640 104.532578 
220.175156 108.642731 
215.950653 110.577316 
211.637680 111.079895 
207.620789 110.696068 
203.142792 108.856689 
201.586395 104.499672 
207.306290 100.086060 
211.050369 99.856735 
215.390030 100.137398 
221.444702 104.140900 
215.686417 105.040466 
211.510956 105.632843 
207.692032 105.202705 
