68 2
100.400787 167.306305 
104.939362 186.918472 
110.490288 206.146240 
115.309853 224.734665 
122.300537 241.781250 
135.790314 254.342392 
155.753052 261.332642 
178.064255 264.291351 
201.790298 263.086487 
224.985046 259.682129 
245.259277 252.347931 
260.563446 241.147766 
269.144470 224.619568 
271.473694 205.277863 
272.178162 185.791977 
273.156708 167.213562 
272.741638 148.887421 
111.814728 124.033409 
119.944893 109.743500 
133.101089 99.584084 
149.500336 96.015358 
165.038528 98.609100 
203.792297 93.169357 
219.728760 88.511108 
235.898056 89.289948 
250.311172 96.797424 
260.018799 108.262787 
189.472061 118.611168 
190.113647 126.805023 
190.860687 134.888870 
191.764465 143.697311 
180.040054 169.540588 
186.778610 169.022263 
193.678162 168.719604 
200.150604 168.351135 
206.783875 168.136047 
131.369095 139.726639 
140.612686 131.616272 
152.603027 129.229019 
165.188354 133.153976 
154.035950 137.255508 
142.391113 139.874832 
212.348846 128.842346 
224.160477 122.716705 
235.939072 123.032021 
245.741318 128.938293 
236.248779 130.877899 
224.538651 130.963287 
159.451370 212.316971 
171.572464 194.656189 
185.891907 185.271255 
196.470474 184.731918 
207.615265 183.440536 
221.917923 190.820374 
234.301407 205.440598 
223.676834 213.222565 
211.222580 217.093094 
200.128281 218.648849 
189.564270 219.265167 
174.111298 217.294708 
166.394379 209.613464 
187.734756 196.644058 
197.297058 195.095520 
208.411804 194.681564 
227.168259 203.809738 
209.880173 204.701904 
198.811829 205.707932 
188.749252 206.820526 
