70 2
154.712143 73.433723 
155.896820 88.425598 
158.558868 103.239143 
162.140686 117.194458 
168.080902 130.173904 
176.406158 142.010574 
186.583801 152.379150 
199.204285 159.623474 
213.817047 159.959961 
227.020813 155.971527 
236.706299 146.261826 
243.622696 134.678986 
249.034607 121.930145 
252.561340 107.682510 
254.071640 94.082146 
254.293594 80.187897 
253.590714 66.484962 
163.303680 60.476501 
169.907166 54.204453 
179.768845 52.056313 
190.002106 53.192165 
199.188004 56.447212 
217.765900 55.371048 
225.920883 49.854111 
235.033859 46.467144 
244.180237 47.053341 
249.957214 52.724197 
209.512650 66.067055 
210.491440 76.960678 
211.495651 87.852356 
212.465759 98.797768 
199.035828 101.697060 
205.314575 104.510529 
212.322754 106.535736 
218.795776 103.299080 
224.005936 99.670807 
175.128464 70.044762 
180.697128 66.574379 
188.084442 66.028450 
194.149368 69.263947 
188.292892 72.076385 
181.119110 72.681641 
221.846802 66.844467 
227.909210 62.182487 
234.836975 61.748421 
240.062424 64.586281 
235.527039 67.996490 
228.869308 68.412796 
191.646194 126.023750 
199.342834 119.882843 
207.224243 117.004990 
212.759033 118.053017 
218.402542 116.110809 
225.363220 117.499107 
231.154480 122.187469 
226.553543 130.035599 
220.172760 134.721268 
213.717438 136.234192 
207.393066 136.046066 
199.273972 132.781982 
194.762604 125.902344 
207.160187 122.395576 
213.022842 122.393135 
218.957260 121.526039 
228.652206 122.697266 
219.553726 126.896812 
213.142090 128.469727 
207.187073 128.010635 
185.600006 71.599998 
230.800003 64.800003 
