70 2
128.775436 120.766762 
131.020004 139.782059 
133.565735 158.234528 
136.369598 176.304459 
142.385086 193.170883 
153.612885 207.635666 
170.079865 218.377014 
187.547668 225.865051 
206.143478 226.907623 
224.055252 223.405945 
238.346573 213.942505 
249.970322 202.175354 
257.110413 187.721069 
260.268433 170.848389 
262.099518 154.501892 
264.923737 137.666183 
266.757355 120.557823 
143.135178 102.466644 
151.441330 92.304535 
163.912582 87.330185 
177.299881 87.053383 
189.247253 91.185303 
218.039871 90.131638 
230.123184 86.295509 
242.435333 87.024307 
253.533234 93.083206 
259.038635 103.608833 
204.620087 107.099236 
204.983505 117.799507 
205.330933 128.379181 
205.628937 139.371170 
190.252991 149.059021 
197.522247 151.108307 
205.150589 152.417374 
212.008499 151.477966 
218.226318 150.138718 
157.829880 113.243439 
165.030060 108.054703 
173.744522 107.782501 
181.813354 112.654312 
173.925568 114.733437 
165.198990 115.335541 
220.689835 112.445778 
228.660080 107.155319 
237.122528 107.797241 
243.772278 112.359619 
237.312927 114.750038 
229.001358 114.464630 
180.773483 178.600296 
189.322815 171.358627 
197.629333 168.343094 
203.865967 169.867249 
210.716248 168.867508 
219.010880 172.892624 
226.608322 179.901901 
219.041550 183.652466 
211.266357 184.903748 
204.445984 185.210587 
197.544678 184.536392 
189.495605 182.523239 
185.701874 177.514191 
197.976364 172.880692 
204.150894 173.720367 
210.933456 173.141724 
222.172928 178.858536 
211.155930 177.600082 
204.386993 178.274963 
197.993179 177.561356 
166.666672 110.500000 
231.333328 108.833336 
