68 2
133.062302 78.140030 
133.725220 91.366890 
135.572723 104.521034 
138.654221 117.341362 
143.038208 129.416443 
149.548431 140.408234 
159.253754 149.478928 
170.707062 156.370621 
184.265335 158.279861 
198.050552 156.633484 
209.567871 150.677429 
219.369461 141.815704 
226.127060 130.977890 
230.541260 119.026405 
233.010223 106.276917 
234.777832 93.415703 
235.704483 80.431999 
141.354752 63.414055 
148.149521 57.784016 
157.102478 56.281902 
166.249664 57.634163 
174.224594 61.538120 
195.690231 61.593609 
204.253143 59.146042 
212.848114 59.057461 
220.977768 61.322128 
226.674957 66.733284 
185.090820 72.345650 
184.961487 79.311035 
184.936829 86.180916 
185.023224 93.433624 
175.096176 102.482613 
179.875076 103.868362 
184.688797 104.983994 
189.629333 104.081284 
194.286880 102.947960 
151.670654 73.977234 
157.492783 70.159393 
164.702271 70.524628 
171.136658 75.183197 
164.461594 76.753975 
157.146667 76.820816 
197.890457 76.255219 
204.530228 72.172760 
211.328369 72.655251 
216.687027 76.507378 
211.545822 78.815514 
204.764145 78.492500 
167.173615 123.860321 
173.850037 118.039078 
179.717606 114.947594 
184.225937 116.408340 
189.529861 115.195747 
196.049866 118.916351 
202.375870 124.040619 
195.728958 128.626877 
189.494034 130.370056 
184.029114 130.802307 
179.139297 130.152359 
173.453674 128.347610 
170.291061 123.585724 
179.572205 119.996880 
184.306320 120.251411 
189.892059 120.179169 
199.581787 123.758179 
189.665878 122.976105 
184.003876 123.391022 
179.367294 122.811615 
