68 2
124.150063 123.408882 
126.607300 148.863129 
131.739655 175.111511 
137.914368 199.075165 
146.937424 221.267273 
159.568481 241.451981 
176.675507 258.091187 
195.767166 269.790405 
218.571838 271.549377 
239.568710 267.222229 
256.627960 253.831085 
271.634583 235.758545 
282.117981 214.935394 
289.118530 192.091629 
293.750946 169.240036 
297.383636 145.638779 
298.979034 121.166939 
132.038651 110.443947 
143.629684 94.811447 
164.222992 91.586815 
184.405075 96.599419 
202.909164 105.033890 
228.540741 106.164986 
246.632141 97.189491 
265.107880 91.137993 
284.201660 93.329643 
295.158661 107.149254 
216.471283 119.002129 
216.962250 135.700256 
217.745102 152.227844 
218.611404 169.631607 
197.781830 182.316025 
207.509033 185.606750 
218.171539 188.191406 
228.559006 184.967102 
237.681808 181.403625 
150.892136 123.492950 
161.484055 116.136749 
175.690506 116.716324 
188.342224 125.972115 
175.614441 128.879913 
161.283875 129.763519 
241.705948 124.718666 
253.912735 114.989151 
267.410278 115.170326 
277.259125 121.454590 
268.535645 126.969078 
254.990204 127.178253 
184.083359 217.991409 
198.965164 212.683853 
210.094940 209.977402 
219.255676 213.643738 
229.839035 210.434647 
241.418884 213.149323 
253.123749 215.676727 
241.707199 225.262024 
230.551453 230.973465 
218.915588 232.380096 
208.680603 231.037872 
197.682877 226.949112 
189.667953 218.217834 
209.763321 217.686310 
219.395401 219.930206 
230.166779 217.515671 
248.181717 216.313416 
230.102325 218.020615 
219.109833 219.889542 
209.313507 218.161377 
