68 2
111.463249 141.168579 
112.044189 153.929108 
114.306465 167.025635 
117.554039 179.690933 
122.195953 190.945618 
129.210358 201.378998 
139.915054 208.363007 
152.304871 212.777100 
166.115326 212.772293 
179.384155 209.486740 
191.659149 203.378677 
202.333359 196.103271 
209.447708 186.348434 
213.884460 175.074081 
216.550354 163.638687 
217.857117 151.398834 
218.496796 138.796097 
119.767685 125.257813 
126.084908 118.052505 
135.458939 114.996857 
145.583405 116.215752 
154.886627 120.005157 
170.264648 119.942413 
179.425644 115.443497 
189.221329 113.557953 
198.681320 115.306030 
205.775101 121.110634 
161.587708 129.762482 
161.389816 134.868271 
161.216766 139.986755 
161.135925 145.695786 
154.455460 158.001816 
158.363068 158.356506 
162.125977 158.643219 
166.118835 158.033203 
169.829208 157.106735 
130.645554 135.880966 
135.832413 131.631516 
142.647293 130.751404 
148.958328 134.124344 
143.181335 136.315521 
136.351776 137.283890 
175.353531 132.682983 
181.350739 128.607712 
188.113220 128.514023 
193.815369 132.151825 
188.604797 134.586288 
181.970276 134.504547 
145.776947 182.200531 
152.316147 174.998962 
159.042999 170.724960 
162.657455 171.587311 
166.634750 170.579529 
174.280823 174.267960 
182.929001 179.555634 
174.728897 184.331329 
167.607224 186.170120 
163.296753 186.739685 
159.091568 186.965973 
152.554153 185.944641 
148.872498 181.426239 
159.245132 176.407852 
163.204208 175.861328 
167.443970 175.849670 
179.558701 179.315903 
167.187241 180.097092 
162.847977 180.471725 
158.924500 180.902420 
