68 2
92.148712 103.072563 
92.087021 116.705444 
93.246613 130.312134 
95.877724 143.708771 
100.837555 156.210983 
107.178795 167.572205 
115.819733 177.165558 
126.427505 184.046814 
139.572098 185.325775 
152.630615 182.611511 
162.823517 175.004333 
170.373108 165.102783 
176.300858 153.319565 
180.323929 140.886963 
182.643951 128.518677 
184.067734 115.930786 
184.725159 103.546288 
97.696304 86.458206 
103.575958 80.102196 
111.977257 77.271744 
121.246620 77.703949 
129.795090 80.384171 
147.327545 80.101707 
155.238892 76.507881 
163.818985 75.100189 
172.048645 76.783234 
177.174210 83.136803 
138.941940 90.495407 
138.951218 99.422836 
139.032501 108.397896 
139.012955 117.521187 
128.490479 123.997055 
133.149918 126.357208 
138.290100 127.847519 
144.368713 126.279839 
149.590469 123.872559 
108.309639 94.750343 
113.933212 91.454132 
120.493935 91.196014 
125.763481 94.860909 
120.139717 96.826813 
113.778900 97.092010 
151.385040 94.618050 
157.869110 90.677040 
164.139053 90.361481 
168.498795 93.578316 
164.320465 96.403519 
158.196457 96.388306 
119.435463 148.559921 
126.715576 144.425049 
133.427612 141.867889 
138.160980 142.643173 
143.435455 141.401184 
149.888916 143.323059 
156.108109 146.810944 
149.917282 149.370850 
143.654190 150.521942 
138.304321 151.136307 
133.084076 151.045929 
126.444733 150.249557 
122.608086 147.674622 
133.310989 145.320969 
138.396667 145.411392 
143.771790 144.907303 
153.060730 146.206833 
143.777863 145.326996 
138.368134 146.302246 
133.143127 146.080734 
