68 2
106.733994 129.851501 
106.946083 147.190323 
109.235336 164.645691 
114.216522 181.745407 
121.439590 198.329895 
129.812958 213.700195 
140.824081 227.743195 
154.027039 238.835724 
170.196716 242.780090 
185.688004 239.711365 
198.610489 229.029678 
208.395340 214.693405 
214.930023 198.696365 
219.749359 182.187119 
223.012680 165.905197 
226.361038 148.870209 
227.764297 131.455856 
117.597466 110.957840 
124.655937 102.778893 
135.312164 100.402374 
146.191238 102.154892 
155.543823 107.608780 
184.562088 108.621918 
195.395645 104.454842 
206.707458 104.132927 
217.193253 108.403366 
222.612198 117.086754 
169.804184 124.093124 
169.417816 136.076324 
168.835144 148.026917 
168.405060 160.224243 
158.013046 167.014725 
163.159012 169.045303 
168.701782 170.421860 
174.096100 169.486954 
179.015762 167.945724 
130.974243 123.599991 
137.645981 118.887749 
146.430084 119.609009 
153.174286 125.621284 
145.594818 127.430489 
137.190384 127.301514 
185.870819 127.171783 
194.041641 122.134415 
202.590240 122.537872 
208.614502 127.712578 
202.343079 130.539200 
194.193314 129.885956 
149.464737 193.592453 
155.396240 188.960312 
162.148254 186.242676 
168.707123 187.709000 
175.729752 186.966217 
182.987244 190.648712 
188.692535 195.210861 
183.415955 203.402954 
176.715118 208.880157 
169.428284 210.354919 
161.998566 208.587982 
155.386673 202.818787 
153.019745 193.748718 
161.680893 191.928345 
168.840179 192.853378 
176.385559 192.476318 
185.573624 194.999084 
176.832474 198.003967 
169.311401 200.023361 
161.855774 197.548218 
