68 2
152.181625 92.912369 
154.827011 107.635933 
158.122528 121.950127 
161.893661 135.606384 
168.446945 147.859802 
177.512619 158.417694 
188.181549 167.677689 
199.602722 175.331955 
212.442932 176.465118 
223.791473 172.533401 
232.838593 162.561386 
240.993164 151.969299 
247.073868 140.611923 
250.266663 127.897247 
252.085373 114.968643 
253.806229 101.703827 
254.481720 88.165131 
161.511505 88.696274 
167.769119 81.288940 
177.916687 78.081177 
188.540054 79.687332 
198.303680 83.578468 
217.914749 82.851799 
226.545792 78.946358 
235.400467 77.139160 
243.885086 79.242996 
249.687439 84.814545 
208.646698 93.388565 
209.499329 102.614601 
210.370270 111.589149 
211.264954 120.914864 
199.743698 127.796471 
205.226517 129.066589 
210.945007 130.164017 
215.862000 128.369507 
220.505997 126.726105 
173.172729 96.288666 
179.569504 93.119179 
187.313446 92.846161 
193.601593 96.818764 
187.017883 98.986740 
179.320221 99.411552 
221.039948 95.788933 
227.797424 91.430237 
235.038925 91.117714 
240.457703 93.900810 
235.520432 97.064224 
228.478577 97.347725 
192.079773 146.059067 
199.662277 142.103836 
206.425125 139.515274 
211.606003 140.428864 
216.642975 138.941620 
222.872177 140.789810 
228.391418 143.161652 
223.555984 151.228683 
217.559723 155.410828 
211.938721 157.001175 
206.269257 156.926376 
199.318039 154.064087 
195.805725 146.001846 
206.521149 143.173172 
211.577789 143.267731 
216.844452 142.499374 
225.360260 143.590347 
216.880203 147.988953 
211.462418 149.647034 
206.201630 149.213730 
