68 2
109.847557 131.218369 
109.892670 145.397263 
111.305672 158.885590 
113.377060 172.177155 
117.024063 185.176422 
123.045494 197.153458 
131.555878 207.408310 
142.534119 215.435059 
155.499115 218.233704 
167.957901 217.258789 
178.974121 210.119354 
187.848801 200.662415 
194.161209 188.939377 
198.877716 176.095398 
202.886124 163.890945 
206.177811 151.559631 
207.839417 139.442703 
122.055527 117.782471 
130.040359 111.366348 
140.225708 109.204590 
150.615540 110.938721 
159.637466 115.255722 
172.394302 116.505890 
181.462158 113.981392 
190.580887 114.159286 
198.922501 117.875214 
203.498474 125.215004 
165.367889 126.742325 
165.002747 135.831543 
164.628616 144.862823 
164.414307 153.905106 
153.512131 161.548035 
157.903259 163.061661 
162.295715 164.658615 
166.259171 164.237152 
169.842438 163.553864 
132.410156 126.818451 
138.339569 123.615898 
144.989410 124.417755 
150.165329 129.423248 
144.232483 129.951126 
137.585739 129.328903 
176.434387 131.767303 
182.637863 127.596153 
188.992828 128.208374 
193.508408 132.083450 
188.848831 133.677170 
182.738983 133.285431 
139.472992 182.530441 
147.163788 177.021545 
155.315323 174.460175 
160.417297 176.191116 
165.938385 175.898483 
172.246872 180.195770 
176.517761 186.635193 
170.655899 193.468185 
163.847488 196.393005 
158.057037 196.424683 
152.382645 195.011826 
145.287949 190.980515 
142.420593 182.673065 
154.797470 180.238831 
159.912354 180.874146 
165.522491 181.537170 
173.782852 186.381073 
164.318344 188.709259 
158.549500 188.981720 
153.423508 187.606018 
