68 2
166.354874 79.155640 
167.823669 88.433212 
169.834946 97.694130 
172.451309 106.839821 
176.385757 115.201416 
181.774506 122.751015 
189.396790 128.790588 
197.838928 133.273560 
207.878738 134.269989 
217.743347 132.645279 
226.263321 127.820435 
233.143829 121.320015 
238.076553 113.462746 
241.024796 104.424545 
242.498810 95.009918 
243.758224 85.606491 
244.298309 76.031525 
172.053955 64.035439 
176.806732 59.285854 
183.910553 58.168133 
190.990051 59.352016 
197.304352 62.150803 
212.166824 61.195541 
218.876068 58.681656 
225.849609 57.863472 
232.892548 59.165020 
237.883087 63.802464 
205.393066 68.542938 
205.601135 73.772011 
205.871674 79.021484 
206.042664 84.603813 
198.764862 91.642868 
202.386505 92.491776 
206.079041 93.089630 
209.838242 92.495712 
213.297897 91.805893 
179.924423 71.642540 
184.064468 68.200966 
189.762390 68.120789 
194.684525 71.623085 
189.655396 73.035126 
184.126770 73.478851 
215.556412 71.155678 
220.093445 67.444511 
225.394470 67.790726 
229.732254 70.898605 
225.899628 72.536636 
220.651108 72.441719 
192.950851 107.912560 
197.307297 103.438629 
201.827637 100.867661 
205.709457 101.759186 
210.012238 100.855225 
215.540100 103.466461 
220.801758 106.916031 
215.729019 110.641983 
210.649338 112.195694 
206.258240 112.598930 
202.108398 112.262459 
197.586075 110.837723 
195.375610 107.407417 
201.946671 104.308128 
205.872162 104.354820 
210.209808 104.241699 
218.332001 106.842682 
210.333878 107.009506 
206.004959 107.494049 
202.056747 107.156792 
