68 2
113.447060 111.533684 
115.563995 132.299042 
118.948906 152.591110 
123.485878 172.256653 
130.531387 190.375824 
139.460327 207.320251 
152.511108 221.994354 
168.213898 233.590714 
188.412506 237.141571 
207.990158 233.535950 
224.544495 222.093567 
238.644043 208.082352 
250.653870 192.304688 
259.487396 174.973450 
265.650970 156.324615 
270.072083 136.347839 
273.480225 115.528999 
119.939545 84.421600 
127.761688 70.422760 
142.506287 65.875488 
158.282623 68.674500 
173.063766 74.879745 
206.058350 76.685524 
221.891724 71.033791 
237.638321 68.061043 
253.633163 71.700325 
263.071259 83.846001 
189.522507 94.627197 
189.073837 105.675667 
188.702286 116.402153 
188.222626 127.977013 
172.239365 142.468002 
179.757797 145.043365 
187.549896 147.305847 
196.686203 145.589661 
205.109467 143.051102 
137.272110 101.873932 
146.447906 96.943581 
157.321716 96.191368 
167.539474 100.216560 
157.717590 103.425858 
147.098389 104.718559 
212.816650 100.771362 
224.137970 97.175682 
234.970322 98.279831 
243.402069 102.785332 
234.554062 105.208458 
223.867233 104.078461 
158.655273 180.323212 
169.774536 173.505798 
180.908920 169.727051 
188.228088 172.019638 
196.761475 170.212433 
208.761505 174.245468 
219.535431 181.147812 
208.670898 194.265564 
196.992950 200.063232 
187.455490 200.978531 
179.098602 199.716248 
168.534698 194.307220 
162.959259 180.845581 
180.374100 177.434586 
188.297440 178.128113 
197.365936 177.455368 
215.327316 181.750916 
197.294037 186.963074 
187.949677 188.010406 
179.762299 186.479034 
