68 2
129.538437 99.220680 
130.602859 117.447983 
132.819489 135.670532 
137.025253 153.060410 
143.443008 170.247284 
153.210388 185.947876 
165.783417 200.187408 
180.046265 211.581451 
196.692261 216.309067 
213.712570 213.501282 
229.900742 203.741943 
243.072266 191.253159 
253.770782 175.089981 
261.628540 158.422180 
266.388519 141.294724 
269.672607 123.612633 
272.003387 104.847778 
142.172913 84.495201 
151.609436 79.540840 
162.953232 79.520355 
174.582642 81.910202 
185.556213 86.183067 
213.237839 86.763969 
224.534668 83.215820 
236.458847 81.655685 
248.032684 83.163177 
256.951874 89.084259 
196.984909 103.191925 
195.718750 116.565063 
194.411728 130.120041 
193.238586 143.481079 
181.947769 144.346817 
187.275314 148.291443 
194.194901 151.085434 
201.790710 148.495560 
208.875793 145.388000 
156.840393 102.345375 
163.932053 100.476273 
171.616638 100.616013 
178.616592 103.137886 
171.367813 105.393517 
163.760757 105.444855 
218.307510 104.708740 
226.087830 103.097481 
233.560486 103.906250 
240.031952 106.026550 
233.221786 108.392807 
225.794693 107.800430 
173.963043 162.825195 
181.828506 161.267761 
188.712326 160.486176 
195.310226 162.011032 
203.739807 161.472214 
212.674042 163.328339 
220.831512 166.565842 
211.848251 176.317352 
202.298904 181.018616 
193.745041 181.448639 
186.220612 179.836151 
179.641525 173.982437 
178.335693 163.971130 
188.200745 163.343079 
195.240250 163.959732 
204.082001 164.104904 
216.062927 167.093735 
203.208298 173.222107 
194.334366 173.973328 
186.914291 171.879242 
