68 2
143.832581 88.706573 
143.076553 104.360664 
143.354568 120.257477 
144.727585 135.794769 
149.419861 149.748413 
157.264099 162.021439 
167.721878 172.501755 
179.930695 180.854431 
193.623398 183.205521 
206.760239 181.167633 
218.477982 173.329132 
229.400085 164.679047 
237.739532 153.808594 
243.233948 141.323227 
246.438690 128.148178 
248.974289 114.022858 
250.770676 99.332359 
151.749634 87.303276 
159.822128 80.241768 
171.797562 79.274841 
183.693863 81.992783 
194.379333 87.196037 
206.942886 87.693779 
218.061920 84.443794 
229.480408 83.625275 
240.190598 86.813568 
246.220398 94.802818 
200.673553 95.439804 
200.018356 106.055237 
199.352112 116.574745 
198.812775 127.468872 
185.901016 130.676285 
191.193054 133.152908 
197.110489 135.217133 
203.141663 134.104248 
208.422424 132.192993 
164.468964 94.483650 
170.685959 91.639374 
177.899963 92.117096 
183.820297 96.721588 
177.343002 97.849709 
169.870865 97.662582 
213.872253 99.172554 
220.679596 95.312660 
227.824768 96.361000 
233.136826 99.891655 
227.600800 102.016632 
220.559830 101.345467 
177.724991 150.697601 
184.735046 147.814499 
191.129852 146.531967 
194.866272 148.428238 
199.641251 147.273621 
205.319855 149.905975 
211.132706 153.321640 
204.669586 159.203308 
198.558289 161.575256 
193.564590 161.800812 
189.202667 160.783081 
183.635223 157.710663 
181.498962 150.593384 
190.836868 149.688171 
194.625702 150.969055 
199.148911 150.462280 
207.337250 152.789536 
199.137756 153.424652 
194.448639 153.812393 
190.557327 152.622040 
