70 2
127.033234 108.419838 
128.749435 122.650185 
131.259659 136.105988 
134.190994 149.391647 
139.224777 161.620987 
146.577087 172.070236 
156.338028 181.213776 
166.944504 188.687469 
178.827484 191.075348 
190.533203 188.198074 
200.858124 180.416733 
210.372269 172.091843 
218.157791 161.808624 
222.993103 150.077393 
225.756409 137.498535 
228.563293 124.439926 
230.869110 110.803276 
134.743713 100.432800 
142.977371 95.306900 
152.902267 94.178993 
162.850052 96.288162 
171.748260 100.503281 
192.146378 100.396278 
200.727951 97.272293 
209.233917 95.826538 
217.845154 97.132141 
224.143890 101.764641 
182.297623 111.575096 
182.087128 120.089249 
181.885529 128.508804 
181.731277 137.134415 
171.153275 143.264893 
176.025024 143.884964 
180.760056 144.526794 
185.332397 144.582687 
189.809341 144.601868 
147.136505 109.887466 
153.599091 107.364990 
160.955963 107.900871 
166.402054 112.788216 
160.273621 114.054596 
152.950089 113.676468 
194.485794 114.230377 
200.360825 109.761482 
207.627029 109.911278 
212.949997 113.163284 
208.094345 116.141464 
201.067535 116.280991 
163.898666 161.908188 
168.722992 156.515808 
174.280090 153.435120 
178.828018 154.927094 
183.820969 153.987320 
189.466263 157.896500 
194.036652 163.087158 
189.295914 170.038269 
183.759583 173.038345 
178.430603 173.731918 
173.327316 172.747711 
168.323074 168.703674 
167.907211 161.328201 
174.340851 159.107407 
178.729233 159.769775 
183.501602 159.856277 
190.272949 162.685791 
183.578552 164.204514 
178.582214 165.225647 
174.087891 163.895432 
159.000000 112.400002 
209.199997 114.000000 
