68 2
145.319260 82.323174 
147.213043 94.309273 
149.704117 105.999153 
152.301910 117.770035 
156.500565 128.508881 
163.992798 137.411423 
173.259094 144.323059 
183.848938 149.527420 
195.754257 150.391251 
207.173950 147.812683 
217.033325 140.925873 
225.421692 133.808975 
231.089600 124.573158 
233.594315 113.922134 
234.984924 102.462234 
236.072693 91.333778 
236.601669 79.634308 
152.063873 70.444473 
156.651260 63.317478 
164.738831 59.883282 
173.387634 60.654854 
181.399063 63.603115 
203.462753 63.322205 
211.203674 60.653915 
218.730774 60.023453 
225.566681 62.794170 
229.943985 68.420792 
193.295364 74.346786 
193.775070 81.412033 
194.235672 88.233292 
194.741470 95.475616 
185.194916 103.889175 
189.817215 104.661705 
194.725723 105.278923 
199.105530 104.196182 
203.330261 103.399933 
162.302536 78.552116 
167.757935 75.615158 
173.928543 75.391777 
179.477859 78.294624 
173.813354 79.555801 
167.774414 79.978729 
205.568344 77.873322 
211.498199 75.016281 
217.431641 75.249359 
222.166687 77.865021 
217.406799 79.355682 
211.522812 79.033478 
175.893021 121.219879 
183.179108 116.958809 
190.305725 114.509453 
195.333954 115.378944 
200.622864 114.200768 
207.047607 116.180634 
213.066101 119.524872 
207.330734 126.433334 
201.258743 129.661682 
195.604446 130.985275 
190.153976 130.654755 
182.861801 128.037247 
178.944153 121.313339 
190.295898 118.520859 
195.363876 118.494453 
200.732208 117.882637 
210.151657 119.781616 
200.989746 123.711533 
195.471054 124.983154 
190.149323 124.613365 
