68 2
118.258270 76.157379 
115.630318 90.531342 
113.882965 105.408775 
114.371338 119.821777 
116.613319 133.852142 
122.705254 146.550613 
134.002518 156.648163 
147.599518 164.691620 
164.025208 168.358093 
181.915680 170.105530 
199.157883 167.731873 
215.566833 163.237457 
229.046555 154.954269 
238.795868 141.232971 
244.581848 125.501762 
248.669540 109.259048 
251.780273 93.133827 
133.688995 40.343967 
139.562134 30.619310 
149.403259 25.015800 
160.916565 23.910374 
171.169006 26.899889 
197.660858 27.995888 
210.255005 27.030842 
222.689163 30.858883 
232.988205 39.175041 
239.007187 50.003323 
179.916565 50.936676 
178.132629 58.245014 
176.072037 65.158173 
173.917694 72.397530 
162.113800 84.125206 
167.436356 86.294418 
172.824585 88.096764 
180.005676 88.224541 
186.865494 87.953308 
142.114655 56.571136 
148.872330 50.613682 
157.787903 50.794453 
165.283768 56.758362 
157.304153 58.249783 
148.961777 58.333313 
200.414215 58.730427 
209.132385 54.214241 
217.972855 56.032013 
223.929230 63.005039 
217.024231 63.643173 
208.619583 61.923260 
148.991562 116.716591 
152.879166 102.580093 
161.526154 96.185951 
169.604065 97.708496 
179.060883 98.712852 
189.062759 107.423370 
196.052582 121.055695 
187.046509 124.893097 
176.698425 125.764809 
167.908661 125.246231 
160.220047 124.104332 
152.965790 120.956070 
154.871857 115.507271 
161.677689 105.755890 
169.310181 105.475204 
179.094772 107.493965 
190.264694 118.651489 
178.249832 116.045113 
168.815857 115.356049 
161.385681 113.938599 
