68 2
137.720352 131.366882 
139.074448 148.219345 
142.231522 164.805878 
146.146317 180.776855 
152.542770 195.589462 
162.659363 208.379333 
175.033508 219.364777 
188.483597 228.772079 
203.945465 230.895187 
217.682098 227.670059 
229.021179 217.816406 
239.539688 206.415298 
247.879395 193.409378 
252.862137 178.578766 
255.755753 162.578308 
258.387848 147.101868 
259.231903 130.964554 
148.128799 116.890289 
155.338348 109.251640 
166.059937 104.938591 
177.340042 105.587006 
187.773087 109.060051 
217.943192 108.955444 
228.308167 105.387604 
238.617538 104.568695 
248.133194 108.249496 
254.355896 115.242592 
203.078110 126.402618 
203.736069 136.999786 
204.466492 147.310257 
205.039719 157.681854 
193.600082 167.003876 
198.921936 168.184402 
204.305725 169.348785 
209.317261 167.901825 
214.306580 166.556961 
159.930191 129.898712 
167.231049 124.492767 
177.563644 124.560585 
186.196121 131.068008 
177.347351 133.622330 
167.311401 133.904114 
218.194000 131.276810 
226.691055 124.766342 
236.197571 124.563751 
242.926544 129.567596 
236.798889 133.568024 
227.400345 133.671524 
178.096542 189.650879 
187.069092 182.846115 
196.914307 179.060547 
204.529114 179.762009 
212.134125 179.414001 
220.408325 183.095154 
227.463745 188.978210 
220.474869 199.794983 
212.067047 205.100693 
204.051208 206.421082 
195.830658 205.374298 
186.167175 200.094818 
182.559433 189.521896 
196.853165 185.162598 
204.479736 184.861038 
212.339890 185.354614 
223.862579 189.083527 
212.127548 195.977905 
203.959442 197.163681 
196.218460 196.227951 
