68 2
145.964539 104.002686 
148.234695 119.981781 
152.313171 135.937500 
157.434708 151.192261 
164.484161 165.104645 
175.745209 176.950333 
189.427429 186.610443 
204.486160 193.464783 
219.957397 194.290726 
233.624481 190.356918 
244.571716 180.643265 
254.137833 169.127914 
261.109924 155.727890 
264.150452 140.834427 
265.544708 125.715576 
266.415497 111.050568 
265.861237 96.644264 
159.215714 90.797325 
166.367203 82.836594 
176.736084 78.098152 
188.299591 78.145958 
199.150604 80.648262 
226.466339 78.344757 
235.909973 74.658035 
245.215088 73.857040 
253.943924 76.936142 
259.845764 82.978386 
213.255661 95.244202 
214.374435 105.039825 
215.610657 114.626556 
216.860443 124.324913 
205.021271 135.358826 
211.024765 135.554031 
216.763580 136.046677 
221.867325 135.025375 
226.882919 134.055237 
171.377182 100.884850 
178.601486 96.111908 
187.603882 95.529228 
195.639633 100.667412 
187.881531 103.028801 
179.011124 103.688766 
228.282532 99.142532 
236.169861 93.163727 
244.506348 92.886719 
250.938614 96.971367 
245.350906 100.276695 
237.049561 100.594460 
190.882568 154.964645 
201.908157 149.141830 
211.590454 145.702225 
217.490311 146.555313 
224.041534 145.128510 
233.289978 147.732208 
241.913116 151.299881 
234.369385 161.137024 
226.080048 165.963867 
218.868073 167.535706 
212.294998 167.117432 
202.250671 163.388336 
195.291824 154.788208 
211.942657 150.904221 
217.544006 150.669861 
224.221695 150.186203 
238.030350 152.105942 
225.193787 158.000427 
218.383972 159.430588 
212.467133 158.913559 
