68 2
126.882416 88.655434 
128.924133 108.344093 
132.830994 127.699409 
137.612640 146.880035 
144.933655 164.693695 
155.950989 180.635513 
169.765045 193.291138 
184.810486 202.549393 
201.624146 204.838821 
218.799377 200.810501 
234.724640 190.288437 
248.680969 176.911896 
258.795990 160.568237 
264.730042 142.252991 
267.988647 123.460541 
270.560730 103.651268 
271.695831 83.110703 
136.481384 76.907829 
146.185257 70.392868 
159.079178 69.952446 
171.537338 72.917168 
183.368347 77.551659 
205.348816 75.424530 
218.872498 70.391571 
231.913712 66.959137 
245.496582 67.036774 
256.422485 72.337074 
195.637711 91.735092 
195.557007 104.784370 
195.401566 117.821381 
195.219238 131.175354 
181.875778 138.286331 
188.915787 141.040344 
196.759384 143.129700 
204.286133 140.429184 
211.317078 137.868088 
153.946396 94.906586 
162.127365 93.330048 
170.701508 93.067123 
178.813217 95.486435 
170.418640 97.425064 
161.906631 97.724167 
214.285370 94.951553 
223.314957 91.869583 
231.858536 91.908394 
240.238342 93.575371 
232.497620 96.743591 
223.740997 96.866966 
171.243164 159.119400 
182.080994 157.138245 
192.087921 155.447006 
198.662216 157.681961 
205.828751 155.660400 
216.915344 156.693314 
228.744522 157.545517 
218.077576 170.175598 
207.638641 175.807800 
199.635895 177.148956 
191.963318 176.352142 
181.739929 171.362976 
175.206436 160.788757 
191.802521 160.424225 
199.020325 161.259460 
206.550720 160.142349 
224.700409 159.195267 
206.886932 166.970001 
198.985214 167.941803 
191.651474 167.280838 
