68 2
113.085602 107.912506 
116.692719 118.771431 
120.160698 129.500427 
124.034576 140.114258 
130.151428 149.052521 
139.196335 156.131531 
149.292664 161.806885 
160.174500 166.148071 
171.848083 166.264496 
182.156570 162.182190 
189.601837 154.286240 
195.149475 145.300049 
199.027771 135.731369 
200.123642 125.447701 
198.766510 114.650230 
197.160339 104.061073 
195.644836 93.567596 
120.805458 97.075218 
126.264496 91.598236 
133.813644 88.907227 
142.253677 88.598480 
150.082291 90.540031 
166.195343 87.917847 
171.943710 83.886177 
178.744278 82.285767 
185.385681 83.371353 
190.279953 87.324127 
160.762833 96.655777 
162.443924 103.461052 
164.163483 110.175972 
165.894318 117.051971 
154.689636 121.758881 
160.261169 122.764145 
166.016602 123.331314 
170.631393 121.185181 
174.772400 119.133881 
132.938324 102.879898 
137.721527 100.252747 
142.739014 99.484917 
147.961487 100.965286 
143.214828 102.029549 
138.134018 102.834633 
169.660019 98.484413 
174.488922 95.650787 
179.400833 95.309624 
183.996170 96.693451 
179.766983 97.898712 
174.936615 98.325493 
147.153946 136.757645 
153.911133 132.191513 
160.725647 129.457901 
166.024033 129.518631 
171.476105 128.129181 
177.492233 128.817368 
182.718552 131.558090 
179.000778 140.235916 
174.005737 144.451660 
168.417664 146.150299 
162.814972 146.159622 
155.111191 143.593704 
150.079483 136.888855 
160.802048 132.528534 
166.212341 132.124161 
171.921814 131.148926 
180.022644 132.183960 
173.297653 138.609177 
167.777634 140.624832 
162.117538 140.667938 
